0 1893 0.000000 0 0 4.143298 17872 1 0 1 1.098666 0.549666
0 1893 0.000000 0 0 4.135237 17884 1 0 1 1.220740 0.671740
0 1893 0.000000 0 0 4.126504 17895 1 0 1 1.342814 0.793814
0 1893 0.000000 0 0 4.119788 17906 1 0 1 1.159703 0.610703
0 1893 0.000000 0 0 4.111726 17917 1 0 1 1.281778 0.732777
0 1893 0.000000 0 0 4.104338 17928 1 0 1 1.220740 0.671740
0 1893 0.000000 0 0 4.104338 17939 1 0 1 0.976592 0.427592
0 1893 0.000000 0 0 4.104338 17951 1 0 1 0.671407 0.122407
0 1893 0.000000 0 0 4.104338 17962 1 0 1 0.671407 0.122407
0 1893 0.000000 0 0 4.104338 17973 1 0 1 0.610370 0.061370
0 1893 0.000000 0 0 4.104338 17984 1 0 1 0.671407 0.122407
0 1893 0.000000 0 0 4.104338 17995 1 0 1 0.671407 0.122407
0 1893 0.000000 0 0 4.104338 18007 1 0 1 0.732444 0.183444
0 1893 0.000000 0 0 4.104338 18018 1 0 1 0.610370 0.061370
0 1893 0.000000 0 0 4.104338 18029 1 0 1 0.610370 0.061370
0 1893 0.000000 0 0 4.104338 18040 1 0 1 0.671407 0.122407
0 1893 0.000000 0 0 4.104338 18051 1 0 1 0.610370 0.061370
0 1893 0.000000 0 0 4.104338 18062 1 0 1 0.671407 0.122407
0 1893 0.000000 0 0 4.104338 18074 1 0 1 0.671407 0.122407
0 1893 0.000000 0 0 4.104338 18085 1 0 1 0.671407 0.122407
0 1893 0.000000 0 0 4.104338 18096 1 0 1 0.610370 0.061370
0 1893 0.000000 0 0 4.104338 18107 1 0 1 0.549333 0.000333
0 1893 0.000000 0 0 4.104338 18118 1 0 1 0.488296 -0.060704
0 1893 0.000000 0 0 4.104338 18130 1 0 1 0.610370 0.061370
0 1893 0.000000 0 0 4.104338 18141 1 0 1 0.610370 0.061370
0 1893 0.000000 0 0 4.104338 18152 1 0 1 0.610370 0.061370
0 1893 0.000000 0 0 4.104338 18163 1 0 1 0.610370 0.061370
0 1893 0.000000 0 0 4.104338 18174 1 0 1 0.610370 0.061370
0 1893 0.000000 0 0 4.104338 18185 1 0 1 0.610370 0.061370
0 1893 0.000000 0 0 4.104338 18197 1 0 1 0.671407 0.122407
0 1893 0.000000 0 0 4.096949 18208 1 0 1 1.220740 0.671740
0 1893 0.000000 0 0 4.096949 18219 1 0 1 0.976592 0.427592
0 1893 0.000000 0 0 4.096949 18230 1 0 1 0.732444 0.183444
0 1893 0.000000 0 0 4.096949 18241 1 0 1 0.671407 0.122407
0 1893 0.000000 0 0 4.096949 18252 1 0 1 0.671407 0.122407
0 1893 0.000000 0 0 4.096949 18264 1 0 1 0.671407 0.122407
0 1893 0.000000 0 0 4.096949 18275 1 0 1 0.732444 0.183444
0 1893 0.000000 0 0 4.096949 18286 1 0 1 0.854518 0.305518
0 1893 0.000000 0 0 4.096949 18297 1 0 1 0.793481 0.244481
0 1893 0.000000 0 0 4.096949 18308 1 0 1 0.732444 0.183444
0 1893 0.000000 0 0 4.096949 18319 1 0 1 0.732444 0.183444
0 1893 0.000000 0 0 4.096949 18331 1 0 1 0.793481 0.244481
0 1893 0.000000 0 0 4.096949 18342 1 0 1 0.793481 0.244481
0 1893 0.000000 0 0 4.096949 18353 1 0 1 0.671407 0.122407
0 1893 0.000000 0 0 4.096949 18364 1 0 1 0.549333 0.000333
0 1893 0.000000 0 0 4.096949 18375 1 0 1 0.488296 -0.060704
0 1893 0.000000 0 0 4.096949 18387 1 0 1 0.549333 0.000333
0 1893 0.000000 0 0 4.096949 18398 0 0 1 0.549333 0.000333
0 1893 0.000000 0 0 4.096949 18409 1 0 1 0.549333 0.000333
0 1893 0.000000 0 0 4.096949 18420 1 0 1 0.549333 0.000333
0 1893 0.000000 0 0 4.096949 18431 1 0 1 0.549333 0.000333
0 1893 0.000000 0 0 4.096949 18442 1 0 1 0.549333 0.000333
0 1893 0.000000 0 0 4.096949 18454 1 0 1 0.549333 0.000333
0 1893 0.000000 0 0 4.096949 18465 1 0 1 0.488296 -0.060704
0 1893 0.000000 0 0 4.096949 18476 1 0 1 0.427259 -0.121741
0 1893 0.000000 0 0 4.096949 18487 1 0 1 0.427259 -0.121741
0 1893 0.000000 0 0 4.096949 18499 1 0 1 0.366222 -0.182778
0 1893 0.000000 0 0 4.096949 18510 1 0 1 0.366222 -0.182778
0 1893 0.000000 0 0 4.096949 18521 1 0 1 0.244148 -0.304852
0 1893 0.000000 0 0 4.096949 18532 1 0 1 0.061037 -0.487963
0 1893 0.000000 0 0 4.096949 18544 1 0 1 0.000000 -0.549000
0 1893 0.000000 0 0 4.096949 18555 1 0 1 0.061037 -0.487963
0 1893 0.000000 0 0 4.096949 18566 1 0 1 0.183111 -0.365889
0 1893 0.000000 0 0 4.096949 18577 1 0 1 0.427259 -0.121741
0 1893 0.000000 0 0 4.096949 18589 1 0 1 0.488296 -0.060704
0 1893 0.000000 0 0 4.096949 18600 1 0 1 0.427259 -0.121741
0 1893 0.000000 0 0 4.096949 18611 1 0 1 0.305185 -0.243815
0 1893 0.000000 0 0 4.104331 18622 1 0 1 -0.122074 -0.671074
0 1893 0.000000 0 0 4.104331 18634 1 0 1 0.061037 -0.487963
0 1893 0.000000 0 0 4.104331 18645 1 0 1 0.305185 -0.243815
0 1893 0.000000 0 0 4.104331 18656 1 0 1 0.488296 -0.060704
0 1893 0.000000 0 0 4.104331 18668 1 0 1 0.549333 0.000333
0 1893 0.000000 0 0 4.104331 18679 1 0 1 0.671407 0.122407
0 1893 0.000000 0 0 4.104331 18690 1 0 1 0.793481 0.244481
0 1893 0.000000 0 0 4.104331 18701 1 0 1 0.793481 0.244481
0 1893 0.000000 0 0 4.104331 18712 1 0 1 0.915555 0.366555
0 1893 0.000000 0 0 4.095536 18724 1 0 1 1.281778 0.732777
0 1893 0.000000 0 0 4.084118 18735 1 0 1 1.586963 1.037963
0 1893 0.000000 0 0 4.084118 18746 1 0 1 1.037629 0.488629
0 1893 0.000000 0 0 4.084118 18757 1 0 1 0.671407 0.122407
0 1893 0.000000 0 0 4.084118 18768 1 0 1 0.488296 -0.060704
0 1893 0.000000 0 0 4.084118 18779 1 0 1 0.244148 -0.304852
0 1893 0.000000 0 0 4.084118 18791 1 0 1 0.122074 -0.426926
0 1893 0.000000 0 0 4.084118 18802 1 0 1 0.061037 -0.487963
0 1893 0.000000 0 0 4.084118 18813 1 0 1 0.244148 -0.304852
0 1893 0.000000 0 0 4.084118 18824 1 0 1 0.427259 -0.121741
0 1893 0.000000 0 0 4.084118 18836 1 0 1 0.549333 0.000333
0 1893 0.000000 0 0 4.084118 18847 1 0 1 0.549333 0.000333
0 1893 0.000000 0 0 4.084118 18858 1 0 1 0.488296 -0.060704
0 1893 0.000000 0 0 4.084118 18869 1 0 1 0.549333 0.000333
0 1893 0.000000 0 0 4.084118 18881 1 0 1 0.549333 0.000333
0 1893 0.000000 0 0 4.084118 18892 1 0 1 0.549333 0.000333
0 1893 0.000000 0 0 4.084118 18903 1 0 1 0.610370 0.061370
0 1893 0.000000 0 0 4.084118 18914 1 0 1 0.610370 0.061370
0 1893 0.000000 0 0 4.084118 18925 1 0 1 0.610370 0.061370
0 1893 0.000000 0 0 4.084118 18936 1 0 1 0.610370 0.061370
0 1893 0.000000 0 0 4.084118 18947 1 0 1 0.549333 0.000333
0 1893 0.000000 0 0 4.084118 18959 1 0 1 0.549333 0.000333
0 1893 0.000000 0 0 4.084118 18970 1 0 1 0.610370 0.061370
0 1893 0.000000 0 0 4.084118 18981 1 0 1 0.610370 0.061370
0 1893 0.000000 0 0 4.084118 18992 1 0 1 0.732444 0.183444
0 1893 0.000000 0 0 4.084118 19003 1 0 1 0.793481 0.244481
0 1893 0.000000 0 0 4.084118 19015 1 0 1 0.793481 0.244481
0 1893 0.000000 0 0 4.084118 19026 1 0 1 0.854518 0.305518
0 1893 0.000000 0 0 4.074043 19037 1 0 1 1.464888 0.915888
0 1893 0.000000 0 0 4.056583 19048 1 0 1 2.136296 1.587296
0 1893 0.000000 0 0 4.041137 19059 1 0 1 1.953185 1.404185
0 1893 0.000000 0 0 4.030391 19070 1 0 1 1.525926 0.976926
0 1893 0.000000 0 0 4.023062 19082 1 0 1 1.159703 0.610703
0 1893 0.000000 0 0 4.015673 19093 1 0 1 1.220740 0.671740
0 1893 0.000000 0 0 4.008955 19104 1 0 1 1.159703 0.610703
0 1893 0.000000 0 0 3.998880 19115 1 0 1 1.464888 0.915888
0 1893 0.000000 0 0 3.979406 19126 1 0 1 2.319407 1.770407
0 1893 0.000000 0 0 3.947846 19137 1 0 1 3.418073 2.869073
0 1893 0.000000 0 0 3.904627 19149 1 0 1 4.150517 3.601517
0 1893 0.000000 0 0 3.865010 19160 1 0 1 4.150517 3.601517
0 1893 3.601517 0 1 3.828079 19171 1 0 1 3.906369 3.357369
0 1893 3.601517 0 1 3.768319 19182 1 0 1 5.981628 5.432628
0 1893 3.601517 0 1 3.677675 19193 1 0 1 8.789330 8.240331
0 1893 8.240331 0 2 3.597833 19205 1 0 1 7.202369 6.653369
0 1893 8.240331 0 2 3.538745 19216 1 0 1 5.920591 5.371591
0 1893 8.240331 0 2 3.483014 19227 1 0 1 5.615406 5.066406
0 1893 8.240331 0 2 3.435340 19238 1 0 1 4.882962 4.333962
0 1893 8.240331 0 2 3.393038 19249 1 0 1 4.394665 3.845665
0 1893 8.240331 0 2 3.350064 19260 1 0 1 4.455703 3.906703
0 1893 3.906703 1 3 3.307577 19272 1 0 1 4.089480 3.540481
0 1893 3.906703 1 3 3.274674 19283 1 0 1 3.540147 2.991147
0 1893 3.906703 1 3 3.247814 19294 1 0 1 2.990814 2.441814
0 1893 3.906703 1 3 3.224982 19305 1 0 1 2.624592 2.075592
0 1893 3.906703 1 3 3.202822 19316 1 0 1 2.563555 2.014555
0 1893 3.906703 1 3 3.181577 19328 1 0 1 2.319407 1.770407
0 1893 3.906703 1 3 3.165459 19339 1 0 1 2.014222 1.465222
0 1893 3.906703 1 3 3.150685 19350 1 0 1 1.892148 1.343148
0 1893 3.906703 1 3 3.131881 19361 1 0 1 2.258370 1.709370
0 1893 3.906703 1 3 3.112406 19372 1 0 1 2.319407 1.770407
0 1893 1.770407 2 4 3.091894 19384 1 0 1 2.258370 1.709370
0 1893 1.770407 2 4 3.069733 19395 1 0 1 2.563555 2.014555
0 1893 1.770407 2 4 3.034144 19406 1 0 1 3.784295 3.235295
0 1893 1.770407 2 4 2.997213 19417 1 0 1 3.906369 3.357369
0 1893 3.357369 2 5 2.962967 19428 1 0 1 3.662221 3.113221
0 1893 3.357369 2 5 2.930735 19439 1 0 1 3.479110 2.930110
0 1893 3.357369 2 5 2.901433 19451 1 0 1 2.990814 2.441814
0 1893 3.357369 2 5 2.875916 19462 1 0 1 2.868740 2.319740
0 1893 3.357369 2 5 2.851070 19473 1 0 1 2.807703 2.258703
0 1893 3.357369 2 5 2.833610 19484 1 0 1 2.136296 1.587296
0 1893 3.357369 2 5 2.822863 19495 1 0 1 1.525926 0.976926
0 1893 3.357369 2 5 2.814802 19507 1 0 1 1.220740 0.671740
0 1893 3.357369 2 5 2.814802 19518 1 0 1 1.098666 0.549666
0 1893 3.357369 2 5 2.806741 19529 1 0 1 1.281778 0.732777
0 1893 0.732777 3 6 2.799353 19540 1 0 1 1.220740 0.671740
0 1893 0.732777 3 6 2.788606 19551 1 0 1 1.525926 0.976926
0 1893 0.732777 3 6 2.771756 19563 1 0 1 1.953185 1.404185
0 1893 0.732777 3 6 2.753624 19574 1 0 1 2.197333 1.648333
0 1893 0.732777 3 6 2.735492 19585 1 0 1 2.197333 1.648333
0 1893 1.648333 3 7 2.719375 19596 1 0 1 2.014222 1.465222
0 1893 1.648333 3 7 2.702586 19607 1 0 1 2.075259 1.526259
0 1893 1.648333 3 7 2.675054 19618 1 0 1 3.051851 2.502851
0 1893 2.502851 3 8 2.656739 19630 1 0 1 2.075259 1.526259
0 1893 2.502851 3 8 2.637936 19641 1 0 1 2.258370 1.709370
0 1893 2.502851 3 8 2.609733 19652 1 0 1 3.112888 2.563888
0 1893 2.502851 3 8 2.575487 19663 1 0 1 3.662221 3.113221
0 1893 2.502851 3 8 2.534527 19674 1 0 1 4.272592 3.723591
0 1893 2.502851 3 8 2.472997 19686 1 0 1 5.676443 5.127443
0 1893 2.502851 3 8 2.376310 19697 1 0 1 9.338664 8.789664
0 1893 2.502851 3 8 2.248067 19708 1 0 1 12.207404 11.658404
0 1893 11.658404 3 9 2.123180 19719 1 0 1 11.902220 11.353219
0 1893 11.658404 3 9 2.009646 19731 1 0 1 10.010072 9.461072
0 1893 11.658404 3 9 1.949215 19742 1 0 1 6.042665 5.493665
0 1893 11.658404 3 9 1.897513 19753 1 0 1 5.249184 4.700184
0 1893 11.658404 3 9 1.854294 19765 1 0 1 4.150517 3.601517
0 1893 11.658404 3 9 1.826763 19776 1 0 1 3.051851 2.502851
0 1893 11.658404 3 9 1.795203 19787 1 0 1 3.418073 2.869073
0 1893 2.869073 4 10 1.762238 19799 1 0 1 3.295999 2.746999
0 1893 2.869073 4 10 1.736049 19810 1 0 1 2.929777 2.380777
0 1893 2.869073 4 10 1.717246 19821 1 0 1 2.258370 1.709370
0 1893 2.869073 4 10 1.709185 19832 1 0 1 1.281778 0.732777
0 1893 2.869073 4 10 1.709185 19844 1 0 1 0.976592 0.427592
0 1893 2.869073 4 10 1.709185 19855 1 0 1 0.793481 0.244481
0 1893 2.869073 4 10 1.709185 19866 1 0 1 1.037629 0.488629
0 1893 2.869073 4 10 1.695753 19877 1 0 1 1.770074 1.221074
0 1893 2.869073 4 10 1.670846 19889 1 0 1 2.624592 2.075592
0 1893 2.869073 4 10 1.648014 19900 1 0 1 2.624592 2.075592
0 1893 2.075592 5 11 1.629882 19911 1 0 1 2.197333 1.648333
0 1893 2.075592 5 11 1.611567 19923 1 0 1 2.075259 1.526259
0 1893 2.075592 5 11 1.600150 19934 1 0 1 1.586963 1.037963
0 1893 2.075592 5 11 1.588732 19945 1 0 1 1.586963 1.037963
0 1893 2.075592 5 11 1.575300 19956 1 0 1 1.770074 1.221074
0 1893 2.075592 5 11 1.558449 19968 1 0 1 1.953185 1.404185
0 1893 2.075592 5 11 1.536960 19979 1 0 1 2.502518 1.953518
0 1893 2.075592 5 11 1.506072 19990 1 0 1 3.357036 2.808036
0 1893 2.075592 5 11 1.465050 20002 1 0 1 3.967407 3.418406
0 1893 2.075592 5 11 1.393206 20013 1 0 1 7.080294 6.531294
0 1893 2.075592 5 11 1.294504 20024 1 0 1 9.521775 8.972775
0 1893 8.972775 5 12 1.203860 20035 1 0 1 8.789330 8.240331
0 1893 8.972775 5 12 1.151852 20047 1 0 1 4.882962 4.333962
0 1893 8.972775 5 12 1.123649 20058 1 0 1 3.112888 2.563888
0 1893 8.972775 5 12 1.110216 20069 1 0 1 1.770074 1.221074
0 1893 8.972775 5 12 1.101423 20081 1 0 1 1.281778 0.732777
0 1893 8.972775 5 12 1.085305 20092 1 0 1 2.014222 1.465222
0 1893 8.972775 5 12 1.057774 20103 1 0 1 3.051851 2.502851
0 1893 8.972775 5 12 1.030242 20114 1 0 1 3.051851 2.502851
0 1893 2.502851 6 13 1.007532 20126 1 0 1 2.441481 1.892481
0 1893 2.502851 6 13 0.990743 20137 1 0 1 2.075259 1.526259
0 1893 2.502851 6 13 0.980668 20148 1 0 1 1.464888 0.915888
0 1893 2.502851 6 13 0.980668 20160 1 0 1 0.976592 0.427592
0 1893 2.502851 6 13 0.980668 20171 1 0 1 0.732444 0.183444
0 1893 2.502851 6 13 0.980668 20182 1 0 1 0.671407 0.122407
0 1893 2.502851 6 13 0.980668 20193 1 0 1 0.671407 0.122407
0 1893 2.502851 6 13 0.980668 20205 1 0 1 0.732444 0.183444
20219 1893 0.183444 7 14 0.980668 20216 1 0 1 0.671407 0.122407
20219 1893 0.183444 7 14 0.980668 20228 1 0 1 0.549333 0.000333
20219 1893 0.183444 7 14 0.980668 20239 1 0 1 0.610370 0.061370
20219 1893 0.183444 7 14 0.980668 20251 1 0 1 0.610370 0.061370
20219 1893 0.183444 7 14 0.980668 20262 1 0 1 0.854518 0.305518
20219 1893 0.183444 7 14 0.966015 20274 1 0 1 1.770074 1.221074
20219 1893 0.183444 7 14 0.946235 20286 1 0 1 2.197333 1.648333
20219 1893 1.648333 7 15 0.930789 20297 1 0 1 1.953185 1.404185
20219 1893 1.648333 7 15 0.921996 20309 1 0 1 1.281778 0.732777
20219 1893 1.648333 7 15 0.921996 20321 1 0 1 0.915555 0.366555
20219 1893 1.648333 7 15 0.921996 20332 1 0 1 0.671407 0.122407
20219 1893 1.648333 7 15 0.921996 20344 1 0 1 0.610370 0.061370
20219 1893 1.648333 7 15 0.921996 20356 1 0 1 0.549333 0.000333
20219 1893 1.648333 7 15 0.921996 20367 1 0 1 0.549333 0.000333
20219 1893 1.648333 7 15 0.921996 20379 1 0 1 0.671407 0.122407
20219 1893 1.648333 7 15 0.921996 20391 1 0 1 0.610370 0.061370
20219 1893 1.648333 7 15 0.896478 20402 1 0 1 2.868740 2.319740
20219 1893 2.319740 7 16 0.870838 20414 1 0 1 2.685629 2.136629
20219 1893 2.319740 7 16 0.857650 20426 1 0 1 1.648000 1.099000
20219 1893 2.319740 7 16 0.844218 20437 1 0 1 1.770074 1.221074
20219 1893 1.221074 8 17 0.833960 20449 1 0 1 1.403852 0.854851
20219 1893 1.221074 8 17 0.825167 20461 1 0 1 1.281778 0.732777
20219 1893 1.221074 8 17 0.825167 20472 1 0 1 1.098666 0.549666
20219 1893 1.221074 8 17 0.825167 20484 1 0 1 0.854518 0.305518
20219 1893 1.221074 8 17 0.825167 20496 1 0 1 0.854518 0.305518
20219 1893 1.221074 8 17 0.825167 20507 1 0 1 1.037629 0.488629
20219 1893 1.221074 8 17 0.814176 20519 1 0 1 1.464888 0.915888
20219 1893 1.221074 8 17 0.798790 20531 1 0 1 1.831111 1.282111
20219 1893 1.221074 8 17 0.768573 20542 1 0 1 3.295999 2.746999
20219 1893 1.221074 8 17 0.721571 20552 1 0 1 5.249184 4.700184
20219 1893 1.221074 8 17 0.684213 20561 1 0 1 4.699851 4.150851
20219 1893 1.221074 8 17 0.653690 20571 1 0 1 3.601184 3.052184
20219 1893 1.221074 8 17 0.636658 20580 1 0 1 2.441481 1.892481
20219 1893 1.221074 8 17 0.624569 20589 1 0 1 1.892148 1.343148
20219 1893 1.221074 8 17 0.609917 20599 1 0 1 2.014222 1.465222
20219 1893 1.221074 8 17 0.595082 20608 1 0 1 2.197333 1.648333
20219 1893 1.221074 8 17 0.575547 20618 1 0 1 2.502518 1.953518
20219 1893 1.221074 8 17 0.539837 20627 1 0 1 4.516739 3.967739
20219 1893 1.221074 8 17 0.502479 20636 1 0 1 4.699851 4.150851
20219 1893 1.221074 8 17 0.453035 20646 1 0 1 5.493332 4.944332
20219 1893 1.221074 8 17 0.400845 20655 1 0 1 6.347850 5.798850
20219 1893 1.221074 8 17 0.348349 20665 1 0 1 5.798517 5.249517
20219 1893 1.221074 8 17 0.323076 20674 1 0 1 3.357036 2.808036
20219 1893 1.221074 8 17 0.300001 20683 1 0 1 3.112888 2.563888
20219 1893 1.221074 8 17 0.282907 20693 1 0 1 2.258370 1.709370
20219 1893 1.221074 8 17 0.268621 20702 1 0 1 2.136296 1.587296
20219 1893 1.221074 8 17 0.258730 20711 1 0 1 1.648000 1.099000
20219 1893 1.221074 8 17 0.244688 20721 1 0 1 1.953185 1.404185
20219 1893 1.221074 8 17 0.234248 20730 1 0 1 1.709037 1.160037
20219 1893 1.221074 8 17 0.226310 20740 1 0 1 1.342814 0.793814
20219 1893 1.221074 8 17 0.226310 20749 1 0 1 0.854518 0.305518
20219 1893 1.221074 8 17 0.226310 20758 1 0 1 0.549333 0.000333
20219 1893 1.221074 8 17 0.226310 20768 1 0 1 0.427259 -0.121741
20219 1893 1.221074 8 17 0.226310 20777 1 0 1 0.488296 -0.060704
20219 1893 1.221074 8 17 0.226310 20787 1 0 1 0.549333 0.000333
20219 1893 1.221074 8 17 0.226310 20796 1 0 1 0.549333 0.000333
20219 1893 1.221074 8 17 0.226310 20805 1 0 1 0.610370 0.061370
20219 1893 1.221074 8 17 0.226310 20815 1 0 1 0.732444 0.183444
20219 1893 1.221074 8 17 0.226310 20824 1 0 1 0.915555 0.366555
20219 1893 1.221074 8 17 0.214709 20834 1 0 1 1.709037 1.160037
20219 1893 1.221074 8 17 0.203719 20843 1 0 1 1.770074 1.221074
20219 1893 1.221074 8 17 0.195476 20852 1 0 1 1.464888 0.915888
20219 1893 1.221074 8 17 0.195476 20862 1 0 1 0.976592 0.427592
20219 1893 1.221074 8 17 0.195476 20871 1 0 1 0.793481 0.244481
20219 1893 1.221074 8 17 0.195476 20881 1 0 1 0.610370 0.061370
20219 1893 1.221074 8 17 0.195476 20890 1 0 1 0.671407 0.122407
20219 1893 1.221074 8 17 0.195476 20899 1 0 1 0.671407 0.122407
20219 1893 1.221074 8 17 0.195476 20909 1 0 1 0.854518 0.305518
20219 1893 1.221074 8 17 0.195476 20918 1 0 1 0.854518 0.305518
20219 1893 1.221074 8 17 0.195476 20927 1 0 1 0.732444 0.183444
20219 1893 1.221074 8 17 0.195476 20937 1 0 1 0.732444 0.183444
20219 1893 1.221074 8 17 0.195476 20946 1 0 1 0.732444 0.183444
20219 1893 1.221074 8 17 0.195476 20956 1 0 1 0.915555 0.366555
20219 1893 1.221074 8 17 0.195476 20965 1 0 1 0.793481 0.244481
20219 1893 1.221074 8 17 0.195476 20974 1 0 1 0.732444 0.183444
20219 1893 1.221074 8 17 0.195476 20984 1 0 1 0.671407 0.122407
20219 1893 1.221074 8 17 0.195476 20993 1 0 1 0.610370 0.061370
20219 1893 1.221074 8 17 0.195476 21003 1 0 1 0.671407 0.122407
20219 1893 1.221074 8 17 0.195476 21012 1 0 1 0.610370 0.061370
20219 1893 1.221074 8 17 0.195476 21021 1 0 1 0.549333 0.000333
20219 1893 1.221074 8 17 0.195476 21031 1 0 1 0.549333 0.000333
20219 1893 1.221074 8 17 0.195476 21040 1 0 1 0.488296 -0.060704
20219 1893 1.221074 8 17 0.195476 21050 1 0 1 0.549333 0.000333
20219 1893 1.221074 8 17 0.195476 21059 1 0 1 0.549333 0.000333
20219 1893 1.221074 8 17 0.195476 21068 1 0 1 0.488296 -0.060704
20219 1893 1.221074 8 17 0.195476 21078 1 0 1 0.610370 0.061370
20219 1893 1.221074 8 17 0.195476 21087 1 0 1 0.671407 0.122407
20219 1893 1.221074 8 17 0.195476 21097 1 0 1 0.732444 0.183444
20219 1893 1.221074 8 17 0.195476 21106 1 0 1 0.610370 0.061370
20219 1893 1.221074 8 17 0.195476 21115 1 0 1 0.610370 0.061370
20219 1893 1.221074 8 17 0.195476 21125 1 0 1 0.610370 0.061370
20219 1893 1.221074 8 17 0.195476 21134 1 0 1 0.549333 0.000333
20219 1893 1.221074 8 17 0.195476 21144 1 0 1 0.610370 0.061370
20219 1893 1.221074 8 17 0.195476 21153 1 0 1 0.610370 0.061370
20219 1893 1.221074 8 17 0.195476 21162 1 0 1 0.671407 0.122407
20219 1893 1.221074 8 17 0.195476 21172 1 0 1 0.610370 0.061370
20219 1893 1.221074 8 17 0.195476 21181 1 0 1 0.488296 -0.060704
20219 1893 1.221074 8 17 0.195476 21191 1 0 1 0.671407 0.122407
20219 1893 1.221074 8 17 0.195476 21200 1 0 1 0.610370 0.061370
20219 1893 1.221074 8 17 0.195476 21209 1 0 1 0.610370 0.061370
20219 1893 1.221074 8 17 0.195476 21219 1 0 1 0.549333 0.000333
20219 1893 1.221074 8 17 0.195476 21228 1 0 1 0.549333 0.000333
20219 1893 1.221074 8 17 0.195476 21238 1 0 1 0.549333 0.000333
20219 1893 1.221074 8 17 0.195476 21247 1 0 1 0.671407 0.122407
20219 1893 1.221074 8 17 0.195476 21256 1 0 1 0.610370 0.061370
20219 1893 1.221074 8 17 0.195476 21266 1 0 1 0.671407 0.122407
20219 1893 1.221074 8 17 0.195476 21275 1 0 1 0.732444 0.183444
20219 1893 1.221074 8 17 0.195476 21285 1 0 1 0.671407 0.122407
20219 1893 1.221074 8 17 0.195476 21294 1 0 1 0.610370 0.061370
20219 1893 1.221074 8 17 0.195476 21303 1 0 1 0.488296 -0.060704
20219 1893 1.221074 8 17 0.195476 21313 1 0 1 0.610370 0.061370
20219 1893 1.221074 8 17 0.195476 21322 1 0 1 0.610370 0.061370
20219 1893 1.221074 8 17 0.195476 21332 1 0 1 0.549333 0.000333
20219 1893 1.221074 8 17 0.195476 21341 1 0 1 0.549333 0.000333
20219 1893 1.221074 8 17 0.195476 21350 1 0 1 0.549333 0.000333
20219 1893 1.221074 8 17 0.195476 21360 1 0 1 0.549333 0.000333
20219 1893 1.221074 8 17 0.195476 21369 1 0 1 0.549333 0.000333
20219 1893 1.221074 8 17 0.195476 21378 1 0 1 0.610370 0.061370
20219 1893 1.221074 8 17 0.195476 21388 1 0 1 0.610370 0.061370
20219 1893 1.221074 8 17 0.195476 21397 1 0 1 0.610370 0.061370
20219 1893 1.221074 8 17 0.195476 21407 1 0 1 0.549333 0.000333
20219 1893 1.221074 8 17 0.195476 21416 1 0 1 0.549333 0.000333
20219 1893 1.221074 8 17 0.195476 21425 1 0 1 0.549333 0.000333
20219 1893 1.221074 8 17 0.195476 21435 1 0 1 0.610370 0.061370
20219 1893 1.221074 8 17 0.195476 21444 1 0 1 0.549333 0.000333
20219 1893 1.221074 8 17 0.195476 21454 1 0 1 0.549333 0.000333
20219 1893 1.221074 8 17 0.195476 21463 1 0 1 0.610370 0.061370
20219 1893 1.221074 8 17 0.195476 21472 1 0 1 0.610370 0.061370
20219 1893 1.221074 8 17 0.195476 21482 1 0 1 0.549333 0.000333
20219 1893 1.221074 8 17 0.195476 21491 1 0 1 0.549333 0.000333
20219 1893 1.221074 8 17 0.195476 21500 1 0 1 0.549333 0.000333
20219 1893 1.221074 8 17 0.195476 21510 1 0 1 0.610370 0.061370
20219 1893 1.221074 8 17 0.195476 21519 1 0 1 0.610370 0.061370
20219 1893 1.221074 8 17 0.195476 21529 1 0 1 0.549333 0.000333
20219 1893 1.221074 8 17 0.195476 21538 1 0 1 0.549333 0.000333
20219 1893 1.221074 8 17 0.195476 21547 1 0 1 0.549333 0.000333
20219 1893 1.221074 8 17 0.195476 21557 1 0 1 0.549333 0.000333
20219 1893 1.221074 8 17 0.195476 21566 1 0 1 0.610370 0.061370
20219 1893 1.221074 8 17 0.195476 21576 1 0 1 0.610370 0.061370
20219 1893 1.221074 8 17 0.195476 21585 1 0 1 0.610370 0.061370
20219 1893 1.221074 8 17 0.195476 21594 1 0 1 0.610370 0.061370
20219 1893 1.221074 8 17 0.195476 21604 1 0 1 0.610370 0.061370
20219 1893 1.221074 8 17 0.195476 21613 1 0 1 0.549333 0.000333
20219 1893 1.221074 8 17 0.195476 21623 1 0 1 0.610370 0.061370
20219 1893 1.221074 8 17 0.195476 21632 1 0 1 0.610370 0.061370
20219 1893 1.221074 8 17 0.195476 21641 1 0 1 0.549333 0.000333
20219 1893 1.221074 8 17 0.195476 21651 1 0 1 0.549333 0.000333
20219 1893 1.221074 8 17 0.195476 21660 1 0 1 0.549333 0.000333
20219 1893 1.221074 8 17 0.195476 21670 1 0 1 0.549333 0.000333
20219 1893 1.221074 8 17 0.195476 21679 1 0 1 0.549333 0.000333
20219 1893 1.221074 8 17 0.195476 21688 1 0 1 0.549333 0.000333
20219 1893 1.221074 8 17 0.195476 21698 1 0 1 0.549333 0.000333
20219 1893 1.221074 8 17 0.195476 21707 1 0 1 0.610370 0.061370
20219 1893 1.221074 8 17 0.195476 21716 1 0 1 0.549333 0.000333
20219 1893 1.221074 8 17 0.195476 21726 1 0 1 0.549333 0.000333
20219 1893 1.221074 8 17 0.195476 21735 1 0 1 0.549333 0.000333
20219 1893 1.221074 8 17 0.195476 21745 1 0 1 0.549333 0.000333
20219 1893 1.221074 8 17 0.195476 21754 1 0 1 0.549333 0.000333
20219 1893 1.221074 8 17 0.195476 21763 1 0 1 0.549333 0.000333
20219 1893 1.221074 8 17 0.195476 21773 1 0 1 0.549333 0.000333
20219 1893 1.221074 8 17 0.195476 21782 1 0 1 0.549333 0.000333
20219 1893 1.221074 8 17 0.195476 21792 1 0 1 0.549333 0.000333
20219 1893 1.221074 8 17 0.195476 21801 1 0 1 0.610370 0.061370
20219 1893 1.221074 8 17 0.195476 21810 1 0 1 0.610370 0.061370
20219 1893 1.221074 8 17 0.195476 21820 1 0 1 0.549333 0.000333
20219 1893 1.221074 8 17 0.195476 21829 1 0 1 0.549333 0.000333
20219 1893 1.221074 8 17 0.195476 21839 0 0 1 0.610370 0.061370
20219 1893 1.221074 8 17 0.195476 21848 1 0 1 0.610370 0.061370
20219 1893 1.221074 8 17 0.195476 21857 1 0 1 0.610370 0.061370
20219 1893 1.221074 8 17 0.195476 21867 1 0 1 0.549333 0.000333
20219 1893 1.221074 8 17 0.195476 21876 1 0 1 0.610370 0.061370
20219 1893 1.221074 8 17 0.195476 21886 1 0 1 0.549333 0.000333
20219 1893 1.221074 8 17 0.195476 21895 1 0 1 0.549333 0.000333
20219 1893 1.221074 8 17 0.195476 21904 1 0 1 0.549333 0.000333
20219 1893 1.221074 8 17 0.195476 21914 1 0 1 0.549333 0.000333
20219 1893 1.221074 8 17 0.195476 21923 1 0 1 0.549333 0.000333
20219 1893 1.221074 8 17 0.195476 21933 1 0 1 0.549333 0.000333
20219 1893 1.221074 8 17 0.195476 21942 1 0 1 0.549333 0.000333
20219 1893 1.221074 8 17 0.195476 21951 1 0 1 0.610370 0.061370
20219 1893 1.221074 8 17 0.195476 21961 1 0 1 0.610370 0.061370
20219 1893 1.221074 8 17 0.195476 21970 1 0 1 0.549333 0.000333
20219 1893 1.221074 8 17 0.195476 21980 1 0 1 0.610370 0.061370
20219 1893 1.221074 8 17 0.195476 21989 1 0 1 0.610370 0.061370
20219 1893 1.221074 8 17 0.195476 21998 1 0 1 0.610370 0.061370
20219 1893 1.221074 8 17 0.195476 22008 1 0 1 0.549333 0.000333
20219 1893 1.221074 8 17 0.195476 22017 1 0 1 0.610370 0.061370
20219 1893 1.221074 8 17 0.195476 22027 1 0 1 0.549333 0.000333
20219 1893 1.221074 8 17 0.195476 22036 1 0 1 0.549333 0.000333
20219 1893 1.221074 8 17 0.195476 22045 1 0 1 0.549333 0.000333
20219 1893 1.221074 8 17 0.195476 22055 1 0 1 0.549333 0.000333
20219 1893 1.221074 8 17 0.195476 22064 1 0 1 0.549333 0.000333
20219 1893 1.221074 8 17 0.195476 22074 1 0 1 0.549333 0.000333
20219 1893 1.221074 8 17 0.195476 22083 1 0 1 0.549333 0.000333
20219 1893 1.221074 8 17 0.195476 22092 1 0 1 0.610370 0.061370
20219 1893 1.221074 8 17 0.195476 22102 1 0 1 0.549333 0.000333
20219 1893 1.221074 8 17 0.195476 22111 1 0 1 0.549333 0.000333
20219 1893 1.221074 8 17 0.195476 22120 1 0 1 0.610370 0.061370
20219 1893 1.221074 8 17 0.195476 22130 1 0 1 0.610370 0.061370
20219 1893 1.221074 8 17 0.195476 22139 1 0 1 0.549333 0.000333
20219 1893 1.221074 8 17 0.195476 22149 1 0 1 0.610370 0.061370
20219 1893 1.221074 8 17 0.195476 22158 1 0 1 0.549333 0.000333
20219 1893 1.221074 8 17 0.195476 22167 1 0 1 0.549333 0.000333
20219 1893 1.221074 8 17 0.195476 22177 1 0 1 0.549333 0.000333
20219 1893 1.221074 8 17 0.195476 22186 1 0 1 0.549333 0.000333
20219 1893 1.221074 8 17 0.195476 22196 1 0 1 0.549333 0.000333
20219 1893 1.221074 8 17 0.195476 22205 1 0 1 0.549333 0.000333
20219 1893 1.221074 8 17 0.195476 22214 1 0 1 0.549333 0.000333
20219 1893 1.221074 8 17 0.195476 22224 1 0 1 0.549333 0.000333
20219 1893 1.221074 8 17 0.195476 22233 1 0 1 0.549333 0.000333
20219 1893 1.221074 8 17 0.195476 22243 1 0 1 0.610370 0.061370
20219 1893 1.221074 8 17 0.195476 22252 1 0 1 0.549333 0.000333
20219 1893 1.221074 8 17 0.195476 22261 1 0 1 0.549333 0.000333
20219 1893 1.221074 8 17 0.195476 22271 1 0 1 0.549333 0.000333
20219 1893 1.221074 8 17 0.195476 22280 1 0 1 0.610370 0.061370
20219 1893 1.221074 8 17 0.195476 22290 1 0 1 0.610370 0.061370
20219 1893 1.221074 8 17 0.195476 22299 1 0 1 0.610370 0.061370
20219 1893 1.221074 8 17 0.195476 22308 0 0 1 0.549333 0.000333
20219 1893 1.221074 8 17 0.195476 22318 1 0 1 0.549333 0.000333
20219 1893 1.221074 8 17 0.195476 22327 1 0 1 0.610370 0.061370
20219 1893 1.221074 8 17 0.195476 22337 1 0 1 0.610370 0.061370
20219 1893 1.221074 8 17 0.195476 22346 1 0 1 0.610370 0.061370
20219 1893 1.221074 8 17 0.195476 22355 1 0 1 0.549333 0.000333
20219 1893 1.221074 8 17 0.195476 22365 1 0 1 0.549333 0.000333
20219 1893 1.221074 8 17 0.195476 22374 1 0 1 0.610370 0.061370
20219 1893 1.221074 8 17 0.195476 22384 1 0 1 0.610370 0.061370
20219 1893 1.221074 8 17 0.195476 22393 1 0 1 0.549333 0.000333
20219 1893 1.221074 8 17 0.195476 22402 1 0 1 0.549333 0.000333
20219 1893 1.221074 8 17 0.195476 22412 1 0 1 0.610370 0.061370
20219 1893 1.221074 8 17 0.195476 22421 1 0 1 0.610370 0.061370
20219 1893 1.221074 8 17 0.195476 22431 1 0 1 0.610370 0.061370
20219 1893 1.221074 8 17 0.195476 22440 1 0 1 0.549333 0.000333
20219 1893 1.221074 8 17 0.195476 22449 1 0 1 0.549333 0.000333
20219 1893 1.221074 8 17 0.195476 22459 1 0 1 0.549333 0.000333
20219 1893 1.221074 8 17 0.195476 22468 1 0 1 0.549333 0.000333
20219 1893 1.221074 8 17 0.195476 22478 1 0 1 0.610370 0.061370
20219 1893 1.221074 8 17 0.195476 22487 1 0 1 0.549333 0.000333
20219 1893 1.221074 8 17 0.195476 22496 1 0 1 0.549333 0.000333
20219 1893 1.221074 8 17 0.195476 22506 1 0 1 0.549333 0.000333
20219 1893 1.221074 8 17 0.195476 22515 1 0 1 0.549333 0.000333
20219 1893 1.221074 8 17 0.195476 22525 1 0 1 0.610370 0.061370
20219 1893 1.221074 8 17 0.195476 22534 1 0 1 0.549333 0.000333
20219 1893 1.221074 8 17 0.195476 22543 1 0 1 0.549333 0.000333
20219 1893 1.221074 8 17 0.195476 22553 1 0 1 0.549333 0.000333
20219 1893 1.221074 8 17 0.195476 22562 1 0 1 0.549333 0.000333
20219 1893 1.221074 8 17 0.195476 22572 1 0 1 0.549333 0.000333
20219 1893 1.221074 8 17 0.195476 22581 1 0 1 0.549333 0.000333
20219 1893 1.221074 8 17 0.195476 22590 1 0 1 0.610370 0.061370
20219 1893 1.221074 8 17 0.195476 22600 1 0 1 0.610370 0.061370
20219 1893 1.221074 8 17 0.195476 22609 1 0 1 0.610370 0.061370
20219 1893 1.221074 8 17 0.195476 22619 1 0 1 0.610370 0.061370
20219 1893 1.221074 8 17 0.195476 22628 1 0 1 0.549333 0.000333
20219 1893 1.221074 8 17 0.195476 22637 1 0 1 0.549333 0.000333
20219 1893 1.221074 8 17 0.195476 22647 1 0 1 0.610370 0.061370
20219 1893 1.221074 8 17 0.195476 22656 1 0 1 0.549333 0.000333
20219 1893 1.221074 8 17 0.195476 22666 1 0 1 0.549333 0.000333
20219 1893 1.221074 8 17 0.195476 22675 1 0 1 0.549333 0.000333
20219 1893 1.221074 8 17 0.195476 22684 1 0 1 0.549333 0.000333
20219 1893 1.221074 8 17 0.195476 22694 1 0 1 0.549333 0.000333
20219 1893 1.221074 8 17 0.195476 22703 1 0 1 0.549333 0.000333
20219 1893 1.221074 8 17 0.195476 22713 1 0 1 0.488296 -0.060704
20219 1893 1.221074 8 17 0.195476 22722 1 0 1 0.549333 0.000333
20219 1893 1.221074 8 17 0.195476 22731 1 0 1 0.549333 0.000333
20219 1893 1.221074 8 17 0.195476 22741 1 0 1 0.549333 0.000333
20219 1893 1.221074 8 17 0.195476 22750 1 0 1 0.610370 0.061370
20219 1893 1.221074 8 17 0.195476 22760 1 0 1 0.549333 0.000333
20219 1893 1.221074 8 17 0.195476 22769 1 0 1 0.549333 0.000333
20219 1893 1.221074 8 17 0.195476 22778 0 0 1 0.549333 0.000333
20219 1893 1.221074 8 17 0.195476 22788 1 0 1 0.610370 0.061370
20219 1893 1.221074 8 17 0.195476 22797 1 0 1 0.610370 0.061370
20219 1893 1.221074 8 17 0.195476 22807 1 0 1 0.610370 0.061370
20219 1893 1.221074 8 17 0.195476 22816 1 0 1 0.610370 0.061370
20219 1893 1.221074 8 17 0.195476 22825 1 0 1 0.610370 0.061370
20219 1893 1.221074 8 17 0.195476 22835 1 0 1 0.549333 0.000333
20219 1893 1.221074 8 17 0.195476 22844 1 0 1 0.549333 0.000333
20219 1893 1.221074 8 17 0.195476 22854 1 0 1 0.549333 0.000333
20219 1893 1.221074 8 17 0.195476 22863 1 0 1 0.549333 0.000333
20219 1893 1.221074 8 17 0.195476 22872 1 0 1 0.610370 0.061370
20219 1893 1.221074 8 17 0.195476 22882 1 0 1 0.549333 0.000333
20219 1893 1.221074 8 17 0.195476 22891 1 0 1 0.610370 0.061370
20219 1893 1.221074 8 17 0.195476 22900 1 0 1 0.610370 0.061370
20219 1893 1.221074 8 17 0.195476 22910 1 0 1 0.610370 0.061370
20219 1893 1.221074 8 17 0.195476 22919 1 0 1 0.610370 0.061370
20219 1893 1.221074 8 17 0.195476 22929 1 0 1 0.549333 0.000333
20219 1893 1.221074 8 17 0.195476 22938 1 0 1 0.549333 0.000333
20219 1893 1.221074 8 17 0.195476 22947 1 0 1 0.549333 0.000333
20219 1893 1.221074 8 17 0.195476 22957 1 0 1 0.549333 0.000333
20219 1893 1.221074 8 17 0.195476 22966 1 0 1 0.610370 0.061370
20219 1893 1.221074 8 17 0.195476 22976 1 0 1 0.610370 0.061370
20219 1893 1.221074 8 17 0.195476 22985 1 0 1 0.610370 0.061370
20219 1893 1.221074 8 17 0.195476 22994 1 0 1 0.610370 0.061370
20219 1893 1.221074 8 17 0.195476 23004 1 0 1 0.610370 0.061370
20219 1893 1.221074 8 17 0.195476 23013 1 0 1 0.549333 0.000333
20219 1893 1.221074 8 17 0.195476 23023 1 0 1 0.549333 0.000333
20219 1893 1.221074 8 17 0.195476 23032 1 0 1 0.549333 0.000333
20219 1893 1.221074 8 17 0.195476 23041 1 0 1 0.488296 -0.060704
20219 1893 1.221074 8 17 0.195476 23051 1 0 1 0.549333 0.000333
20219 1893 1.221074 8 17 0.195476 23060 1 0 1 0.610370 0.061370
20219 1893 1.221074 8 17 0.195476 23070 1 0 1 0.549333 0.000333
20219 1893 1.221074 8 17 0.195476 23079 1 0 1 0.488296 -0.060704
20219 1893 1.221074 8 17 0.195476 23088 1 0 1 0.549333 0.000333
20219 1893 1.221074 8 17 0.195476 23098 1 0 1 0.549333 0.000333
20219 1893 1.221074 8 17 0.195476 23107 1 0 1 0.610370 0.061370
20219 1893 1.221074 8 17 0.195476 23117 1 0 1 0.610370 0.061370
20219 1893 1.221074 8 17 0.195476 23126 1 0 1 0.549333 0.000333
20219 1893 1.221074 8 17 0.195476 23135 1 0 1 0.549333 0.000333
20219 1893 1.221074 8 17 0.195476 23145 1 0 1 0.488296 -0.060704
20219 1893 1.221074 8 17 0.195476 23154 1 0 1 0.488296 -0.060704
20219 1893 1.221074 8 17 0.195476 23164 1 0 1 0.549333 0.000333
20219 1893 1.221074 8 17 0.195476 23173 1 0 1 0.549333 0.000333
20219 1893 1.221074 8 17 0.195476 23183 1 0 1 0.549333 0.000333
20219 1893 1.221074 8 17 0.195476 23192 1 0 1 0.549333 0.000333
20219 1893 1.221074 8 17 0.195476 23201 1 0 1 0.549333 0.000333
20219 1893 1.221074 8 17 0.195476 23211 1 0 1 0.549333 0.000333
20219 1893 1.221074 8 17 0.195476 23220 1 0 1 0.549333 0.000333
20219 1893 1.221074 8 17 0.195476 23229 1 0 1 0.610370 0.061370
20219 1893 1.221074 8 17 0.195476 23239 1 0 1 0.610370 0.061370
20219 1893 1.221074 8 17 0.195476 23248 0 0 1 0.610370 0.061370
20219 1893 1.221074 8 17 0.195476 23258 1 0 1 0.610370 0.061370
20219 1893 1.221074 8 17 0.195476 23267 1 0 1 0.610370 0.061370
20219 1893 1.221074 8 17 0.195476 23277 1 0 1 0.549333 0.000333
20219 1893 1.221074 8 17 0.195476 23286 1 0 1 0.549333 0.000333
20219 1893 1.221074 8 17 0.195476 23295 1 0 1 0.610370 0.061370
20219 1893 1.221074 8 17 0.195476 23305 1 0 1 0.549333 0.000333
20219 1893 1.221074 8 17 0.195476 23314 1 0 1 0.549333 0.000333
20219 1893 1.221074 8 17 0.195476 23323 1 0 1 0.549333 0.000333
20219 1893 1.221074 8 17 0.195476 23333 1 0 1 0.610370 0.061370
20219 1893 1.221074 8 17 0.195476 23342 1 0 1 0.610370 0.061370
20219 1893 1.221074 8 17 0.195476 23352 1 0 1 0.610370 0.061370
20219 1893 1.221074 8 17 0.195476 23361 1 0 1 0.610370 0.061370
20219 1893 1.221074 8 17 0.195476 23370 1 0 1 0.610370 0.061370
20219 1893 1.221074 8 17 0.195476 23380 1 0 1 0.610370 0.061370
20219 1893 1.221074 8 17 0.195476 23389 1 0 1 0.549333 0.000333
20219 1893 1.221074 8 17 0.195476 23399 1 0 1 0.549333 0.000333
20219 1893 1.221074 8 17 0.195476 23408 1 0 1 0.549333 0.000333
20219 1893 1.221074 8 17 0.195476 23417 1 0 1 0.549333 0.000333
20219 1893 1.221074 8 17 0.195476 23427 1 0 1 0.549333 0.000333
20219 1893 1.221074 8 17 0.195476 23436 1 0 1 0.549333 0.000333
20219 1893 1.221074 8 17 0.195476 23446 1 0 1 0.549333 0.000333