8211 2033 0.000000 0 0 4.283084 12972 1 0 1 0.488296 -0.060704
8211 2033 0.000000 0 0 4.283084 12983 1 0 1 0.549333 0.000333
8211 2033 0.000000 0 0 4.283084 12994 1 0 1 0.488296 -0.060704
8211 2033 0.000000 0 0 4.283084 13006 1 0 1 0.549333 0.000333
8211 2033 0.000000 0 0 4.283084 13017 1 0 1 0.610370 0.061370
8211 2033 0.000000 0 0 4.283084 13029 1 0 1 0.610370 0.061370
8211 2033 0.000000 0 0 4.283084 13040 1 0 1 0.610370 0.061370
8211 2033 0.000000 0 0 4.283084 13052 1 0 1 0.610370 0.061370
8211 2033 0.000000 0 0 4.283084 13063 1 0 1 0.549333 0.000333
8211 2033 0.000000 0 0 4.283084 13075 1 0 1 0.549333 0.000333
8211 2033 0.000000 0 0 4.283084 13086 1 0 1 0.549333 0.000333
8211 2033 0.000000 0 0 4.283084 13097 1 0 1 0.549333 0.000333
8211 2033 0.000000 0 0 4.283084 13109 1 0 1 0.549333 0.000333
8211 2033 0.000000 0 0 4.283084 13120 1 0 1 0.549333 0.000333
8211 2033 0.000000 0 0 4.283084 13132 1 0 1 0.549333 0.000333
8211 2033 0.000000 0 0 4.283084 13143 1 0 1 0.549333 0.000333
8211 2033 0.000000 0 0 4.283084 13155 1 0 1 0.549333 0.000333
8211 2033 0.000000 0 0 4.283084 13166 1 0 1 0.488296 -0.060704
8211 2033 0.000000 0 0 4.283084 13178 1 0 1 0.549333 0.000333
8211 2033 0.000000 0 0 4.283084 13189 1 0 1 0.488296 -0.060704
8211 2033 0.000000 0 0 4.283084 13201 1 0 1 0.488296 -0.060704
8211 2033 0.000000 0 0 4.283084 13212 1 0 1 0.549333 0.000333
8211 2033 0.000000 0 0 4.283084 13224 1 0 1 0.610370 0.061370
8211 2033 0.000000 0 0 4.283084 13235 1 0 1 0.549333 0.000333
8211 2033 0.000000 0 0 4.283084 13246 1 0 1 0.549333 0.000333
8211 2033 0.000000 0 0 4.283084 13258 1 0 1 0.488296 -0.060704
8211 2033 0.000000 0 0 4.283084 13269 1 0 1 0.549333 0.000333
8211 2033 0.000000 0 0 4.283084 13281 1 0 1 0.549333 0.000333
8211 2033 0.000000 0 0 4.283084 13292 1 0 1 0.549333 0.000333
8211 2033 0.000000 0 0 4.283084 13304 1 0 1 0.549333 0.000333
8211 2033 0.000000 0 0 4.283084 13315 0 0 1 0.610370 0.061370
8211 2033 0.000000 0 0 4.283084 13327 1 0 1 0.549333 0.000333
8211 2033 0.000000 0 0 4.283084 13338 1 0 1 0.549333 0.000333
8211 2033 0.000000 0 0 4.283084 13350 1 0 1 0.610370 0.061370
8211 2033 0.000000 0 0 4.283084 13361 1 0 1 0.549333 0.000333
8211 2033 0.000000 0 0 4.283084 13373 1 0 1 0.488296 -0.060704
8211 2033 0.000000 0 0 4.283084 13384 1 0 1 0.488296 -0.060704
8211 2033 0.000000 0 0 4.283084 13396 1 0 1 0.549333 0.000333
8211 2033 0.000000 0 0 4.283084 13407 1 0 1 0.549333 0.000333
8211 2033 0.000000 0 0 4.283084 13418 1 0 1 0.549333 0.000333
8211 2033 0.000000 0 0 4.283084 13430 1 0 1 0.610370 0.061370
8211 2033 0.000000 0 0 4.283084 13441 1 0 1 0.549333 0.000333
8211 2033 0.000000 0 0 4.283084 13453 1 0 1 0.488296 -0.060704
8211 2033 0.000000 0 0 4.283084 13464 1 0 1 0.488296 -0.060704
8211 2033 0.000000 0 0 4.283084 13476 1 0 1 0.549333 0.000333
8211 2033 0.000000 0 0 4.283084 13487 1 0 1 0.549333 0.000333
8211 2033 0.000000 0 0 4.283084 13499 1 0 1 0.549333 0.000333
8211 2033 0.000000 0 0 4.283084 13510 1 0 1 0.610370 0.061370
8211 2033 0.000000 0 0 4.283084 13522 1 0 1 0.610370 0.061370
8211 2033 0.000000 0 0 4.283084 13533 1 0 1 0.549333 0.000333
8211 2033 0.000000 0 0 4.283084 13544 1 0 1 0.549333 0.000333
8211 2033 0.000000 0 0 4.283084 13556 1 0 1 0.549333 0.000333
8211 2033 0.000000 0 0 4.283084 13567 1 0 1 0.549333 0.000333
8211 2033 0.000000 0 0 4.283084 13579 1 0 1 0.549333 0.000333
8211 2033 0.000000 0 0 4.283084 13590 1 0 1 0.610370 0.061370
8211 2033 0.000000 0 0 4.283084 13602 1 0 1 0.671407 0.122407
8211 2033 0.000000 0 0 4.283084 13613 1 0 1 0.671407 0.122407
8211 2033 0.000000 0 0 4.283084 13624 1 0 1 0.549333 0.000333
8211 2033 0.000000 0 0 4.283084 13636 1 0 1 0.549333 0.000333
8211 2033 0.000000 0 0 4.283084 13647 1 0 1 0.488296 -0.060704
8211 2033 0.000000 0 0 4.283084 13659 1 0 1 0.488296 -0.060704
8211 2033 0.000000 0 0 4.283084 13670 1 0 1 0.488296 -0.060704
8211 2033 0.000000 0 0 4.283084 13682 1 0 1 0.488296 -0.060704
8211 2033 0.000000 0 0 4.283084 13693 1 0 1 0.549333 0.000333
8211 2033 0.000000 0 0 4.283084 13705 1 0 1 0.549333 0.000333
8211 2033 0.000000 0 0 4.283084 13716 1 0 1 0.549333 0.000333
8211 2033 0.000000 0 0 4.283084 13728 1 0 1 0.488296 -0.060704
8211 2033 0.000000 0 0 4.283084 13739 1 0 1 0.488296 -0.060704
8211 2033 0.000000 0 0 4.283084 13751 1 0 1 0.488296 -0.060704
8211 2033 0.000000 0 0 4.283084 13762 1 0 1 0.549333 0.000333
8211 2033 0.000000 0 0 4.283084 13774 1 0 1 0.610370 0.061370
8211 2033 0.000000 0 0 4.283084 13785 1 0 1 0.610370 0.061370
8211 2033 0.000000 0 0 4.283084 13797 1 0 1 0.610370 0.061370
8211 2033 0.000000 0 0 4.283084 13808 1 0 1 0.549333 0.000333
8211 2033 0.000000 0 0 4.283084 13820 1 0 1 0.488296 -0.060704
8211 2033 0.000000 0 0 4.283084 13831 1 0 1 0.549333 0.000333
8211 2033 0.000000 0 0 4.283084 13842 1 0 1 0.549333 0.000333
8211 2033 0.000000 0 0 4.283084 13854 1 0 1 0.549333 0.000333
8211 2033 0.000000 0 0 4.283084 13865 1 0 1 0.610370 0.061370
8211 2033 0.000000 0 0 4.283084 13877 1 0 1 0.610370 0.061370
8211 2033 0.000000 0 0 4.283084 13888 0 0 1 0.610370 0.061370
8211 2033 0.000000 0 0 4.283084 13900 1 0 1 0.488296 -0.060704
8211 2033 0.000000 0 0 4.283084 13911 1 0 1 0.549333 0.000333
8211 2033 0.000000 0 0 4.283084 13923 1 0 1 0.549333 0.000333
8211 2033 0.000000 0 0 4.283084 13934 1 0 1 0.610370 0.061370
8211 2033 0.000000 0 0 4.283084 13946 1 0 1 0.549333 0.000333
8211 2033 0.000000 0 0 4.283084 13957 1 0 1 0.610370 0.061370
8211 2033 0.000000 0 0 4.283084 13968 1 0 1 0.671407 0.122407
8211 2033 0.000000 0 0 4.283084 13980 1 0 1 0.549333 0.000333
8211 2033 0.000000 0 0 4.283084 13991 1 0 1 0.549333 0.000333
8211 2033 0.000000 0 0 4.283084 14003 1 0 1 0.488296 -0.060704
8211 2033 0.000000 0 0 4.283084 14014 1 0 1 0.488296 -0.060704
8211 2033 0.000000 0 0 4.283084 14026 1 0 1 0.549333 0.000333
8211 2033 0.000000 0 0 4.283084 14037 1 0 1 0.610370 0.061370
8211 2033 0.000000 0 0 4.283084 14049 1 0 1 0.610370 0.061370
8211 2033 0.000000 0 0 4.283084 14060 1 0 1 0.671407 0.122407
8211 2033 0.000000 0 0 4.283084 14072 1 0 1 0.610370 0.061370
8211 2033 0.000000 0 0 4.283084 14083 1 0 1 0.549333 0.000333
8211 2033 0.000000 0 0 4.283084 14094 1 0 1 0.488296 -0.060704
8211 2033 0.000000 0 0 4.283084 14106 1 0 1 0.488296 -0.060704
8211 2033 0.000000 0 0 4.283084 14117 1 0 1 0.549333 0.000333
8211 2033 0.000000 0 0 4.283084 14129 1 0 1 0.549333 0.000333
8211 2033 0.000000 0 0 4.283084 14140 1 0 1 0.549333 0.000333
8211 2033 0.000000 0 0 4.283084 14152 1 0 1 0.610370 0.061370
8211 2033 0.000000 0 0 4.283084 14163 1 0 1 0.610370 0.061370
8211 2033 0.000000 0 0 4.283084 14175 1 0 1 0.610370 0.061370
8211 2033 0.000000 0 0 4.283084 14186 1 0 1 0.549333 0.000333
8211 2033 0.000000 0 0 4.283084 14198 1 0 1 0.488296 -0.060704
8211 2033 0.000000 0 0 4.283084 14209 1 0 1 0.549333 0.000333
8211 2033 0.000000 0 0 4.283084 14220 1 0 1 0.549333 0.000333
8211 2033 0.000000 0 0 4.283084 14232 1 0 1 0.610370 0.061370
8211 2033 0.000000 0 0 4.283084 14243 1 0 1 0.549333 0.000333
8211 2033 0.000000 0 0 4.283084 14255 1 0 1 0.549333 0.000333
8211 2033 0.000000 0 0 4.283084 14266 1 0 1 0.549333 0.000333
8211 2033 0.000000 0 0 4.283084 14278 1 0 1 0.549333 0.000333
8211 2033 0.000000 0 0 4.283084 14289 1 0 1 0.549333 0.000333
8211 2033 0.000000 0 0 4.283084 14301 1 0 1 0.549333 0.000333
8211 2033 0.000000 0 0 4.283084 14312 1 0 1 0.610370 0.061370
8211 2033 0.000000 0 0 4.283084 14323 1 0 1 0.610370 0.061370
8211 2033 0.000000 0 0 4.283084 14335 1 0 1 0.610370 0.061370
8211 2033 0.000000 0 0 4.283084 14346 1 0 1 0.610370 0.061370
8211 2033 0.000000 0 0 4.283084 14358 1 0 1 0.610370 0.061370
8211 2033 0.000000 0 0 4.283084 14369 1 0 1 0.610370 0.061370
8211 2033 0.000000 0 0 4.283084 14381 1 0 1 0.549333 0.000333
8211 2033 0.000000 0 0 4.283084 14392 1 0 1 0.610370 0.061370
8211 2033 0.000000 0 0 4.283084 14403 1 0 1 0.549333 0.000333
8211 2033 0.000000 0 0 4.283084 14415 1 0 1 0.549333 0.000333
8211 2033 0.000000 0 0 4.283084 14426 1 0 1 0.610370 0.061370
8211 2033 0.000000 0 0 4.283084 14438 1 0 1 0.610370 0.061370
8211 2033 0.000000 0 0 4.283084 14449 1 0 1 0.610370 0.061370
8211 2033 0.000000 0 0 4.283084 14461 0 0 1 0.549333 0.000333
8211 2033 0.000000 0 0 4.283084 14472 1 0 1 0.549333 0.000333
8211 2033 0.000000 0 0 4.283084 14484 1 0 1 0.488296 -0.060704
8211 2033 0.000000 0 0 4.283084 14495 1 0 1 0.549333 0.000333
8211 2033 0.000000 0 0 4.283084 14507 1 0 1 0.549333 0.000333
8211 2033 0.000000 0 0 4.283084 14518 1 0 1 0.610370 0.061370
8211 2033 0.000000 0 0 4.283084 14529 1 0 1 0.671407 0.122407
8211 2033 0.000000 0 0 4.283084 14541 1 0 1 0.671407 0.122407
8211 2033 0.000000 0 0 4.283084 14552 1 0 1 0.671407 0.122407
8211 2033 0.000000 0 0 4.283084 14564 1 0 1 0.549333 0.000333
8211 2033 0.000000 0 0 4.283084 14575 1 0 1 0.610370 0.061370
8211 2033 0.000000 0 0 4.283084 14587 1 0 1 0.610370 0.061370
8211 2033 0.000000 0 0 4.283084 14598 1 0 1 0.549333 0.000333
8211 2033 0.000000 0 0 4.283084 14609 1 0 1 0.549333 0.000333
8211 2033 0.000000 0 0 4.283084 14621 1 0 1 0.610370 0.061370
8211 2033 0.000000 0 0 4.283084 14632 1 0 1 0.671407 0.122407
8211 2033 0.000000 0 0 4.283084 14644 1 0 1 0.793481 0.244481
8211 2033 0.000000 0 0 4.283084 14655 1 0 1 0.671407 0.122407
8211 2033 0.000000 0 0 4.283084 14667 1 0 1 0.854518 0.305518
8211 2033 0.000000 0 0 4.283084 14678 1 0 1 0.671407 0.122407
8211 2033 0.000000 0 0 4.283084 14690 1 0 1 0.732444 0.183444
8211 2033 0.000000 0 0 4.256224 14701 1 0 1 2.990814 2.441814
8211 2033 0.000000 0 0 4.202507 14712 1 0 1 5.432295 4.883295
8211 2033 0.000000 0 0 4.160753 14724 1 0 1 4.028443 3.479443
8211 2033 0.000000 0 0 4.131878 14735 1 0 1 3.173925 2.624925
8211 2033 0.000000 0 0 4.106238 14747 1 0 1 2.685629 2.136629
8211 2033 0.000000 0 0 4.079378 14758 1 0 1 2.990814 2.441814
8211 2033 0.000000 0 0 4.044216 14770 1 0 1 3.479110 2.930110
8211 2033 0.000000 0 0 4.002585 14781 1 0 1 4.333629 3.784629
8211 2033 0.000000 0 0 3.962968 14792 1 0 1 4.150517 3.601517
8211 2033 0.000000 0 0 3.931469 14804 1 0 1 3.173925 2.624925
8211 2033 0.000000 0 0 3.918037 14815 1 0 1 1.770074 1.221074
8211 2033 0.000000 0 0 3.918037 14827 1 0 1 1.098666 0.549666
8211 2033 0.000000 0 0 3.918037 14838 1 0 1 0.732444 0.183444
8211 2033 0.000000 0 0 3.918037 14850 1 0 1 0.610370 0.061370
8211 2033 0.000000 0 0 3.918037 14861 1 0 1 0.549333 0.000333
8211 2033 0.000000 0 0 3.918037 14872 1 0 1 0.549333 0.000333
8211 2033 0.000000 0 0 3.918037 14884 1 0 1 0.549333 0.000333
8211 2033 0.000000 0 0 3.918037 14895 1 0 1 0.671407 0.122407
8211 2033 0.000000 0 0 3.918037 14907 1 0 1 0.610370 0.061370
8211 2033 0.000000 0 0 3.918037 14918 1 0 1 0.671407 0.122407
8211 2033 0.000000 0 0 3.918037 14930 1 0 1 0.610370 0.061370
8211 2033 0.000000 0 0 3.918037 14941 1 0 1 0.610370 0.061370
8211 2033 0.000000 0 0 3.918037 14952 1 0 1 0.549333 0.000333
8211 2033 0.000000 0 0 3.918037 14964 1 0 1 0.549333 0.000333
8211 2033 0.000000 0 0 3.918037 14975 1 0 1 0.671407 0.122407
8211 2033 0.000000 0 0 3.918037 14987 1 0 1 0.671407 0.122407
8211 2033 0.000000 0 0 3.918037 14998 1 0 1 0.793481 0.244481
8211 2033 0.000000 0 0 3.901186 15010 1 0 1 1.953185 1.404185
8211 2033 0.000000 0 0 3.877012 15021 1 0 1 2.746666 2.197666
8211 2033 0.000000 0 0 3.825737 15033 1 0 1 4.821925 4.272924
8211 2033 4.272924 0 1 3.785448 15044 1 0 1 4.211555 3.662555
8211 2033 4.272924 0 1 3.762616 15055 1 0 1 2.624592 2.075592
8211 2033 4.272924 0 1 3.742836 15067 1 0 1 2.197333 1.648333
8211 2033 4.272924 0 1 3.722690 15078 1 0 1 2.380444 1.831444
8211 2033 4.272924 0 1 3.699980 15090 1 0 1 2.441481 1.892481
8211 2033 1.892481 1 2 3.684534 15101 1 0 1 1.953185 1.404185
8211 2033 1.892481 1 2 3.673543 15113 1 0 1 1.464888 0.915888
8211 2033 1.892481 1 2 3.673543 15124 1 0 1 1.098666 0.549666
8211 2033 1.892481 1 2 3.673543 15136 1 0 1 0.915555 0.366555
8211 2033 1.892481 1 2 3.673543 15147 1 0 1 0.915555 0.366555
8211 2033 1.892481 1 2 3.664140 15158 1 0 1 1.403852 0.854851
8211 2033 1.892481 1 2 3.648754 15170 1 0 1 1.831111 1.282111
8211 2033 1.892481 1 2 3.627936 15181 1 0 1 2.441481 1.892481
8211 2033 1.892481 1 2 3.584718 15193 1 0 1 4.150517 3.601517
8211 2033 3.601517 1 3 3.548458 15204 1 0 1 3.845332 3.296332
8211 2033 3.601517 1 3 3.522085 15216 1 0 1 2.746666 2.197666
8211 2033 3.601517 1 3 3.505296 15227 1 0 1 2.075259 1.526259
8211 2033 3.601517 1 3 3.486981 15239 1 0 1 2.075259 1.526259
8211 2033 3.601517 1 3 3.468177 15250 1 0 1 2.258370 1.709370
8211 2033 1.709370 2 4 3.452060 15261 1 0 1 2.014222 1.465222
8211 2033 1.709370 2 4 3.438139 15273 1 0 1 1.709037 1.160037
8211 2033 1.709370 2 4 3.430751 15284 1 0 1 1.220740 0.671740
8211 2033 1.709370 2 4 3.423422 15296 1 0 1 1.159703 0.610703
8211 2033 1.709370 2 4 3.414019 15307 1 0 1 1.403852 0.854851
8211 2033 1.709370 2 4 3.394971 15319 1 0 1 2.136296 1.587296
8211 2033 1.709370 2 4 3.370125 15330 1 0 1 2.807703 2.258703
8211 2033 1.709370 2 4 3.302735 15342 1 0 1 6.164739 5.615739
8211 2033 1.709370 2 4 3.210077 15353 1 0 1 8.972443 8.423443
8211 2033 1.709370 2 4 3.108994 15365 1 0 1 8.972443 8.423443
8211 2033 8.423443 2 5 3.033793 15376 1 0 1 7.385479 6.836480
8211 2033 8.423443 2 5 2.996190 15387 1 0 1 3.967407 3.418406
8211 2033 8.423443 2 5 2.977874 15399 1 0 1 2.075259 1.526259
8211 2033 8.423443 2 5 2.977874 15410 1 0 1 1.098666 0.549666
8211 2033 8.423443 2 5 2.977874 15422 1 0 1 0.732444 0.183444
8211 2033 8.423443 2 5 2.977874 15433 1 0 1 0.671407 0.122407
8211 2033 8.423443 2 5 2.977874 15445 1 0 1 0.610370 0.061370
8211 2033 8.423443 2 5 2.977874 15456 1 0 1 0.488296 -0.060704
8211 2033 8.423443 2 5 2.977874 15468 1 0 1 0.488296 -0.060704
8211 2033 8.423443 2 5 2.977874 15479 1 0 1 0.610370 0.061370
8211 2033 8.423443 2 5 2.977874 15491 1 0 1 0.610370 0.061370
8211 2033 8.423443 2 5 2.977874 15502 1 0 1 0.732444 0.183444
8211 2033 8.423443 2 5 2.977874 15513 1 0 1 0.915555 0.366555
8211 2033 8.423443 2 5 2.960291 15525 1 0 1 2.014222 1.465222
8211 2033 8.423443 2 5 2.944174 15536 1 0 1 2.014222 1.465222
8211 2033 1.465222 3 6 2.931718 15548 1 0 1 1.586963 1.037963
8211 2033 1.465222 3 6 2.924329 15559 1 0 1 1.220740 0.671740
8211 2033 1.465222 3 6 2.917000 15571 1 0 1 1.159703 0.610703
8211 2033 1.465222 3 6 2.908268 15582 1 0 1 1.342814 0.793814
8211 2033 1.465222 3 6 2.889953 15594 1 0 1 2.075259 1.526259
8211 2033 1.465222 3 6 2.866450 15605 1 0 1 2.685629 2.136629
8211 2033 1.465222 3 6 2.834218 15616 1 0 1 3.479110 2.930110
8211 2033 1.465222 3 6 2.774885 15628 1 0 1 5.493332 4.944332
8211 2033 4.944332 3 7 2.729225 15639 1 0 1 4.699851 4.150851
8211 2033 4.944332 3 7 2.686739 15651 1 0 1 4.089480 3.540481
8211 2033 4.944332 3 7 2.654508 15662 1 0 1 3.479110 2.930110
8211 2033 4.944332 3 7 2.623008 15674 1 0 1 3.173925 2.624925
8211 2033 4.944332 3 7 2.596148 15685 1 0 1 2.990814 2.441814
8211 2033 4.944332 3 7 2.563184 15697 1 0 1 3.295999 2.746999
8211 2033 4.944332 3 7 2.532296 15708 1 0 1 3.357036 2.808036
8211 2033 2.808036 4 8 2.503421 15719 1 0 1 3.173925 2.624925
8211 2033 2.808036 4 8 2.479979 15731 1 0 1 2.502518 1.953518
8211 2033 2.808036 4 8 2.441033 15742 1 0 1 4.089480 3.540481
8211 2033 3.540481 4 9 2.401477 15754 1 0 1 3.845332 3.296332
8211 2033 3.540481 4 9 2.373945 15765 1 0 1 3.051851 2.502851
8211 2033 3.540481 4 9 2.360757 15777 1 0 1 1.648000 1.099000
8211 2033 3.540481 4 9 2.349339 15788 1 0 1 1.586963 1.037963
8211 2033 3.540481 4 9 2.325897 15800 1 0 1 2.502518 1.953518
8211 2033 3.540481 4 9 2.282251 15811 1 0 1 4.516739 3.967739
8211 2033 3.540481 4 9 2.214435 15822 1 0 1 6.714072 6.165072
8211 2033 3.540481 4 9 2.138256 15834 1 0 1 6.897183 6.348184
8211 2033 6.348184 4 10 2.086554 15845 1 0 1 5.249184 4.700184
8211 2033 6.348184 4 10 2.052125 15857 1 0 1 3.418073 2.869073
8211 2033 6.348184 4 10 2.037350 15868 1 0 1 1.892148 1.343148
8211 2033 6.348184 4 10 2.028556 15880 1 0 1 1.281778 0.732777
8211 2033 6.348184 4 10 2.018298 15892 1 0 1 1.403852 0.854851
8211 2033 6.348184 4 10 2.000166 15903 1 0 1 2.197333 1.648333
8211 2033 6.348184 4 10 1.975258 15915 1 0 1 2.624592 2.075592
8211 2033 6.348184 4 10 1.945712 15926 1 0 1 3.234962 2.685962
8211 2033 2.685962 5 11 1.914946 15938 1 0 1 3.112888 2.563888
8211 2033 2.685962 5 11 1.896814 15949 1 0 1 2.197333 1.648333
8211 2033 2.685962 5 11 1.883626 15961 1 0 1 1.648000 1.099000
8211 2033 2.685962 5 11 1.883626 15972 1 0 1 1.037629 0.488629
8211 2033 2.685962 5 11 1.883626 15984 1 0 1 0.915555 0.366555
8211 2033 2.685962 5 11 1.876237 15995 1 0 1 1.220740 0.671740
8211 2033 2.685962 5 11 1.860119 16007 1 0 1 1.892148 1.343148
8211 2033 2.685962 5 11 1.815130 16018 1 0 1 4.638814 4.089814
8211 2033 2.685962 5 11 1.763122 16030 1 0 1 4.882962 4.333962
8211 2033 4.333962 5 12 1.729548 16041 1 0 1 3.601184 3.052184
8211 2033 4.333962 5 12 1.699513 16053 1 0 1 3.051851 2.502851
8211 2033 4.333962 5 12 1.684128 16065 1 0 1 1.831111 1.282111
8211 2033 4.333962 5 12 1.676067 16076 1 0 1 1.281778 0.732777
8211 2033 4.333962 5 12 1.668739 16088 1 0 1 1.159703 0.610703
8211 2033 4.333962 5 12 1.661349 16099 1 0 1 1.220740 0.671740
8211 2033 4.333962 5 12 1.649626 16111 1 0 1 1.525926 0.976926
8211 2033 4.333962 5 12 1.637537 16122 1 0 1 1.648000 1.099000
8211 2033 1.099000 6 13 1.625814 16134 1 0 1 1.525926 0.976926
8211 2033 1.099000 6 13 1.614396 16145 1 0 1 1.586963 1.037963
8211 2033 1.099000 6 13 1.586559 16157 1 0 1 2.868740 2.319740
8211 2033 1.099000 6 13 1.518071 16168 1 0 1 6.775109 6.226110
8211 2033 1.099000 6 13 1.433835 16180 1 0 1 7.568591 7.019591
8211 2033 7.019591 6 14 1.361319 16191 1 0 1 7.141332 6.592331
8211 2033 7.019591 6 14 1.257307 16203 1 0 1 9.216591 8.667590
8211 2033 8.667590 6 15 1.184790 16215 1 0 1 6.591998 6.042998
8211 2033 8.667590 6 15 1.153230 16226 1 0 1 3.418073 2.869073
8211 2033 8.667590 6 15 1.140592 16235 1 0 1 1.953185 1.404185
8211 2033 8.667590 6 15 1.132654 16245 1 0 1 1.342814 0.793814
8211 2033 8.667590 6 15 1.124960 16254 1 0 1 1.403852 0.854851
8211 2033 8.667590 6 15 1.111224 16263 1 0 1 2.075259 1.526259
8211 2033 8.667590 6 15 1.090895 16272 1 0 1 2.807703 2.258703
8211 2033 8.667590 6 15 1.049386 16282 1 0 1 4.699851 4.150851
8211 2033 8.667590 6 15 0.996098 16291 1 0 1 6.469924 5.920924
8211 2033 8.667590 6 15 0.944457 16300 1 0 1 6.286813 5.737813
8211 2033 8.667590 6 15 0.904901 16309 1 0 1 4.943999 4.394999
8211 2033 8.667590 6 15 0.874989 16319 1 0 1 3.540147 2.991147
8211 2033 8.667590 6 15 0.857408 16328 1 0 1 2.502518 1.953518
8211 2033 8.667590 6 15 0.842023 16337 1 0 1 2.258370 1.709370
8211 2033 8.667590 6 15 0.824991 16346 1 0 1 2.441481 1.892481
8211 2033 8.667590 6 15 0.806676 16356 1 0 1 2.380444 1.831444
8211 2033 8.667590 6 15 0.792939 16365 1 0 1 2.075259 1.526259
8211 2033 8.667590 6 15 0.781400 16374 1 0 1 1.831111 1.282111
8211 2033 8.667590 6 15 0.767358 16384 1 0 1 1.953185 1.404185
8211 2033 8.667590 6 15 0.748678 16393 1 0 1 2.624592 2.075592
8211 2033 8.667590 6 15 0.725603 16402 1 0 1 3.112888 2.563888
8211 2033 8.667590 6 15 0.692090 16411 1 0 1 4.272592 3.723591
8211 2033 8.667590 6 15 0.637763 16421 1 0 1 5.981628 5.432628
8211 2033 8.667590 6 15 0.570741 16430 1 0 1 7.995850 7.446849
8211 2033 8.667590 6 15 0.486140 16439 1 0 1 9.949035 9.400034
8211 2033 8.667590 6 15 0.399891 16448 1 0 1 10.132145 9.583145
8211 2033 8.667590 6 15 0.320538 16458 1 0 1 8.484146 7.935146
8211 2033 8.667590 6 15 0.221654 16467 1 0 1 11.535996 10.986997
8211 2033 8.667590 6 15 0.132659 16476 1 0 1 10.437330 9.888330
8211 2033 8.667590 6 15 0.065514 16486 1 0 1 7.263405 6.714406
8211 2033 8.667590 6 15 0.032001 16495 1 0 1 4.272592 3.723591
8211 2033 8.667590 6 15 0.010574 16504 1 0 1 2.929777 2.380777
8211 2033 8.667590 6 15 -0.003468 16514 1 0 1 1.953185 1.404185
8211 2033 8.667590 6 15 -0.012260 16523 1 0 1 1.525926 0.976926
8211 2033 8.667590 6 15 -0.021419 16533 1 0 1 1.464888 0.915888
8211 2033 8.667590 6 15 -0.032409 16542 1 0 1 1.770074 1.221074
8211 2033 8.667590 6 15 -0.052555 16552 1 0 1 2.563555 2.014555
8211 2033 8.667590 6 15 -0.073982 16561 1 0 1 2.929777 2.380777
8211 2033 8.667590 6 15 -0.101452 16571 1 0 1 3.295999 2.746999
8211 2033 8.667590 6 15 -0.119584 16580 1 0 1 2.563555 2.014555
8211 2033 8.667590 6 15 -0.129963 16590 1 0 1 1.586963 1.037963
8211 2033 8.667590 6 15 -0.129963 16599 1 0 1 0.915555 0.366555
8211 2033 8.667590 6 15 -0.129963 16609 1 0 1 0.610370 0.061370
8211 2033 8.667590 6 15 -0.129963 16618 1 0 1 0.549333 0.000333
8211 2033 8.667590 6 15 -0.129963 16628 1 0 1 0.549333 0.000333
8211 2033 8.667590 6 15 -0.129963 16637 1 0 1 0.549333 0.000333
8211 2033 8.667590 6 15 -0.129963 16646 1 0 1 0.549333 0.000333
8211 2033 8.667590 6 15 -0.129963 16656 1 0 1 0.549333 0.000333
8211 2033 8.667590 6 15 -0.129963 16665 1 0 1 0.549333 0.000333
8211 2033 8.667590 6 15 -0.129963 16675 1 0 1 0.549333 0.000333
8211 2033 8.667590 6 15 -0.129963 16684 1 0 1 0.549333 0.000333
8211 2033 8.667590 6 15 -0.129963 16694 1 0 1 0.610370 0.061370
8211 2033 8.667590 6 15 -0.129963 16703 1 0 1 0.610370 0.061370
8211 2033 8.667590 6 15 -0.129963 16713 1 0 1 0.671407 0.122407
8211 2033 8.667590 6 15 -0.129963 16722 1 0 1 0.610370 0.061370
8211 2033 8.667590 6 15 -0.129963 16732 1 0 1 0.610370 0.061370
8211 2033 8.667590 6 15 -0.129963 16742 1 0 1 0.610370 0.061370
8211 2033 8.667590 6 15 -0.129963 16751 1 0 1 0.610370 0.061370
8211 2033 8.667590 6 15 -0.129963 16760 1 0 1 0.610370 0.061370
8211 2033 8.667590 6 15 -0.129963 16770 1 0 1 0.549333 0.000333
8211 2033 8.667590 6 15 -0.129963 16779 1 0 1 0.549333 0.000333
8211 2033 8.667590 6 15 -0.129963 16789 1 0 1 0.610370 0.061370
8211 2033 8.667590 6 15 -0.129963 16798 1 0 1 0.610370 0.061370
8211 2033 8.667590 6 15 -0.129963 16808 1 0 1 0.671407 0.122407
8211 2033 8.667590 6 15 -0.129963 16817 1 0 1 0.671407 0.122407
8211 2033 8.667590 6 15 -0.129963 16827 1 0 1 0.549333 0.000333
8211 2033 8.667590 6 15 -0.129963 16836 1 0 1 0.549333 0.000333
8211 2033 8.667590 6 15 -0.129963 16846 1 0 1 0.549333 0.000333
8211 2033 8.667590 6 15 -0.129963 16855 1 0 1 0.549333 0.000333
8211 2033 8.667590 6 15 -0.129963 16865 1 0 1 0.549333 0.000333
8211 2033 8.667590 6 15 -0.129963 16874 1 0 1 0.549333 0.000333
8211 2033 8.667590 6 15 -0.129963 16884 1 0 1 0.610370 0.061370
8211 2033 8.667590 6 15 -0.129963 16894 1 0 1 0.610370 0.061370
8211 2033 8.667590 6 15 -0.129963 16903 1 0 1 0.671407 0.122407
8211 2033 8.667590 6 15 -0.129963 16913 1 0 1 0.671407 0.122407
8211 2033 8.667590 6 15 -0.129963 16922 1 0 1 0.610370 0.061370
8211 2033 8.667590 6 15 -0.129963 16932 1 0 1 0.610370 0.061370
8211 2033 8.667590 6 15 -0.129963 16941 1 0 1 0.610370 0.061370
8211 2033 8.667590 6 15 -0.129963 16951 1 0 1 0.610370 0.061370
8211 2033 8.667590 6 15 -0.129963 16960 1 0 1 0.549333 0.000333
8211 2033 8.667590 6 15 -0.129963 16970 1 0 1 0.549333 0.000333
8211 2033 8.667590 6 15 -0.129963 16979 1 0 1 0.488296 -0.060704
8211 2033 8.667590 6 15 -0.129963 16989 1 0 1 0.488296 -0.060704
8211 2033 8.667590 6 15 -0.129963 16998 1 0 1 0.549333 0.000333
8211 2033 8.667590 6 15 -0.129963 17008 1 0 1 0.549333 0.000333
8211 2033 8.667590 6 15 -0.129963 17017 1 0 1 0.610370 0.061370
8211 2033 8.667590 6 15 -0.129963 17027 1 0 1 0.610370 0.061370
8211 2033 8.667590 6 15 -0.129963 17036 1 0 1 0.610370 0.061370
8211 2033 8.667590 6 15 -0.129963 17046 1 0 1 0.549333 0.000333
8211 2033 8.667590 6 15 -0.129963 17055 1 0 1 0.549333 0.000333
8211 2033 8.667590 6 15 -0.129963 17065 1 0 1 0.488296 -0.060704
8211 2033 8.667590 6 15 -0.129963 17074 1 0 1 0.549333 0.000333
8211 2033 8.667590 6 15 -0.129963 17084 1 0 1 0.610370 0.061370
8211 2033 8.667590 6 15 -0.129963 17093 1 0 1 0.610370 0.061370
8211 2033 8.667590 6 15 -0.129963 17103 1 0 1 0.610370 0.061370
8211 2033 8.667590 6 15 -0.129963 17112 1 0 1 0.671407 0.122407
8211 2033 8.667590 6 15 -0.129963 17122 1 0 1 0.671407 0.122407
8211 2033 8.667590 6 15 -0.129963 17131 1 0 1 0.610370 0.061370
8211 2033 8.667590 6 15 -0.129963 17141 1 0 1 0.549333 0.000333
8211 2033 8.667590 6 15 -0.129963 17150 1 0 1 0.549333 0.000333
8211 2033 8.667590 6 15 -0.129963 17160 1 0 1 0.488296 -0.060704
8211 2033 8.667590 6 15 -0.129963 17169 1 0 1 0.549333 0.000333
8211 2033 8.667590 6 15 -0.129963 17179 1 0 1 0.610370 0.061370
8211 2033 8.667590 6 15 -0.129963 17188 1 0 1 0.610370 0.061370
8211 2033 8.667590 6 15 -0.129963 17198 1 0 1 0.610370 0.061370
8211 2033 8.667590 6 15 -0.129963 17207 1 0 1 0.610370 0.061370
8211 2033 8.667590 6 15 -0.129963 17217 1 0 1 0.488296 -0.060704
8211 2033 8.667590 6 15 -0.129963 17226 1 0 1 0.488296 -0.060704
8211 2033 8.667590 6 15 -0.129963 17236 1 0 1 0.488296 -0.060704
8211 2033 8.667590 6 15 -0.129963 17246 1 0 1 0.427259 -0.121741
8211 2033 8.667590 6 15 -0.129963 17255 1 0 1 0.427259 -0.121741
8211 2033 8.667590 6 15 -0.129963 17265 1 0 1 0.488296 -0.060704
8211 2033 8.667590 6 15 -0.129963 17274 1 0 1 0.549333 0.000333
8211 2033 8.667590 6 15 -0.129963 17284 0 0 1 0.549333 0.000333
8211 2033 8.667590 6 15 -0.129963 17294 1 0 1 0.610370 0.061370
8211 2033 8.667590 6 15 -0.129963 17303 1 0 1 0.671407 0.122407
8211 2033 8.667590 6 15 -0.129963 17313 1 0 1 0.549333 0.000333
8211 2033 8.667590 6 15 -0.129963 17322 1 0 1 0.549333 0.000333
8211 2033 8.667590 6 15 -0.129963 17332 1 0 1 0.549333 0.000333
8211 2033 8.667590 6 15 -0.129963 17341 1 0 1 0.488296 -0.060704
8211 2033 8.667590 6 15 -0.129963 17351 1 0 1 0.488296 -0.060704
8211 2033 8.667590 6 15 -0.129963 17360 1 0 1 0.549333 0.000333
8211 2033 8.667590 6 15 -0.129963 17370 1 0 1 0.549333 0.000333
8211 2033 8.667590 6 15 -0.129963 17379 1 0 1 0.549333 0.000333
8211 2033 8.667590 6 15 -0.129963 17389 1 0 1 0.488296 -0.060704
8211 2033 8.667590 6 15 -0.129963 17398 1 0 1 0.549333 0.000333
8211 2033 8.667590 6 15 -0.129963 17408 1 0 1 0.549333 0.000333
8211 2033 8.667590 6 15 -0.129963 17417 1 0 1 0.549333 0.000333
8211 2033 8.667590 6 15 -0.129963 17427 1 0 1 0.488296 -0.060704
8211 2033 8.667590 6 15 -0.129963 17436 1 0 1 0.549333 0.000333
8211 2033 8.667590 6 15 -0.129963 17446 1 0 1 0.488296 -0.060704
8211 2033 8.667590 6 15 -0.129963 17456 1 0 1 0.610370 0.061370
8211 2033 8.667590 6 15 -0.129963 17465 1 0 1 0.671407 0.122407