0 0 0.000000 0 0 0.000000 419 1 1 1 0.000000 0.000000
0 0 0.000000 0 0 0.000000 426 1 1 1 0.000000 0.000000
0 0 0.000000 0 0 0.000000 433 1 1 1 0.000000 0.000000
0 0 0.000000 0 0 0.000000 440 1 1 1 0.000000 0.000000
0 0 0.000000 0 0 0.000000 447 1 1 1 0.000000 0.000000
0 0 0.000000 0 0 0.000000 455 1 1 1 0.000000 0.000000
0 0 0.000000 0 0 0.000000 462 1 1 1 0.000000 0.000000
0 0 0.000000 0 0 0.000000 469 1 1 1 0.000000 0.000000
0 0 0.000000 0 0 0.000000 476 1 1 1 0.000000 0.000000
0 0 0.000000 0 0 0.000000 483 1 1 1 0.000000 0.000000
0 0 0.000000 0 0 0.000000 491 1 1 1 0.000000 0.000000
0 0 0.000000 0 0 0.000000 498 1 1 1 0.000000 0.000000
0 0 0.000000 0 0 0.000000 505 1 0 1 0.000000 0.000000
0 0 0.000000 0 0 0.000000 512 1 0 1 0.000000 0.000000
0 0 0.000000 0 0 0.000000 519 1 0 1 0.000000 0.000000
0 0 0.000000 0 0 0.000000 526 1 0 1 0.000000 0.000000
0 0 0.000000 0 0 0.000000 534 1 0 1 0.000000 0.000000
0 0 0.000000 0 0 0.000000 541 1 0 1 0.000000 0.000000
0 0 0.000000 0 0 0.000000 548 1 0 1 0.000000 0.000000
0 0 0.000000 0 0 0.000000 555 1 0 1 0.000000 0.000000
0 0 0.000000 0 0 0.000000 562 1 0 1 0.000000 0.000000
0 0 0.000000 0 0 0.000000 570 1 0 1 0.000000 0.000000
0 0 0.000000 0 0 0.000000 577 1 0 1 0.000000 0.000000
0 0 0.000000 0 0 0.000000 584 1 0 1 0.000000 0.000000
0 0 0.000000 0 0 0.000000 591 1 0 1 0.000000 0.000000
0 0 0.000000 0 0 0.000000 598 1 0 1 0.000000 0.000000
0 0 0.000000 0 0 0.000000 606 1 0 1 0.000000 0.000000
0 0 0.000000 0 0 0.000000 613 1 0 1 0.000000 0.000000
0 0 0.000000 0 0 0.000000 620 1 0 1 0.000000 0.000000
0 0 0.000000 0 0 0.000000 627 1 0 1 0.000000 0.000000
0 0 0.000000 0 0 0.000000 634 1 0 1 0.000000 0.000000
0 0 0.000000 0 0 0.000000 641 1 0 1 0.000000 0.000000
0 0 0.000000 0 0 0.000000 649 1 0 1 0.000000 0.000000
0 0 0.000000 0 0 0.000000 656 1 0 1 0.000000 0.000000
0 0 0.000000 0 0 0.000000 663 1 0 1 0.000000 0.000000
0 0 0.000000 0 0 0.000000 670 1 0 1 0.000000 0.000000
0 0 0.000000 0 0 0.000000 677 1 0 1 0.000000 0.000000
0 0 0.000000 0 0 0.000000 684 1 0 1 0.000000 0.000000
0 0 0.000000 0 0 0.000000 692 1 0 1 0.000000 0.000000
0 0 0.000000 0 0 0.000000 699 1 0 1 0.000000 0.000000
0 0 0.000000 0 0 0.000000 706 1 0 1 0.000000 0.000000
0 0 0.000000 0 0 0.000000 713 1 0 1 0.000000 0.000000
0 0 0.000000 0 0 0.000000 720 1 0 1 0.000000 0.000000
0 0 0.000000 0 0 0.000000 727 1 0 1 0.000000 0.000000
0 0 0.000000 0 0 0.000000 735 1 0 1 0.000000 0.000000
0 0 0.000000 0 0 0.000000 742 1 0 1 0.000000 0.000000
0 0 0.000000 0 0 0.000000 749 1 0 1 0.000000 0.000000
0 0 0.000000 0 0 0.000000 756 1 0 1 0.000000 0.000000
0 0 0.000000 0 0 0.000000 763 1 0 1 0.000000 0.000000
0 774 0.000000 0 0 -0.000000 771 0 0 1 0.549333 0.549333
0 774 0.549333 0 1 -0.000000 782 1 0 1 0.610370 0.061370
0 774 0.549333 0 1 -0.000000 793 1 0 1 0.610370 0.061370
0 774 0.549333 0 1 -0.000000 804 1 0 1 0.549333 0.000333
0 774 0.549333 0 1 -0.000000 815 1 0 1 0.610370 0.061370
0 774 0.549333 0 1 -0.000000 826 1 0 1 0.610370 0.061370
0 774 0.549333 0 1 -0.000000 837 1 0 1 0.610370 0.061370
0 774 0.549333 0 1 -0.000000 849 1 0 1 0.671407 0.122407
0 774 0.549333 0 1 -0.000000 860 1 0 1 0.671407 0.122407
0 774 0.549333 0 1 -0.000000 871 1 0 1 0.671407 0.122407
0 774 0.549333 0 1 -0.000000 882 1 0 1 0.732444 0.183444
0 774 0.549333 0 1 -0.000000 893 1 0 1 0.976592 0.427592
0 774 0.549333 0 1 -0.014103 904 1 0 1 1.831111 1.282111
0 774 1.282111 0 1 -0.022164 915 1 0 1 1.281778 0.732777
0 774 1.282111 0 1 -0.022164 927 1 0 1 0.854518 0.305518
0 774 1.282111 0 1 -0.022164 938 1 0 1 0.671407 0.122407
0 774 1.282111 0 1 -0.022164 949 1 0 1 0.610370 0.061370
0 774 1.282111 0 1 -0.022164 960 1 0 1 0.549333 0.000333
0 774 1.282111 0 1 -0.022164 972 1 0 1 0.549333 0.000333
0 774 1.282111 0 1 -0.022164 983 1 0 1 0.549333 0.000333
0 774 1.282111 0 1 -0.022164 994 1 0 1 0.610370 0.061370
0 774 1.282111 0 1 -0.022164 1005 1 0 1 0.671407 0.122407
0 774 1.282111 0 1 -0.022164 1016 1 0 1 0.610370 0.061370
0 774 1.282111 0 1 -0.022164 1028 1 0 1 0.549333 0.000333
0 774 1.282111 0 1 -0.022164 1039 1 0 1 0.549333 0.000333
0 774 1.282111 0 1 -0.022164 1050 1 0 1 0.488296 -0.060704
0 774 1.282111 0 1 -0.022164 1062 1 0 1 0.427259 -0.121741
0 774 1.282111 0 1 -0.022164 1073 1 0 1 0.366222 -0.182778
0 774 0.182778 1 2 -0.022164 1084 1 0 1 0.488296 -0.060704
0 774 0.182778 1 2 -0.022164 1096 1 0 1 0.488296 -0.060704
0 774 0.182778 1 2 -0.022164 1107 1 0 1 0.488296 -0.060704
0 774 0.182778 1 2 -0.022164 1119 1 0 1 0.488296 -0.060704
0 774 0.182778 1 2 -0.022164 1130 1 0 1 0.488296 -0.060704
0 774 0.182778 1 2 -0.022164 1141 1 0 1 0.488296 -0.060704
0 774 0.182778 1 2 -0.022164 1153 1 0 1 0.488296 -0.060704
0 774 0.182778 1 2 -0.022164 1164 1 0 1 0.488296 -0.060704
0 774 0.182778 1 2 -0.022164 1176 1 0 1 0.427259 -0.121741
0 774 0.182778 1 2 -0.022164 1187 1 0 1 0.427259 -0.121741
0 774 0.182778 1 2 -0.022164 1198 1 0 1 0.427259 -0.121741
0 774 0.182778 1 2 -0.022164 1210 1 0 1 0.427259 -0.121741
0 774 0.182778 1 2 -0.022164 1221 1 0 1 0.427259 -0.121741
0 774 0.182778 1 2 -0.022164 1232 1 0 1 0.427259 -0.121741
0 774 0.182778 1 2 -0.022164 1244 1 0 1 0.427259 -0.121741
0 774 0.182778 1 2 -0.022164 1255 1 0 1 0.488296 -0.060704
0 774 0.182778 1 2 -0.022164 1267 1 0 1 0.488296 -0.060704
0 774 0.182778 1 2 -0.022164 1278 1 0 1 0.427259 -0.121741
0 774 0.182778 1 2 -0.022164 1289 1 0 1 0.366222 -0.182778
1304 774 0.182778 1 2 -0.022164 1301 1 0 1 0.427259 -0.121741
1304 774 0.182778 1 2 -0.022164 1312 1 0 1 0.427259 -0.121741
1304 774 0.182778 1 2 -0.022164 1324 1 0 1 0.427259 -0.121741
1304 774 0.182778 1 2 -0.022164 1336 1 0 1 0.427259 -0.121741
1304 774 0.182778 1 2 -0.022164 1348 1 0 1 0.427259 -0.121741
1304 774 0.182778 1 2 -0.022164 1359 1 0 1 0.427259 -0.121741
1304 774 0.182778 1 2 -0.022164 1371 1 0 1 0.427259 -0.121741
1304 774 0.182778 1 2 -0.022164 1383 1 0 1 0.427259 -0.121741
1304 774 0.182778 1 2 -0.022164 1394 1 0 1 0.427259 -0.121741
1304 774 0.182778 1 2 -0.022164 1406 1 0 1 0.427259 -0.121741
1304 774 0.182778 1 2 -0.022164 1418 1 0 1 0.488296 -0.060704
1304 774 0.182778 1 2 -0.022164 1429 1 0 1 0.427259 -0.121741
1304 774 0.182778 1 2 -0.022164 1441 1 0 1 0.427259 -0.121741
1304 774 0.182778 1 2 -0.022164 1453 1 0 1 0.427259 -0.121741
1304 774 0.182778 1 2 -0.022164 1464 1 0 1 0.488296 -0.060704
1304 774 0.182778 1 2 -0.022164 1476 1 0 1 0.427259 -0.121741
1304 774 0.182778 1 2 -0.022164 1488 1 0 1 0.427259 -0.121741
1304 774 0.182778 1 2 -0.022164 1499 1 0 1 0.427259 -0.121741
1304 774 0.182778 1 2 -0.022164 1511 1 0 1 0.427259 -0.121741
1304 774 0.182778 1 2 -0.022164 1523 1 0 1 0.427259 -0.121741
1304 774 0.182778 1 2 -0.022164 1534 1 0 1 0.427259 -0.121741
1304 774 0.182778 1 2 -0.022164 1546 1 0 1 0.427259 -0.121741
1304 774 0.182778 1 2 -0.022164 1558 1 0 1 0.488296 -0.060704
1304 774 0.182778 1 2 -0.022164 1569 1 0 1 0.427259 -0.121741
1304 774 0.182778 1 2 -0.022164 1581 1 0 1 0.427259 -0.121741
1304 774 0.182778 1 2 -0.022164 1593 1 0 1 0.488296 -0.060704
1304 774 0.182778 1 2 -0.022164 1605 1 0 1 0.488296 -0.060704
1304 774 0.182778 1 2 -0.022164 1616 1 0 1 0.427259 -0.121741
1304 774 0.182778 1 2 -0.022164 1628 1 0 1 0.427259 -0.121741
1304 774 0.182778 1 2 -0.022164 1640 1 0 1 0.427259 -0.121741
1304 774 0.182778 1 2 -0.022164 1651 1 0 1 0.427259 -0.121741
1304 774 0.182778 1 2 -0.022164 1663 1 0 1 0.427259 -0.121741
1304 774 0.182778 1 2 -0.022164 1675 1 0 1 0.427259 -0.121741
1304 774 0.182778 1 2 -0.022164 1686 1 0 1 0.488296 -0.060704
1304 774 0.182778 1 2 -0.022164 1698 1 0 1 0.427259 -0.121741
1304 774 0.182778 1 2 -0.022164 1710 1 0 1 0.427259 -0.121741
1304 774 0.182778 1 2 -0.022164 1721 1 0 1 0.488296 -0.060704
1304 774 0.182778 1 2 -0.022164 1733 1 0 1 0.488296 -0.060704
1304 774 0.182778 1 2 -0.022164 1745 1 0 1 0.488296 -0.060704
1304 774 0.182778 1 2 -0.022164 1756 1 0 1 0.488296 -0.060704
1304 774 0.182778 1 2 -0.022164 1768 1 0 1 0.427259 -0.121741
1304 774 0.182778 1 2 -0.022164 1780 1 0 1 0.427259 -0.121741
1304 774 0.182778 1 2 -0.022164 1791 1 0 1 0.427259 -0.121741
1304 774 0.182778 1 2 -0.022164 1803 1 0 1 0.427259 -0.121741
1304 774 0.182778 1 2 -0.022164 1815 1 0 1 0.427259 -0.121741
1304 774 0.182778 1 2 -0.022164 1826 1 0 1 0.488296 -0.060704
1304 774 0.182778 1 2 -0.022164 1838 1 0 1 0.488296 -0.060704
1304 774 0.182778 1 2 -0.022164 1850 1 0 1 0.488296 -0.060704
1304 774 0.182778 1 2 -0.022164 1862 1 0 1 0.427259 -0.121741
1304 774 0.182778 1 2 -0.022164 1873 1 0 1 0.488296 -0.060704
1304 774 0.182778 1 2 -0.022164 1885 1 0 1 0.427259 -0.121741
1304 774 0.182778 1 2 -0.022164 1897 1 0 1 0.549333 0.000333
1304 1912 0.182778 1 2 -0.022164 1908 0 0 1 0.488296 -0.060704
1304 1912 0.182778 1 2 -0.022164 1920 1 0 1 0.366222 -0.182778
1935 1912 0.182778 1 2 -0.022164 1932 1 0 1 0.427259 -0.121741
1935 1912 0.182778 1 2 -0.022164 1944 1 0 1 0.427259 -0.121741
1935 1912 0.182778 1 2 -0.022164 1955 1 0 1 0.427259 -0.121741
1935 1912 0.182778 1 2 -0.022164 1967 1 0 1 0.427259 -0.121741
1935 1912 0.182778 1 2 -0.022164 1979 1 0 1 0.488296 -0.060704
1935 1912 0.182778 1 2 -0.022164 1991 1 0 1 0.488296 -0.060704
1935 1912 0.182778 1 2 -0.022164 2003 1 0 1 0.488296 -0.060704
1935 1912 0.182778 1 2 -0.022164 2014 1 0 1 0.427259 -0.121741
1935 1912 0.182778 1 2 -0.022164 2026 1 0 1 0.427259 -0.121741
1935 1912 0.182778 1 2 -0.022164 2038 1 0 1 0.427259 -0.121741
1935 1912 0.182778 1 2 -0.022164 2050 1 0 1 0.427259 -0.121741
1935 1912 0.182778 1 2 -0.022164 2061 1 0 1 0.427259 -0.121741
1935 1912 0.182778 1 2 -0.022164 2073 1 0 1 0.488296 -0.060704
1935 1912 0.182778 1 2 -0.022164 2085 1 0 1 0.488296 -0.060704
1935 1912 0.182778 1 2 -0.022164 2097 1 0 1 0.366222 -0.182778
2112 1912 0.182778 1 2 -0.022164 2108 1 0 1 0.427259 -0.121741
2112 1912 0.182778 1 2 -0.022164 2120 1 0 1 0.427259 -0.121741
2112 1912 0.182778 1 2 -0.022164 2132 1 0 1 0.488296 -0.060704
2112 1912 0.182778 1 2 -0.022164 2144 1 0 1 0.427259 -0.121741
2112 1912 0.182778 1 2 -0.022164 2156 1 0 1 0.427259 -0.121741
2112 1912 0.182778 1 2 -0.022164 2167 1 0 1 0.366222 -0.182778
2183 1912 0.182778 1 2 -0.022164 2179 1 0 1 0.488296 -0.060704
2183 1912 0.182778 1 2 -0.022164 2191 1 0 1 0.488296 -0.060704
2183 1912 0.182778 1 2 -0.022164 2203 1 0 1 0.488296 -0.060704
2183 1912 0.182778 1 2 -0.022164 2215 1 0 1 0.427259 -0.121741
2183 1912 0.182778 1 2 -0.022164 2226 1 0 1 0.427259 -0.121741
2183 1912 0.182778 1 2 -0.022164 2238 1 0 1 0.427259 -0.121741
2183 1912 0.182778 1 2 -0.022164 2250 1 0 1 0.427259 -0.121741
2183 1912 0.182778 1 2 -0.022164 2262 1 0 1 0.427259 -0.121741
2183 1912 0.182778 1 2 -0.022164 2273 1 0 1 0.427259 -0.121741
2183 1912 0.182778 1 2 -0.022164 2285 1 0 1 0.427259 -0.121741
2183 1912 0.182778 1 2 -0.022164 2297 1 0 1 0.427259 -0.121741
2183 1912 0.182778 1 2 -0.022164 2309 1 0 1 0.427259 -0.121741
2183 1912 0.182778 1 2 -0.022164 2321 1 0 1 0.427259 -0.121741
2183 1912 0.182778 1 2 -0.022164 2332 1 0 1 0.427259 -0.121741
2183 1912 0.182778 1 2 -0.022164 2344 1 0 1 0.488296 -0.060704
2183 1912 0.182778 1 2 -0.022164 2356 1 0 1 0.427259 -0.121741
2183 1912 0.182778 1 2 -0.022164 2368 1 0 1 0.427259 -0.121741
2183 1912 0.182778 1 2 -0.022164 2379 1 0 1 0.427259 -0.121741
2183 1912 0.182778 1 2 -0.022164 2391 1 0 1 0.427259 -0.121741
2183 1912 0.182778 1 2 -0.022164 2403 1 0 1 0.366222 -0.182778
2418 1912 0.182778 1 2 -0.022164 2415 1 0 1 0.427259 -0.121741
2418 1912 0.182778 1 2 -0.022164 2427 1 0 1 0.427259 -0.121741
2418 1912 0.182778 1 2 -0.022164 2438 1 0 1 0.488296 -0.060704
2418 1912 0.182778 1 2 -0.022164 2450 1 0 1 0.488296 -0.060704
2418 1912 0.182778 1 2 -0.022164 2462 1 0 1 0.427259 -0.121741
2418 1912 0.182778 1 2 -0.022164 2474 1 0 1 0.427259 -0.121741
2418 1912 0.182778 1 2 -0.022164 2485 1 0 1 0.427259 -0.121741
2418 2501 0.182778 1 2 -0.022164 2497 0 0 1 0.488296 -0.060704
2418 2501 0.182778 1 2 -0.022164 2509 1 0 1 0.427259 -0.121741
2418 2501 0.182778 1 2 -0.022164 2521 1 0 1 0.488296 -0.060704
2418 2501 0.182778 1 2 -0.022164 2533 1 0 1 0.427259 -0.121741
2418 2501 0.182778 1 2 -0.022164 2545 1 0 1 0.427259 -0.121741
2418 2501 0.182778 1 2 -0.022164 2556 1 0 1 0.427259 -0.121741
2418 2501 0.182778 1 2 -0.022164 2568 1 0 1 0.427259 -0.121741
2418 2501 0.182778 1 2 -0.022164 2580 1 0 1 0.427259 -0.121741
2418 2501 0.182778 1 2 -0.022164 2592 1 0 1 0.427259 -0.121741
2418 2501 0.182778 1 2 -0.022164 2603 1 0 1 0.488296 -0.060704
2418 2501 0.182778 1 2 -0.022164 2615 1 0 1 0.427259 -0.121741
2418 2501 0.182778 1 2 -0.022164 2627 1 0 1 0.488296 -0.060704
2418 2501 0.182778 1 2 -0.022164 2639 1 0 1 0.427259 -0.121741
2418 2501 0.182778 1 2 -0.022164 2651 1 0 1 0.488296 -0.060704
2418 2501 0.182778 1 2 -0.022164 2662 1 0 1 0.427259 -0.121741
2418 2501 0.182778 1 2 -0.022164 2674 1 0 1 0.488296 -0.060704
2418 2501 0.182778 1 2 -0.022164 2686 1 0 1 0.427259 -0.121741
2418 2501 0.182778 1 2 -0.022164 2698 1 0 1 0.427259 -0.121741
2418 2501 0.182778 1 2 -0.022164 2709 1 0 1 0.427259 -0.121741
2418 2501 0.182778 1 2 -0.022164 2721 1 0 1 0.366222 -0.182778
2418 2501 0.182778 1 2 -0.014843 2733 1 0 1 -0.061037 -0.610037
2418 2501 0.182778 1 2 0.001266 2745 1 0 1 -0.793481 -1.342481
2418 2501 0.182778 1 2 0.043012 2757 1 0 1 -2.929777 -3.478777
2418 2501 0.182778 1 2 0.142378 2768 1 0 1 -8.484146 -9.033147
2418 2501 0.182778 1 2 0.283737 2780 1 0 1 -11.230812 -11.779812
2418 2501 0.182778 1 2 0.435350 2792 1 0 1 -12.085330 -12.634330
2418 2501 0.182778 1 2 0.583729 2803 1 0 1 -12.939849 -13.488849
2418 2501 0.182778 1 2 0.788811 2815 1 0 1 -16.541033 -17.090033
2418 2501 0.182778 1 2 1.166015 2827 1 0 1 -30.884733 -31.433735
2418 2501 0.182778 1 2 1.724129 2839 1 1 1 -45.960876 -46.509876
2418 2501 0.182778 1 2 2.556165 2851 1 1 1 -68.788719 -69.337723
2418 2501 0.182778 1 2 3.495865 2863 1 1 1 -77.761169 -78.310165
2418 2501 0.182778 0 0 4.384778 2874 1 1 1 -80.263687 -80.812683
2418 2501 0.182778 0 0 5.292237 2886 1 1 1 -75.075539 -75.624535
2418 2501 0.182778 0 0 6.089092 2898 1 1 1 -65.858940 -66.407944
2418 2501 0.182778 0 0 6.768764 2910 1 1 1 -56.093021 -56.642021
2418 2501 0.182778 0 0 7.460153 2922 1 1 1 -57.069614 -57.618614
2418 2501 0.182778 0 0 8.155935 2934 1 1 1 -57.435837 -57.984837
2418 2501 0.182778 0 0 8.794402 2945 1 0 1 -57.496876 -58.045876
2418 2501 0.182778 0 0 9.496758 2957 1 0 1 -57.985168 -58.534168
2418 2501 0.182778 0 0 10.099503 2969 1 0 1 -49.684135 -50.233135
2418 2501 0.182778 0 0 10.566044 2981 1 0 1 -38.331249 -38.880249
2418 2501 0.182778 0 0 10.934437 2993 1 0 1 -30.152288 -30.701288
2418 2501 0.182778 0 0 11.285234 3005 1 0 1 -28.687401 -29.236401
2418 2501 0.182778 0 0 11.633842 3017 1 0 1 -28.504290 -29.053289
2418 2501 0.182778 0 0 11.975860 3029 1 0 1 -27.954956 -28.503956
2418 2501 0.182778 0 0 12.309807 3041 1 0 1 -27.283548 -27.832548
2418 2501 0.182778 0 0 12.626160 3053 1 0 1 -25.818661 -26.367661
2418 2501 0.182778 0 0 12.899875 3066 1 0 1 -20.508440 -21.057440
2418 2501 0.182778 0 0 13.051489 3078 1 0 1 -12.085330 -12.634330
2418 2501 0.182778 0 0 13.170875 3090 1 0 1 -9.399701 -9.948701
2418 2501 0.182778 0 0 13.324687 3102 1 0 1 -12.268441 -12.817441
2418 2501 0.182778 0 0 13.550278 3114 1 0 1 -18.250069 -18.799068
2418 2501 0.182778 0 0 13.846146 3126 1 0 1 -24.109623 -24.658623
2418 2501 0.182778 0 0 14.177904 3138 1 0 1 -27.100437 -27.649439
2418 2501 0.182778 0 0 14.500912 3150 1 0 1 -26.367992 -26.916992
2418 2501 0.182778 0 0 14.795355 3162 1 0 1 -23.987549 -24.536549
2418 2501 0.182778 0 0 15.037054 3174 1 0 1 -19.592884 -20.141884
2418 2501 0.182778 0 0 15.270704 3186 1 0 1 -18.921476 -19.470476
2418 2501 0.182778 0 0 15.508749 3198 1 0 1 -19.287699 -19.836699
2418 2501 0.182778 0 0 15.814907 3210 1 0 1 -24.964142 -25.513142
2418 2501 0.182778 0 0 16.199419 3222 1 0 1 -31.495104 -32.044106
2418 2501 0.182778 0 0 16.542934 3234 1 0 1 -28.077030 -28.626030
2418 2501 0.182778 0 0 16.848360 3246 1 0 1 -24.903105 -25.452105
2418 2501 0.182778 0 0 17.085669 3258 1 1 1 -19.226662 -19.775661
2418 2501 0.182778 0 0 17.281963 3270 1 1 1 -15.808589 -16.357590
2418 2501 0.182778 0 0 17.438705 3282 1 1 1 -12.512589 -13.061590
2418 2501 0.182778 0 0 17.585924 3294 1 0 1 -11.719108 -12.268107
2418 2501 0.182778 0 0 17.720020 3307 1 0 1 -9.765924 -10.314923
2418 2501 0.182778 0 0 17.790514 3318 1 0 1 -5.859554 -6.408554
2418 2501 0.182778 0 0 17.839586 3330 1 0 1 -3.540147 -4.089148
2418 2501 0.182778 0 0 17.859356 3342 1 0 1 -1.098666 -1.647666
2418 2501 0.182778 0 0 17.859356 3354 1 0 1 0.366222 -0.182778
2418 2501 0.182778 0 0 17.850552 3366 1 0 1 1.281778 0.732777
2418 2501 0.182778 0 0 17.828562 3378 1 0 1 2.380444 1.831444
2418 2501 0.182778 0 0 17.741947 3389 1 0 1 8.423109 7.874109
2418 2501 0.182778 0 0 17.552969 3401 1 0 1 16.296885 15.747885
2418 2501 0.182778 0 0 17.201391 3413 1 0 1 29.847105 29.298103
2418 2501 0.182778 0 0 16.661617 3425 1 1 1 45.533619 44.984619
2418 2501 0.182778 0 0 16.002340 3436 1 1 1 60.487690 59.938690
2418 2501 0.182778 0 0 15.158636 3448 1 1 1 70.863983 70.314980
2418 2501 0.182778 0 0 14.260014 3460 1 0 1 75.441757 74.892761
2418 2501 0.182778 0 0 13.337954 3472 1 1 1 77.394943 76.845940
2418 2501 0.182778 0 0 12.486961 3484 1 1 1 71.474350 70.925354
2418 2501 0.182778 0 0 11.791189 3496 1 1 1 58.534504 57.985504
2418 2501 0.182778 0 0 11.276338 3508 1 1 1 43.458359 42.909359
2418 2501 0.182778 0 0 10.930646 3520 1 1 1 29.358809 28.809809
2418 2501 0.182778 0 0 10.743990 3531 1 1 1 17.517624 16.968624
2418 2501 0.182778 0 0 10.607018 3543 1 1 1 11.963257 11.414256
2418 2501 0.182778 0 0 10.481765 3555 1 1 1 10.986664 10.437664
2418 2501 0.182778 0 0 10.303042 3567 1 1 1 15.442367 14.893367
2418 2501 0.182778 0 0 10.040089 3579 1 1 1 22.461624 21.912622
2418 2501 0.182778 0 0 9.673895 3591 1 1 1 31.067842 30.518843
2418 2501 0.182778 0 0 9.248244 3602 1 1 1 39.246807 38.697807
2418 2501 0.182778 0 0 8.760459 3614 1 1 1 41.199989 40.650990
2418 2501 0.182778 0 0 8.285126 3626 1 1 1 40.162361 39.613361
2418 2501 0.182778 0 0 7.917881 3637 1 1 1 33.936584 33.387585
2418 2501 0.182778 0 0 7.566322 3649 1 1 1 29.847105 29.298103
2418 2501 0.182778 0 0 7.235984 3661 1 1 1 28.077030 27.528030
2418 2501 0.182778 0 0 6.949959 3672 1 0 1 26.551105 26.002104
2418 2501 0.182778 0 0 6.646010 3684 1 0 1 25.879698 25.330698
2418 2501 0.182778 0 0 6.351951 3695 1 0 1 27.283548 26.734549
2418 2501 0.182778 0 0 6.025299 3707 1 0 1 27.771843 27.222843
2418 2501 0.182778 0 0 5.686192 3719 1 0 1 28.809475 28.260475
2418 2501 0.182778 0 0 5.339762 3730 1 0 1 32.044434 31.495436
2418 2501 0.182778 0 0 4.916432 3742 1 0 1 35.828732 35.279732
2418 2501 0.182778 0 0 4.440365 3754 1 0 1 40.223400 39.674397
2418 2501 0.182778 0 0 3.999267 3765 1 0 1 40.650654 40.101654
2418 2501 40.101654 0 1 3.581035 3777 1 0 1 35.401470 34.852470
2418 2501 40.101654 0 1 3.249231 3789 1 0 1 28.199104 27.650105
2418 2501 40.101654 0 1 3.023632 3800 1 1 1 21.057772 20.508772
2418 2501 40.101654 0 1 2.834656 3812 1 1 1 16.296885 15.747885
2418 2501 40.101654 0 1 2.622974 3824 1 1 1 18.189032 17.640032
2418 2501 40.101654 0 1 2.368077 3836 1 0 1 21.790218 21.241217
2418 2501 40.101654 0 1 2.087422 3847 1 1 1 26.062809 25.513809
2418 2501 40.101654 0 1 1.674337 3859 1 1 1 34.974216 34.425217
2418 2501 40.101654 0 1 1.246606 3871 1 1 1 36.194954 35.645950
2418 2501 40.101654 0 1 0.894800 3882 1 0 1 32.532734 31.983732
2418 2501 40.101654 0 1 0.609891 3894 1 1 1 24.292734 23.743734
2418 2501 40.101654 0 1 0.466327 3906 1 1 1 12.512589 11.963590
2418 2501 40.101654 0 1 0.380626 3918 1 1 1 7.690665 7.141665
2418 2501 40.101654 0 1 0.294010 3929 1 1 1 8.423109 7.874109
2418 2501 40.101654 0 1 0.255918 3941 1 0 1 3.723258 3.174258
2418 2501 40.101654 0 1 0.237786 3952 1 0 1 2.197333 1.648333
2418 2501 40.101654 0 1 0.237786 3964 1 0 1 0.915555 0.366555
2418 2501 40.101654 0 1 0.237786 3975 1 0 1 0.549333 0.000333
2418 2501 40.101654 0 1 0.237786 3987 1 0 1 0.488296 -0.060704
2418 2501 40.101654 0 1 0.237786 3999 1 0 1 0.427259 -0.121741
2418 2501 40.101654 0 1 0.237786 4010 1 0 1 0.366222 -0.182778
2418 2501 0.182778 1 2 0.237786 4022 1 0 1 0.427259 -0.121741
2418 2501 0.182778 1 2 0.237786 4033 1 0 1 0.427259 -0.121741
2418 2501 0.182778 1 2 0.237786 4045 1 0 1 0.671407 0.122407
2418 2501 0.182778 1 2 0.237786 4056 1 0 1 0.488296 -0.060704
2418 2501 0.182778 1 2 0.237786 4068 1 0 1 0.427259 -0.121741
2418 2501 0.182778 1 2 0.237786 4079 1 0 1 0.427259 -0.121741
2418 2501 0.182778 1 2 0.237786 4091 1 0 1 0.366222 -0.182778
2418 2501 0.182778 1 2 0.237786 4102 1 0 1 0.366222 -0.182778
2418 2501 0.182778 1 2 0.237786 4114 1 0 1 0.366222 -0.182778
2418 2501 0.182778 1 2 0.237786 4126 1 0 1 0.366222 -0.182778
4141 2501 0.182778 1 2 0.237786 4137 1 0 1 0.427259 -0.121741
4141 2501 0.182778 1 2 0.237786 4149 1 0 1 0.488296 -0.060704
4141 2501 0.182778 1 2 0.237786 4160 1 0 1 0.427259 -0.121741
4141 2501 0.182778 1 2 0.237786 4172 1 0 1 0.366222 -0.182778
4141 2501 0.182778 1 2 0.237786 4183 1 0 1 0.305185 -0.243815
4198 2501 0.243815 1 2 0.237786 4195 1 0 1 0.366222 -0.182778
4198 2501 0.243815 1 2 0.237786 4206 1 0 1 0.305185 -0.243815
4198 2501 0.243815 1 2 0.237786 4218 1 0 1 0.305185 -0.243815
4233 2501 0.243815 1 2 0.237786 4229 1 0 1 0.366222 -0.182778
4233 2501 0.243815 1 2 0.237786 4241 1 0 1 0.305185 -0.243815
4256 2501 0.243815 1 2 0.237786 4253 1 0 1 0.366222 -0.182778
4256 2501 0.243815 1 2 0.237786 4264 1 0 1 0.366222 -0.182778
4256 2501 0.243815 1 2 0.237786 4276 1 0 1 0.305185 -0.243815
4256 2501 0.243815 1 2 0.237786 4287 1 0 1 0.305185 -0.243815
4256 2501 0.243815 1 2 0.237786 4299 1 0 1 0.305185 -0.243815
4256 2501 0.243815 1 2 0.237786 4310 1 0 1 0.305185 -0.243815
4256 2501 0.243815 1 2 0.237786 4322 1 0 1 0.305185 -0.243815
4337 2501 0.243815 1 2 0.237786 4333 1 0 1 0.366222 -0.182778
4337 2501 0.243815 1 2 0.237786 4345 1 0 1 0.366222 -0.182778
4337 2501 0.243815 1 2 0.237786 4356 1 0 1 0.366222 -0.182778
4337 2501 0.243815 1 2 0.237786 4368 1 0 1 0.305185 -0.243815
4337 2501 0.243815 1 2 0.237786 4380 1 0 1 0.305185 -0.243815
4395 2501 0.243815 1 2 0.237786 4391 1 0 1 0.366222 -0.182778
4395 2501 0.243815 1 2 0.237786 4403 1 0 1 0.305185 -0.243815
4395 2501 0.243815 1 2 0.237786 4414 1 0 1 0.305185 -0.243815
4395 2501 0.243815 1 2 0.237786 4426 1 0 1 0.244148 -0.304852
4395 2501 0.304852 1 2 0.237786 4437 1 0 1 0.305185 -0.243815
4395 2501 0.304852 1 2 0.237786 4449 1 0 1 0.366222 -0.182778
4395 2501 0.304852 1 2 0.237786 4460 1 0 1 0.305185 -0.243815
4395 2501 0.304852 1 2 0.237786 4472 1 0 1 0.366222 -0.182778
4395 2501 0.304852 1 2 0.237786 4483 1 0 1 0.305185 -0.243815
4395 2501 0.304852 1 2 0.237786 4495 1 0 1 0.183111 -0.365889
4395 2501 0.304852 1 2 0.237786 4507 1 0 1 0.061037 -0.487963
4395 2501 0.304852 1 2 0.244497 4518 1 0 1 -0.061037 -0.610037
4395 2501 0.610037 1 2 0.244497 4530 1 0 1 0.000000 -0.549000
4395 2501 0.610037 1 2 0.244497 4541 1 0 1 0.122074 -0.426926
4395 2501 0.610037 1 2 0.244497 4553 1 0 1 0.183111 -0.365889
4395 2501 0.610037 1 2 0.244497 4564 1 0 1 0.244148 -0.304852
4395 2501 0.610037 1 2 0.244497 4576 1 0 1 0.305185 -0.243815
4395 2501 0.610037 1 2 0.244497 4587 1 0 1 0.305185 -0.243815
4395 2501 0.610037 1 2 0.244497 4599 1 0 1 0.366222 -0.182778
4395 2501 0.610037 1 2 0.244497 4610 1 0 1 0.427259 -0.121741
4395 2501 0.610037 1 2 0.244497 4622 1 0 1 0.488296 -0.060704
4395 2501 0.610037 1 2 0.244497 4634 1 0 1 0.671407 0.122407
4395 2501 0.610037 1 2 0.244497 4645 1 0 1 0.549333 0.000333
4395 2501 0.610037 1 2 0.244497 4656 1 0 1 0.427259 -0.121741
4395 2501 0.610037 1 2 0.244497 4668 1 0 1 0.366222 -0.182778
4395 2501 0.610037 1 2 0.244497 4680 1 0 1 0.305185 -0.243815
4395 2501 0.610037 1 2 0.244497 4691 1 0 1 0.366222 -0.182778
4395 2501 0.610037 1 2 0.244497 4703 1 0 1 0.244148 -0.304852
4395 2501 0.610037 1 2 0.251207 4714 1 0 1 -0.061037 -0.610037
4395 2501 0.610037 1 2 0.266585 4726 1 0 1 -0.732444 -1.281444
4395 2501 0.610037 1 2 0.291424 4737 1 0 1 -1.709037 -2.258036
4395 2501 0.610037 1 2 0.348551 4749 1 0 1 -4.211555 -4.760555
4395 2501 0.610037 1 2 0.476726 4761 1 0 1 -10.132145 -10.681145
4395 2501 10.681145 1 2 0.588787 4773 1 0 1 -8.789330 -9.338330
4395 2501 10.681145 1 2 0.655925 4784 1 0 1 -5.554369 -6.103369
4395 2501 10.681145 1 2 0.695473 4796 1 0 1 -2.746666 -3.295666
4395 2501 10.681145 1 2 0.724767 4808 1 0 1 -1.892148 -2.441148
4395 2501 10.681145 1 2 0.777805 4819 1 0 1 -4.272592 -4.821591
4395 2501 10.681145 1 2 0.873752 4831 1 0 1 -7.446517 -7.995516
4395 2501 10.681145 1 2 0.993870 4843 1 0 1 -9.460738 -10.009738
4395 2501 10.681145 1 2 1.082493 4855 1 0 1 -6.836146 -7.385146
4395 2501 10.681145 1 2 1.108675 4866 1 0 1 -1.831111 -2.380111
4395 2501 10.681145 1 2 1.108675 4878 1 0 1 0.854518 0.305518
4395 2501 10.681145 1 2 1.091824 4890 1 0 1 1.953185 1.404185
4395 2501 10.681145 1 2 1.070334 4901 1 0 1 2.502518 1.953518
4395 2501 10.681145 1 2 0.978774 4913 1 0 1 8.178961 7.629961
4395 2501 10.681145 1 2 0.856574 4924 1 0 1 11.658072 11.109072
4395 2501 10.681145 1 2 0.718137 4936 1 0 1 12.085330 11.536330
4395 2501 11.536330 1 3 0.663932 4948 1 0 1 5.066072 4.517073
4395 2501 11.536330 1 3 0.655200 4959 1 0 1 1.342814 0.793814
4395 2501 11.536330 1 3 0.666182 4971 1 0 1 -0.366222 -0.915222
4395 2501 11.536330 1 3 0.702069 4983 1 0 1 -2.441481 -2.990481
4395 2501 11.536330 1 3 0.919603 4994 1 0 1 -19.226662 -19.775661
4395 2501 11.536330 1 3 1.415430 5006 1 1 1 -40.772728 -41.321728
4395 2501 11.536330 1 3 2.023307 5018 1 1 1 -50.111393 -50.660393
4395 2501 50.660393 1 4 2.501553 5030 1 1 1 -39.307842 -39.856842
4395 2501 50.660393 1 4 2.702950 5042 1 1 1 -16.235847 -16.784847
4395 2501 50.660393 1 4 2.741033 5054 1 1 1 -2.624592 -3.173592
4395 2501 50.660393 1 4 2.741031 5066 1 1 1 0.976592 0.427592
4395 2501 50.660393 1 4 2.725582 5077 1 1 1 1.953185 1.404185
4395 2501 50.660393 1 4 2.677235 5089 1 1 1 4.577776 4.028777
4395 2501 50.660393 1 4 2.559062 5100 1 0 1 11.291849 10.742848
4395 2501 50.660393 1 4 2.348113 5112 1 0 1 18.127995 17.578995
4395 2501 50.660393 1 4 2.048537 5124 1 0 1 25.513475 24.964476
4395 2501 50.660393 1 4 1.681969 5135 1 0 1 33.875549 33.326550
4395 2501 50.660393 1 4 1.195656 5147 1 0 1 41.077915 40.528915
4395 2501 50.660393 1 4 0.652959 5159 1 0 1 45.777767 45.228767
4395 2501 45.228767 2 5 0.465447 5171 1 1 1 16.174810 15.625811
4395 2501 45.228767 2 5 0.426501 5182 1 1 1 4.089480 3.540481
4395 2501 45.228767 2 5 0.426501 5194 1 1 1 1.037629 0.488629
4395 2501 45.228767 2 5 0.426501 5205 1 1 1 0.122074 -0.426926
4395 2501 45.228767 2 5 0.439681 5217 1 1 1 -0.549333 -1.098333
4395 2501 45.228767 2 5 0.469708 5229 1 0 1 -1.953185 -2.502185
4395 2501 45.228767 2 5 0.507059 5241 1 0 1 -2.563555 -3.112555
4395 2501 45.228767 2 5 0.548683 5252 1 0 1 -3.234962 -3.783962
4395 2501 3.783962 3 6 0.574315 5264 1 0 1 -1.586963 -2.135962
4395 2501 3.783962 3 6 0.597017 5276 1 0 1 -1.342814 -1.891814
4395 2501 3.783962 3 6 0.670869 5287 1 0 1 -6.164739 -6.713739
4395 2501 3.783962 3 6 0.834934 5299 1 0 1 -13.122959 -13.671959
4395 2501 3.783962 3 6 1.061990 5311 1 0 1 -18.372143 -18.921144
4395 2501 3.783962 3 6 1.325668 5323 1 0 1 -21.423994 -21.972994
4395 2501 21.972994 3 6 1.545888 5334 1 0 1 -19.470810 -20.019810
4395 2501 21.972994 3 6 1.685784 5346 1 0 1 -11.108738 -11.657738
4395 2501 21.972994 3 6 1.730461 5358 1 1 1 -3.173925 -3.722925
4395 2501 21.972994 3 6 1.739246 5370 1 1 1 -0.183111 -0.732111
4395 2501 21.972994 3 6 1.739246 5382 1 1 1 0.793481 0.244481
4395 2501 21.972994 3 6 1.730513 5393 1 0 1 1.342814 0.793814
4395 2501 21.972994 3 6 1.718789 5405 1 0 1 1.525926 0.976926
4395 2501 21.972994 3 6 1.681186 5416 1 0 1 3.967407 3.418406
4395 2501 21.972994 3 6 1.555200 5428 1 0 1 11.047701 10.498701
4395 2501 21.972994 3 6 1.346448 5440 1 0 1 17.944885 17.395885
4395 2501 21.972994 3 6 1.045679 5451 1 0 1 27.893919 27.344919
4395 2501 21.972994 3 6 0.709518 5463 1 0 1 28.565327 28.016327
4395 2501 28.016327 3 7 0.611366 5475 1 1 1 8.728294 8.179295
4395 2501 28.016327 3 7 0.598605 5486 1 1 1 1.709037 1.160037
4395 2501 28.016327 3 7 0.630829 5498 1 1 1 -2.136296 -2.685296
4395 2501 28.016327 3 7 0.804416 5510 1 1 1 -13.916441 -14.465441
4395 2501 28.016327 3 7 1.022622 5521 1 1 1 -19.287699 -19.836699
4395 2501 19.836699 4 8 1.185224 5533 1 0 1 -13.000886 -13.549886
4395 2501 19.836699 4 8 1.251873 5545 1 0 1 -5.005036 -5.554036
4395 2501 19.836699 4 8 1.270180 5557 1 1 1 -0.976592 -1.525592
4395 2501 19.836699 4 8 1.277500 5569 1 1 1 -0.061037 -0.610037
4395 2501 19.836699 4 8 1.288910 5580 1 1 1 -0.488296 -1.037296
4395 2501 19.836699 4 8 1.335050 5592 1 0 1 -3.295999 -3.844999
4395 2501 19.836699 4 8 1.425137 5604 1 0 1 -6.958220 -7.507220
4395 2501 19.836699 4 8 1.519620 5616 1 0 1 -7.324443 -7.873443
4395 2501 19.836699 4 8 1.561916 5627 1 0 1 -3.295999 -3.844999
4395 2501 19.836699 4 8 1.561916 5639 1 0 1 0.000000 -0.549000
4395 2501 19.836699 4 8 1.553855 5651 1 0 1 1.220740 0.671740
4395 2501 19.836699 4 8 1.537738 5662 1 0 1 2.014222 1.465222
4395 2501 19.836699 4 8 1.505506 5674 1 0 1 3.234962 2.685962
4395 2501 19.836699 4 8 1.407476 5685 1 0 1 9.460738 8.911738
4395 2501 19.836699 4 8 1.263179 5697 1 0 1 12.573627 12.024626
4395 2501 12.024626 5 9 1.124742 5709 1 0 1 12.085330 11.536330
4395 2501 12.024626 5 9 1.044168 5720 1 0 1 7.873776 7.324776
4395 2501 12.024626 5 9 1.005345 5732 1 0 1 3.784295 3.235295
4395 2501 12.024626 5 9 1.005345 5744 1 0 1 0.793481 0.244481
4395 2501 12.024626 5 9 1.024813 5755 1 0 1 -1.220740 -1.769740
4395 2501 12.024626 5 9 1.077547 5767 1 0 1 -3.845332 -4.394332
4395 2501 12.024626 5 9 1.237217 5779 1 0 1 -12.756738 -13.305737
4395 2501 12.024626 5 9 1.409096 5790 1 0 1 -15.076144 -15.625144
4395 2501 15.625144 5 10 1.545328 5802 1 0 1 -10.803553 -11.352552
4395 2501 15.625144 5 10 1.615639 5814 1 0 1 -5.310221 -5.859221
4395 2501 15.625144 5 10 1.668372 5826 1 0 1 -3.845332 -4.394332
4395 2501 15.625144 5 10 1.780432 5838 1 0 1 -8.789330 -9.338330
4395 2501 15.625144 5 10 2.039715 5850 1 1 1 -21.057772 -21.606773
4395 2501 15.625144 5 10 2.445441 5862 1 1 1 -33.265175 -33.814175
4395 2501 15.625144 5 10 2.906092 5874 1 1 1 -37.842953 -38.391953
4395 2501 38.391953 5 10 3.245164 5886 1 1 1 -27.710808 -28.259808
4395 2501 38.391953 5 10 3.351368 5898 1 1 1 -8.301035 -8.850035
4395 2501 38.391953 5 10 3.364544 5910 1 1 1 -0.549333 -1.098333
4395 2501 38.391953 5 10 3.341096 5922 1 1 1 2.502518 1.953518
4395 2501 38.391953 5 10 3.237023 5933 1 1 1 10.010072 9.461072
4395 2501 38.391953 5 10 3.042919 5945 1 1 1 16.724144 16.175144
4395 2501 38.391953 5 10 2.807839 5957 1 0 1 20.142218 19.593218
4395 2501 38.391953 5 10 2.548550 5969 1 0 1 22.156439 21.607439
4395 2501 38.391953 5 10 2.275321 5980 1 0 1 25.391401 24.842402
4395 2501 38.391953 5 10 1.903295 5992 1 0 1 31.556141 31.007141
4395 2501 38.391953 5 10 1.472673 6004 1 0 1 36.439102 35.890102
4395 2501 35.890102 6 11 1.074278 6016 1 0 1 33.753475 33.204475
4395 2501 35.890102 6 11 0.821578 6028 1 1 1 21.607105 21.058105
4395 2501 35.890102 6 11 0.736610 6040 1 1 1 7.629628 7.080627
4395 2501 35.890102 6 11 0.711092 6051 1 1 1 2.868740 2.319740
4395 2501 35.890102 6 11 0.703764 6063 1 1 1 1.159703 0.610703
4395 2501 35.890102 6 11 0.703764 6074 1 1 1 0.061037 -0.487963
4395 2501 35.890102 6 11 0.737453 6086 1 0 1 -2.258370 -2.807370
4395 2501 35.890102 6 11 0.918364 6098 1 0 1 -14.526811 -15.075811
4395 2501 35.890102 6 11 1.234731 6110 1 0 1 -25.818661 -26.367661
4395 2501 35.890102 6 11 1.589185 6122 1 0 1 -28.992584 -29.541584
4395 2501 29.541584 7 12 1.909943 6134 1 0 1 -26.184881 -26.733881
4395 2501 29.541584 7 12 2.103265 6146 1 1 1 -15.564440 -16.113440
4395 2501 29.541584 7 12 2.173579 6158 1 1 1 -5.310221 -5.859221
4395 2501 29.541584 7 12 2.188224 6170 1 1 1 -0.671407 -1.220407
4395 2501 29.541584 7 12 2.188220 6182 1 1 1 0.671407 0.122407
4395 2501 29.541584 7 12 2.188218 6193 1 1 1 0.427259 -0.121741
4395 2501 29.541584 7 12 2.188218 6205 1 0 1 0.000000 -0.549000
4395 2501 29.541584 7 12 2.196270 6217 1 0 1 -0.122074 -0.671074
4395 2501 29.541584 7 12 2.196272 6229 1 0 1 0.122074 -0.426926
4395 2501 29.541584 7 12 2.196272 6240 1 0 1 0.854518 0.305518
4395 2501 29.541584 7 12 2.180155 6252 1 0 1 1.892148 1.343148
4395 2501 29.541584 7 12 2.124484 6264 1 0 1 5.188147 4.639147
4395 2501 29.541584 7 12 2.006985 6275 1 0 1 11.230812 10.681811
4395 2501 29.541584 7 12 1.839984 6287 1 0 1 14.465774 13.916774
4395 2501 29.541584 7 12 1.654672 6299 1 0 1 15.991699 15.442699
4395 2501 29.541584 7 12 1.440794 6311 1 0 1 18.372143 17.823143
4395 2501 29.541584 7 12 1.199083 6323 1 0 1 20.691551 20.142551
4395 2501 20.142551 8 13 1.001685 6334 1 0 1 18.494219 17.945217
4395 2501 20.142551 8 13 0.924774 6346 1 0 1 6.958220 6.409220
4395 2501 20.142551 8 13 0.907191 6358 1 0 1 2.014222 1.465222
4395 2501 20.142551 8 13 0.907191 6370 1 0 1 0.061037 -0.487963
4395 2501 20.142551 8 13 0.933373 6381 1 0 1 -1.831111 -2.380111
4395 2501 20.142551 8 13 1.021263 6393 1 0 1 -6.775109 -7.324110
4395 2501 20.142551 8 13 1.123802 6405 1 0 1 -7.995850 -8.544849
4395 2501 8.544849 9 14 1.206565 6417 1 0 1 -6.347850 -6.896850
4395 2501 8.544849 9 14 1.276144 6429 1 0 1 -5.249184 -5.798184
4395 2501 8.544849 9 14 1.398337 6440 1 0 1 -10.559405 -11.108405
4395 2501 8.544849 9 14 1.638577 6452 1 0 1 -19.470810 -20.019810
4395 2501 8.544849 9 14 2.009125 6464 1 0 1 -30.335400 -30.884399
4395 2501 8.544849 9 14 2.441923 6476 1 0 1 -35.523548 -36.072548
4395 2501 36.072548 9 14 2.784643 6488 1 0 1 -28.015993 -28.564993
4395 2501 36.072548 9 14 2.983136 6500 1 1 1 -15.991699 -16.540699
4395 2501 36.072548 9 14 3.044658 6512 1 1 1 -4.577776 -5.126777
4395 2501 36.072548 9 14 3.044658 6524 1 1 1 0.061037 -0.487963
4395 2501 36.072548 9 14 3.031466 6536 1 1 1 1.648000 1.099000
4395 2501 36.072548 9 14 3.009304 6547 1 1 1 2.563555 2.014555
4395 2501 36.072548 9 14 2.939719 6559 1 0 1 6.347850 5.798850
4395 2501 36.072548 9 14 2.824908 6570 1 0 1 10.986664 10.437664
4395 2501 36.072548 9 14 2.638134 6582 1 0 1 16.113773 15.564774
4395 2501 36.072548 9 14 2.386171 6594 1 0 1 21.546068 20.997068
4395 2501 36.072548 9 14 2.066891 6606 1 0 1 27.161476 26.612474
4395 2501 26.612474 10 15 1.765914 6618 1 0 1 25.635548 25.086548
4395 2501 26.612474 10 15 1.502228 6630 1 0 1 22.522661 21.973660
4395 2501 26.612474 10 15 1.357931 6642 1 1 1 12.573627 12.024626
4395 2501 26.612474 10 15 1.326431 6654 1 1 1 3.173925 2.624925
4395 2501 26.612474 10 15 1.337843 6665 1 1 1 -0.488296 -1.037296
4395 2501 26.612474 10 15 1.379591 6677 1 1 1 -2.929777 -3.478777
4395 2501 26.612474 10 15 1.520950 6689 1 0 1 -11.230812 -11.779812
4395 2501 26.612474 10 15 1.725300 6701 1 0 1 -16.479996 -17.028996
4395 2501 17.028996 11 16 1.912071 6713 1 0 1 -15.015107 -15.564107
4395 2501 17.028996 11 16 2.038049 6725 1 0 1 -9.949035 -10.498034
4395 2501 17.028996 11 16 2.101035 6737 1 1 1 -4.699851 -5.248851
4395 2501 17.028996 11 16 2.121540 6749 1 1 1 -1.159703 -1.708704
4395 2501 17.028996 11 16 2.121540 6761 1 1 1 0.122074 -0.426926
4395 2501 17.028996 11 16 2.121540 6773 1 0 1 0.427259 -0.121741
4395 2501 17.028996 11 16 2.121540 6785 1 0 1 0.610370 0.061370
4395 2501 17.028996 11 16 2.121538 6797 1 0 1 0.671407 0.122407
4395 2501 17.028996 11 16 2.121538 6808 1 0 1 0.732444 0.183444
4395 2501 0.183444 12 17 2.121538 6820 1 0 1 0.671407 0.122407
4395 2501 0.183444 12 17 2.121538 6832 1 0 1 0.915555 0.366555
4395 2501 0.183444 12 17 2.104751 6843 1 0 1 2.075259 1.526259
4395 2501 0.183444 12 17 2.054210 6855 1 0 1 4.760888 4.211888
4395 2501 0.183444 12 17 1.968513 6867 1 0 1 7.690665 7.141665
4395 2501 0.183444 12 17 1.867799 6878 1 0 1 9.704886 9.155887
4395 2501 0.183444 12 17 1.740351 6890 1 0 1 11.169775 10.620775
4395 2501 0.183444 12 17 1.606311 6902 1 0 1 11.719108 11.170108
4395 2501 11.170108 12 17 1.487650 6914 1 0 1 10.437330 9.888330
4395 2501 11.170108 12 17 1.416476 6925 1 0 1 7.019258 6.470257
4395 2501 11.170108 12 17 1.373258 6937 1 0 1 4.150517 3.601517
4395 2501 11.170108 12 17 1.360802 6949 1 0 1 1.586963 1.037963
4395 2501 11.170108 12 17 1.360802 6961 1 0 1 0.183111 -0.365889
4395 2501 11.170108 12 17 1.376180 6973 1 0 1 -0.732444 -1.281444
4395 2501 11.170108 12 17 1.402363 6984 1 0 1 -1.831111 -2.380111
4395 2501 11.170108 12 17 1.498310 6996 1 0 1 -7.446517 -7.995516
4395 2501 11.170108 12 17 1.668235 7008 1 0 1 -13.611256 -14.160255
4395 2501 11.170108 12 17 1.884304 7020 1 0 1 -17.456589 -18.005589
4395 2501 11.170108 12 17 2.176303 7033 1 0 1 -21.912291 -22.461290
4395 2501 11.170108 12 17 2.448697 7045 1 0 1 -22.156439 -22.705439
4395 2501 22.705439 12 18 2.610564 7057 1 1 1 -12.939849 -13.488849
4395 2501 22.705439 12 18 2.657438 7069 1 1 1 -3.357036 -3.906036
4395 2501 22.705439 12 18 2.657438 7081 1 1 1 0.183111 -0.365889
4395 2501 22.705439 12 18 2.648639 7093 1 1 1 1.281778 0.732777
4395 2501 22.705439 12 18 2.634532 7104 1 0 1 1.831111 1.282111
4395 2501 22.705439 12 18 2.570072 7116 1 0 1 5.920591 5.371591
4395 2501 22.705439 12 18 2.425779 7128 1 0 1 12.573627 12.024626
4395 2501 22.705439 12 18 2.179677 7140 1 0 1 21.057772 20.508772
4395 2501 22.705439 12 18 1.823797 7152 1 0 1 30.213326 29.664326
4395 2501 22.705439 12 18 1.412992 7164 1 0 1 34.791103 34.242104
4395 2501 34.242104 12 19 1.246478 7175 1 1 1 15.686515 15.137515
4395 2501 34.242104 12 19 1.193005 7187 1 1 1 5.005036 4.456036
4395 2501 34.242104 12 19 1.179084 7199 1 1 1 1.709037 1.160037
4395 2501 34.242104 12 19 1.179084 7211 1 1 1 0.732444 0.183444
4395 2501 34.242104 12 19 1.179084 7223 1 1 1 0.549333 0.000333
4395 2501 34.242104 12 19 1.179084 7234 1 0 1 0.488296 -0.060704
4395 2501 34.242104 12 19 1.179084 7246 1 0 1 0.122074 -0.426926
4395 2501 34.242104 12 19 1.209845 7258 1 0 1 -2.014222 -2.563222
4395 2501 34.242104 12 19 1.365853 7270 1 0 1 -12.451552 -13.000552
4395 2501 34.242104 12 19 1.656630 7282 1 0 1 -23.682364 -24.231363
4395 2501 34.242104 12 19 1.997875 7294 1 0 1 -27.893919 -28.442919
4395 2501 28.442919 13 20 2.287836 7306 1 0 1 -23.621326 -24.170326
4395 2501 28.442919 13 20 2.435791 7318 1 1 1 -11.780145 -12.329144
4395 2501 28.442919 13 20 2.468747 7330 1 1 1 -2.197333 -2.746333
4395 2501 28.442919 13 20 2.468744 7342 1 1 1 0.488296 -0.060704
4395 2501 28.442919 13 20 2.456282 7354 1 1 1 1.586963 1.037963
4395 2501 28.442919 13 20 2.432834 7366 1 0 1 2.502518 1.953518
4395 2501 28.442919 13 20 2.333949 7378 1 0 1 8.789330 8.240331
4395 2501 28.442919 13 20 2.174824 7389 1 0 1 15.015107 14.466107
4395 2501 28.442919 13 20 1.940439 7401 1 0 1 20.081181 19.532181
4395 2501 28.442919 13 20 1.647531 7413 1 0 1 24.964142 24.415142
4395 2501 24.415142 14 21 1.404356 7425 1 0 1 20.813623 20.264624
4395 2501 24.415142 14 21 1.304739 7437 1 1 1 8.850368 8.301368
4395 2501 24.415142 14 21 1.281296 7449 1 1 1 2.502518 1.953518
4395 2501 24.415142 14 21 1.281296 7461 1 1 1 0.671407 0.122407
4395 2501 24.415142 14 21 1.291364 7472 1 1 1 -0.366222 -0.915222
4395 2501 24.415142 14 21 1.316263 7484 1 0 1 -1.525926 -2.074926
4395 2501 24.415142 14 21 1.377053 7496 1 0 1 -4.516739 -5.065739
4395 2501 24.415142 14 21 1.483252 7508 1 0 1 -8.301035 -8.850035
4395 2501 24.415142 14 21 1.633401 7520 1 0 1 -11.963257 -12.512257
4395 2501 24.415142 14 21 1.831158 7532 1 0 1 -15.930662 -16.479662
4395 2501 24.415142 14 21 2.080188 7544 1 0 1 -20.203255 -20.752254
4395 2501 20.752254 15 22 2.303581 7556 1 0 1 -18.066957 -18.615957
4395 2501 20.752254 15 22 2.439817 7568 1 0 1 -10.803553 -11.352552
4395 2501 20.752254 15 22 2.473933 7581 1 0 1 -2.075259 -2.624259
4395 2501 20.752254 15 22 2.473933 7592 1 0 1 0.427259 -0.121741
4395 2501 20.752254 15 22 2.462205 7604 1 0 1 1.525926 0.976926
4395 2501 20.752254 15 22 2.443884 7616 1 0 1 2.075259 1.526259
4395 2501 20.752254 15 22 2.381621 7628 1 0 1 5.737480 5.188480
4395 2501 20.752254 15 22 2.268824 7639 1 0 1 10.803553 10.254553
4395 2501 20.752254 15 22 2.093768 7651 1 0 1 15.137181 14.588181
4395 2501 20.752254 15 22 1.844004 7663 1 0 1 21.362957 20.813957
4395 2501 20.752254 15 22 1.552488 7675 1 0 1 24.842068 24.293068
4395 2501 24.293068 15 23 1.392810 7687 1 1 1 13.855404 13.306404
4395 2501 24.293068 15 23 1.353254 7699 1 1 1 3.845332 3.296332
4395 2501 24.293068 15 23 1.353254 7711 1 1 1 1.098666 0.549666
4395 2501 24.293068 15 23 1.353254 7723 1 1 1 0.427259 -0.121741
4395 2501 24.293068 15 23 1.353254 7734 1 0 1 0.183111 -0.365889
4395 2501 24.293068 15 23 1.353254 7746 1 0 1 0.000000 -0.549000
4395 2501 24.293068 15 23 1.365701 7758 1 0 1 -0.488296 -1.037296
4395 2501 24.293068 15 23 1.389136 7770 1 0 1 -1.403852 -1.952851
4395 2501 24.293068 15 23 1.438206 7782 1 0 1 -3.540147 -4.089148
4395 2501 24.293068 15 23 1.547337 7794 1 0 1 -8.545183 -9.094183
4395 2501 24.293068 15 23 1.667456 7806 1 0 1 -9.460738 -10.009738
4395 2501 10.009738 16 24 1.732640 7818 1 0 1 -4.882962 -5.431962
4395 2501 10.009738 16 24 1.747285 7830 1 0 1 -0.671407 -1.220407
4395 2501 10.009738 16 24 1.747281 7842 1 0 1 0.732444 0.183444
4395 2501 10.009738 16 24 1.737873 7853 1 0 1 1.403852 0.854851
4395 2501 10.009738 16 24 1.723216 7865 1 0 1 1.770074 1.221074
4395 2501 10.009738 16 24 1.702704 7877 1 0 1 2.258370 1.709370
4395 2501 10.009738 16 24 1.656372 7888 1 0 1 4.760888 4.211888
4395 2501 10.009738 16 24 1.577266 7900 1 0 1 7.141332 6.592331
4395 2501 10.009738 16 24 1.471060 7912 1 0 1 9.399701 8.850701
4395 2501 8.850701 17 25 1.418323 7924 1 0 1 4.943999 4.394999
4395 2501 8.850701 17 25 1.384081 7935 1 0 1 3.662221 3.113221
4395 2501 8.850701 17 25 1.370896 7947 1 0 1 1.648000 1.099000
4395 2501 8.850701 17 25 1.370896 7959 1 0 1 0.488296 -0.060704
4395 2501 8.850701 17 25 1.370896 7970 1 0 1 0.122074 -0.426926
4395 2501 8.850701 17 25 1.379681 7982 1 0 1 -0.183111 -0.732111
4395 2501 8.850701 17 25 1.396523 7994 1 0 1 -0.854518 -1.403518
4395 2501 8.850701 17 25 1.420690 8006 1 0 1 -1.464888 -2.013888
4395 2501 8.850701 17 25 1.466830 8018 1 0 1 -3.295999 -3.844999
4395 2501 8.850701 17 25 1.526583 8029 1 0 1 -4.882962 -5.431962
4395 2501 8.850701 17 25 1.606416 8041 1 0 1 -6.103702 -6.652702
4395 2501 8.850701 17 25 1.716280 8053 1 0 1 -8.606220 -9.155220
4395 2501 8.850701 17 25 1.879612 8065 1 0 1 -13.061923 -13.610923
4395 2501 8.850701 17 25 2.070045 8077 1 0 1 -15.320292 -15.869293
4395 2501 15.869293 17 26 2.259014 8089 1 0 1 -15.198218 -15.747219
4395 2501 15.869293 17 26 2.405500 8101 1 0 1 -11.658072 -12.207071
4395 2501 15.869293 17 26 2.485333 8113 1 0 1 -6.103702 -6.652702
4395 2501 15.869293 17 26 2.514627 8125 1 0 1 -1.892148 -2.441148
4395 2501 15.869293 17 26 2.514627 8137 1 0 1 0.183111 -0.365889
4395 2501 15.869293 17 26 2.505829 8149 1 0 1 1.281778 0.732777
4395 2501 15.869293 17 26 2.492392 8160 1 0 1 1.770074 1.221074
4395 2501 15.869293 17 26 2.470408 8172 1 0 1 2.380444 1.831444
4395 2501 15.869293 17 26 2.384708 8184 1 0 1 7.690665 7.141665
4395 2501 15.869293 17 26 2.211121 8196 1 0 1 15.015107 14.466107
4395 2501 15.869293 17 26 1.995784 8208 1 0 1 18.494219 17.945217
4395 2501 15.869293 17 26 1.762135 8219 1 0 1 21.790218 21.241217
4395 2501 21.241217 17 27 1.587079 8231 1 0 1 15.137181 14.588181
4395 2501 21.241217 17 27 1.537271 8243 1 0 1 4.699851 4.150851
4395 2501 21.241217 17 27 1.526280 8255 1 0 1 1.464888 0.915888
4395 2501 21.241217 17 27 1.526280 8267 1 0 1 0.427259 -0.121741
4395 2501 21.241217 17 27 1.535798 8279 1 0 1 -0.244148 -0.793148
4395 2501 21.241217 17 27 1.565092 8291 1 0 1 -1.892148 -2.441148
4395 2501 21.241217 17 27 1.681241 8302 1 0 1 -10.010072 -10.559072
4395 2501 21.241217 17 27 1.889921 8315 1 0 1 -15.503403 -16.052402
4395 2501 21.241217 17 27 2.117709 8327 1 0 1 -18.433182 -18.982182
4395 2501 18.982182 18 28 2.340370 8339 1 0 1 -18.005922 -18.554922
4395 2501 18.982182 18 28 2.552776 8351 1 0 1 -17.151403 -17.700403
4395 2501 18.982182 18 28 2.710250 8363 1 0 1 -12.573627 -13.122626
4395 2501 18.982182 18 28 2.760785 8375 1 0 1 -3.662221 -4.211221
4395 2501 18.982182 18 28 2.760785 8387 1 0 1 0.000000 -0.549000
4395 2501 18.982182 18 28 2.750521 8399 1 0 1 1.403852 0.854851
4395 2501 18.982182 18 28 2.721946 8411 1 0 1 2.929777 2.380777
4395 2501 18.982182 18 28 2.621902 8422 1 0 1 9.643849 9.094850
4395 2501 18.982182 18 28 2.450512 8434 1 0 1 14.831996 14.282996
4395 2501 18.982182 18 28 2.235176 8446 1 0 1 18.494219 17.945217
4395 2501 18.982182 18 28 1.992008 8458 1 0 1 20.813623 20.264624
4395 2501 20.264624 18 29 1.763482 8470 1 0 1 19.592884 19.043884
4395 2501 20.264624 18 29 1.678514 8482 1 0 1 7.629628 7.080627
4395 2501 20.264624 18 29 1.657025 8493 1 0 1 2.502518 1.953518
4395 2501 20.264624 18 29 1.657025 8505 1 0 1 0.488296 -0.060704
4395 2501 20.264624 18 29 1.672403 8517 1 0 1 -0.732444 -1.281444
4395 2501 20.264624 18 29 1.804969 8529 1 0 1 -10.498367 -11.047368
4395 2501 20.264624 18 29 2.035682 8541 1 0 1 -18.677328 -19.226328
4395 2501 20.264624 18 29 2.281047 8553 1 0 1 -19.898069 -20.447069
4395 2501 20.447069 18 30 2.494918 8565 1 0 1 -17.273478 -17.822477
4395 2501 20.447069 18 30 2.670702 8577 1 0 1 -14.099552 -14.648552
4395 2501 20.447069 18 30 2.804802 8590 1 0 1 -9.765924 -10.314923
4395 2501 20.447069 18 30 2.895628 8602 1 0 1 -7.019258 -7.568257
4395 2501 20.447069 18 30 2.949344 8613 1 0 1 -4.333629 -4.882628
4395 2501 20.447069 18 30 2.967655 8625 1 0 1 -0.976592 -1.525592
4395 2501 20.447069 18 30 2.967655 8637 1 0 1 0.976592 0.427592
4395 2501 20.447069 18 30 2.925162 8649 1 0 1 4.089480 3.540481
4395 2501 20.447069 18 30 2.755229 8661 1 0 1 14.709922 14.160922
4395 2501 20.447069 18 30 2.501802 8673 1 0 1 21.668142 21.119143
4395 2501 20.447069 18 30 2.189871 8685 1 0 1 26.551105 26.002104
4395 2501 26.002104 18 31 1.939369 8697 1 0 1 21.423994 20.874994
4395 2501 26.002104 18 31 1.803742 8708 1 1 1 12.878811 12.329811
4395 2501 26.002104 18 31 1.758330 8720 1 1 1 4.333629 3.784629
4395 2501 26.002104 18 31 1.746606 8732 1 1 1 1.525926 0.976926
4395 2501 26.002104 18 31 1.746606 8744 1 1 1 0.610370 0.061370
4395 2501 26.002104 18 31 1.746606 8756 1 0 1 0.244148 -0.304852
4395 2501 26.002104 18 31 1.758016 8767 1 0 1 -0.488296 -1.037296
4395 2501 26.002104 18 31 1.825398 8779 1 0 1 -5.066072 -5.615073
4395 2501 26.002104 18 31 1.970419 8791 1 0 1 -11.535996 -12.084997
4395 2501 26.002104 18 31 2.144739 8803 1 0 1 -13.977478 -14.526478
4395 2501 26.002104 18 31 2.343229 8815 1 0 1 -15.991699 -16.540699
4395 2501 16.540699 19 32 2.548738 8828 1 0 1 -15.259255 -15.808256
4395 2501 16.540699 19 32 2.735509 8840 1 0 1 -15.015107 -15.564107
4395 2501 16.540699 19 32 2.864416 8852 1 0 1 -10.193182 -10.742183
4395 2501 16.540699 19 32 2.921543 8864 1 0 1 -4.211555 -4.760555
4395 2501 16.540699 19 32 2.954499 8876 1 0 1 -2.197333 -2.746333
4395 2501 16.540699 19 32 2.999907 8888 1 0 1 -3.234962 -3.783962
4395 2501 16.540699 19 32 3.062162 8900 1 0 1 -4.638814 -5.187814
4395 2501 16.540699 19 32 3.108308 8912 1 0 1 -3.295999 -3.844999
4395 2501 16.540699 19 32 3.122221 8924 1 0 1 -0.610370 -1.159370
4395 2501 16.540699 19 32 3.122221 8935 1 0 1 0.793481 0.244481
4395 2501 16.540699 19 32 3.109027 8947 1 0 1 1.648000 1.099000
4395 2501 16.540699 19 32 3.065808 8959 1 0 1 4.150517 3.601517
4395 2501 16.540699 19 32 2.970591 8971 1 0 1 8.484146 7.935146
4395 2501 16.540699 19 32 2.859138 8982 1 0 1 10.681479 10.132479
4395 2501 16.540699 19 32 2.717044 8994 1 0 1 12.390515 11.841516
4395 2501 16.540699 19 32 2.548584 9006 1 0 1 14.587849 14.038848
4395 2501 16.540699 19 32 2.372797 9018 1 0 1 15.198218 14.649219
4395 2501 14.649219 20 33 2.290026 9030 1 0 1 7.446517 6.897517
4395 2501 14.649219 20 33 2.280500 9042 1 0 1 1.342814 0.793814
4395 2501 14.649219 20 33 2.326641 9054 1 0 1 -3.295999 -3.844999
4395 2501 14.649219 20 33 2.530747 9065 1 1 1 -18.005922 -18.554922
4395 2501 14.649219 20 33 2.942376 9078 1 1 1 -31.128880 -31.677881
4395 2501 14.649219 20 33 3.380922 9090 1 1 1 -36.011845 -36.560844
4395 2501 36.560844 20 34 3.777034 9102 1 0 1 -32.471695 -33.020695
4395 2501 36.560844 0 0 4.085272 9114 1 1 1 -25.147253 -25.696253
4395 2501 36.560844 0 0 4.269124 9126 1 1 1 -14.770959 -15.319959
4395 2501 36.560844 0 0 4.330655 9138 1 1 1 -4.577776 -5.126777
4395 2501 36.560844 0 0 4.330646 9149 1 1 1 0.305185 -0.243815
4395 2501 36.560844 0 0 4.310843 9161 1 1 1 2.197333 1.648333
4395 2501 36.560844 0 0 4.207563 9173 1 0 1 9.155553 8.606553
4395 2501 36.560844 0 0 4.020245 9184 1 0 1 17.578661 17.029661
4395 2501 36.560844 0 0 3.742653 9196 1 0 1 23.682364 23.133364
4395 2501 36.560844 0 0 3.355346 9208 1 0 1 32.837917 32.288918
4395 2501 36.560844 0 0 2.921803 9219 1 0 1 39.979248 39.430248
4395 2501 36.560844 0 0 2.428320 9231 1 1 1 41.688286 41.139286
4395 2501 41.139286 0 1 2.131050 9243 1 1 1 25.330364 24.781364
4395 2501 41.139286 0 1 2.008849 9254 1 1 1 11.658072 11.109072
4395 2501 41.139286 0 1 1.967095 9266 1 1 1 4.028443 3.479443
4395 2501 41.139286 0 1 1.956841 9278 1 1 1 1.403852 0.854851
4395 2501 41.139286 0 1 1.956845 9289 1 1 1 0.427259 -0.121741
4395 2501 41.139286 0 1 1.966363 9301 1 0 1 -0.244148 -0.793148
4395 2501 41.139286 0 1 2.002981 9313 1 0 1 -2.502518 -3.051518
4395 2501 41.139286 0 1 2.120475 9324 1 0 1 -10.132145 -10.681145
4395 2501 41.139286 0 1 2.302845 9336 1 0 1 -14.648886 -15.197886
4395 2501 15.197886 1 2 2.470573 9348 1 0 1 -13.428144 -13.977144
4395 2501 15.197886 1 2 2.575309 9360 1 0 1 -8.178961 -8.727962
4395 2501 15.197886 1 2 2.617788 9372 1 0 1 -2.990814 -3.539814
4395 2501 15.197886 1 2 2.629503 9384 1 0 1 -0.427259 -0.976259
4395 2501 15.197886 1 2 2.638228 9395 1 0 1 -0.244148 -0.793148
4395 2501 15.197886 1 2 2.687298 9407 1 0 1 -3.540147 -4.089148
4395 2501 15.197886 1 2 2.890903 9419 1 1 1 -16.418959 -16.967960
4395 2501 15.197886 1 2 3.229860 9431 1 1 1 -27.710808 -28.259808
4395 2501 15.197886 1 2 3.594474 9443 1 1 1 -29.847105 -30.396105
4395 2501 30.396105 1 2 3.873411 9455 1 1 1 -22.705772 -23.254772
4395 2501 30.396105 1 2 3.990917 9466 1 1 1 -10.132145 -10.681145
4395 2501 30.396105 0 0 4.012886 9478 1 1 1 -1.281778 -1.830777
4395 2501 30.396105 0 0 3.994571 9490 1 1 1 2.075259 1.526259
4395 2501 30.396105 0 0 3.965260 9502 1 1 1 2.990814 2.441814
4395 2501 30.396105 0 0 3.889387 9513 1 0 1 7.446517 6.897517
4395 2501 30.396105 0 0 3.704085 9525 1 0 1 15.991699 15.442699
4395 2501 30.396105 0 0 3.430261 9536 1 0 1 25.452438 24.903439
4395 2501 30.396105 0 0 3.037855 9548 1 0 1 33.265175 32.716175
4395 2501 30.396105 0 0 2.534170 9560 1 0 1 42.542805 41.993805
4395 2501 41.993805 0 1 2.210566 9572 1 1 1 27.527697 26.978697
4395 2501 41.993805 0 1 2.125964 9583 1 1 1 8.239998 7.690998
4395 2501 41.993805 0 1 2.100324 9595 1 1 1 2.685629 2.136629
4395 2501 41.993805 0 1 2.100324 9606 1 1 1 0.915555 0.366555
4395 2501 41.993805 0 1 2.100324 9618 1 1 1 0.000000 -0.549000
4395 2501 41.993805 0 1 2.120096 9630 1 0 1 -1.098666 -1.647666
4395 2501 41.993805 0 1 2.161049 9641 1 0 1 -3.173925 -3.722925
4395 2501 41.993805 0 1 2.269443 9653 1 0 1 -8.484146 -9.033147
4395 2501 41.993805 0 1 2.428375 9665 1 0 1 -12.695701 -13.244700
4395 2501 41.993805 0 1 2.610018 9677 1 0 1 -14.587849 -15.136848
4395 2501 15.136848 1 2 2.775548 9689 1 0 1 -13.245034 -13.794034
4395 2501 15.136848 1 2 2.897138 9701 1 0 1 -9.582812 -10.131812
4395 2501 15.136848 1 2 2.947496 9712 1 0 1 -4.028443 -4.577444
4395 2501 15.136848 1 2 2.959944 9724 1 0 1 -0.488296 -1.037296
4395 2501 15.136848 1 2 2.959938 9736 1 0 1 1.098666 0.549666
4395 2501 15.136848 1 2 2.942466 9747 1 0 1 2.136296 1.587296
4395 2501 15.136848 1 2 2.862625 9759 1 0 1 7.202369 6.653369
4395 2501 15.136848 1 2 2.696354 9771 1 0 1 14.404737 13.855738
4395 2501 15.136848 1 2 2.523126 9782 1 0 1 16.296885 15.747885
4395 2501 15.747885 1 3 2.335622 9794 1 0 1 16.174810 15.625811
4395 2501 15.747885 1 3 2.200124 9806 1 0 1 11.841182 11.292182
4395 2501 15.747885 1 3 2.161858 9817 1 0 1 4.028443 3.479443
4395 2501 15.747885 1 3 2.152338 9829 1 0 1 1.342814 0.793814
4395 2501 15.747885 1 3 2.152338 9841 1 0 1 0.244148 -0.304852
4395 2501 15.747885 1 3 2.165091 9852 1 0 1 -0.610370 -1.159370
4395 2501 15.747885 1 3 2.244919 9864 1 0 1 -6.103702 -6.652702
4395 2501 15.747885 1 3 2.436808 9876 1 0 1 -15.442367 -15.991367
4395 2501 15.747885 1 3 2.693772 9888 1 0 1 -20.874660 -21.423660
4395 2501 21.423660 1 4 2.947824 9900 1 0 1 -20.630514 -21.179514
4395 2501 21.423660 1 4 3.165241 9911 1 0 1 -19.226662 -19.775661
4395 2501 21.423660 1 4 3.325644 9923 1 0 1 -12.817774 -13.366774
4395 2501 21.423660 1 4 3.391561 9935 1 1 1 -4.943999 -5.492999
4395 2501 21.423660 1 4 3.406939 9947 1 1 1 -0.732444 -1.281444
4395 2501 21.423660 1 4 3.406939 9959 1 1 1 0.854518 0.305518
4395 2501 21.423660 1 4 3.394842 9970 1 0 1 1.648000 1.099000
4395 2501 21.423660 1 4 3.375056 9982 1 0 1 2.197333 1.648333
4395 2501 21.423660 1 4 3.291132 9993 1 0 1 8.178961 7.629961
4395 2501 21.423660 1 4 3.126340 10005 1 0 1 14.282663 13.733663
4395 2501 21.423660 1 4 2.860472 10017 1 0 1 22.705772 22.156773
4395 2501 21.423660 1 4 2.560299 10029 1 0 1 25.574512 25.025513
4395 2501 25.025513 1 5 2.363571 10040 1 0 1 18.433182 17.884180
4395 2501 25.025513 1 5 2.292520 10052 1 1 1 6.469924 5.920924
4395 2501 25.025513 1 5 2.277134 10064 1 1 1 1.831111 1.282111
4395 2501 25.025513 1 5 2.277134 10075 1 1 1 0.061037 -0.487963
4395 2501 25.025513 1 5 2.311555 10087 1 1 1 -2.319407 -2.868407
4395 2501 25.025513 1 5 2.432406 10099 1 0 1 -9.521775 -10.070776
4395 2501 25.025513 1 5 2.587682 10111 1 0 1 -12.390515 -12.939515
4395 2501 25.025513 1 5 2.765663 10123 1 0 1 -14.282663 -14.831663
4395 2501 14.831663 2 6 2.926066 10135 1 0 1 -12.817774 -13.366774
4395 2501 14.831663 2 6 3.065228 10147 1 0 1 -11.047701 -11.596701
4395 2501 14.831663 2 6 3.169965 10159 1 0 1 -8.178961 -8.727962
4395 2501 14.831663 2 6 3.230021 10171 1 0 1 -4.455703 -5.004703
4395 2501 14.831663 2 6 3.264442 10183 1 0 1 -2.319407 -2.868407
4395 2501 14.831663 2 6 3.279210 10194 1 0 1 -0.793481 -1.342481
4395 2501 14.831663 2 6 3.290925 10206 1 0 1 -0.427259 -0.976259
4395 2501 14.831663 2 6 3.301175 10218 1 0 1 -0.305185 -0.854185
4395 2501 14.831663 2 6 3.301175 10230 1 0 1 0.427259 -0.121741
4395 2501 14.831663 2 6 3.301175 10242 1 0 1 0.915555 0.366555
4395 2501 14.831663 2 6 3.292444 10253 1 0 1 1.342814 0.793814
4395 2501 14.831663 2 6 3.276326 10265 1 0 1 1.892148 1.343148
4395 2501 14.831663 2 6 3.224325 10277 1 0 1 4.882962 4.333962
4395 2501 14.831663 2 6 3.131008 10288 1 0 1 9.033479 8.484479
4395 2501 14.831663 2 6 2.999178 10300 1 0 1 11.535996 10.986997
4395 2501 14.831663 2 6 2.836583 10312 1 0 1 14.099552 13.550552
4395 2501 14.831663 2 6 2.681490 10323 1 0 1 14.648886 14.099885
4395 2501 14.099885 3 7 2.541588 10335 1 0 1 12.207404 11.658404
4395 2501 14.099885 3 7 2.451492 10347 1 0 1 8.056887 7.507887
4395 2501 14.099885 3 7 2.422923 10359 1 0 1 2.929777 2.380777
4395 2501 14.099885 3 7 2.422923 10370 1 0 1 0.427259 -0.121741
4395 2501 14.099885 3 7 2.452949 10382 1 0 1 -1.953185 -2.502185
4395 2501 14.099885 3 7 2.596498 10394 1 0 1 -11.413923 -11.962923
4395 2501 14.099885 3 7 2.806697 10406 1 0 1 -16.968292 -17.517292
4395 2501 14.099885 3 7 3.062318 10418 1 0 1 -20.752586 -21.301586
4395 2501 14.099885 3 7 3.330989 10430 1 0 1 -21.851254 -22.400253
4395 2501 22.400253 3 8 3.560852 10442 1 0 1 -18.616291 -19.165291
4395 2501 22.400253 3 8 3.737369 10454 1 0 1 -14.160588 -14.709589
4395 2501 22.400253 3 8 3.903631 10466 1 0 1 -13.306071 -13.855071
4395 2501 22.400253 0 0 4.117503 10478 1 0 1 -17.273478 -17.822477
4395 2501 22.400253 0 0 4.314528 10490 1 0 1 -15.869626 -16.418627
4395 2501 22.400253 0 0 4.440506 10502 1 0 1 -9.949035 -10.498034
4395 2501 22.400253 0 0 4.479321 10514 1 0 1 -2.685629 -3.234629
4395 2501 22.400253 0 0 4.479321 10526 1 0 1 0.671407 0.122407
4395 2501 22.400253 0 0 4.457145 10537 1 0 1 2.563555 2.014555
4395 2501 22.400253 0 0 4.367791 10549 1 0 1 7.995850 7.446849
4395 2501 22.400253 0 0 4.205205 10561 1 0 1 14.099552 13.550552
4395 2501 22.400253 0 0 3.983772 10572 1 0 1 20.691551 20.142551
4395 2501 22.400253 0 0 3.655777 10584 1 0 1 27.893919 27.344919
4395 2501 22.400253 0 0 3.239259 10596 1 0 1 35.279396 34.730396
4395 2501 34.730396 0 1 2.861491 10608 1 0 1 32.044434 31.495436
4395 2501 34.730396 0 1 2.660795 10620 1 1 1 17.273478 16.724478
4395 2501 34.730396 0 1 2.586814 10632 1 1 1 6.714072 6.165072
4395 2501 34.730396 0 1 2.570025 10643 1 1 1 2.075259 1.526259
4395 2501 34.730396 0 1 2.583205 10655 1 1 1 -0.549333 -1.098333
4395 2501 34.730396 0 1 2.676223 10667 1 1 1 -7.202369 -7.751369
4395 2501 34.730396 0 1 2.827826 10679 1 0 1 -12.085330 -12.634330
4395 2501 34.730396 0 1 3.002871 10691 1 0 1 -14.038515 -14.587515
4395 2501 14.587515 1 2 3.160344 10703 1 0 1 -12.573627 -13.122626
4395 2501 14.587515 1 2 3.273138 10715 1 0 1 -8.850368 -9.399368
4395 2501 14.587515 1 2 3.328190 10726 1 0 1 -4.455703 -5.004703
4395 2501 14.587515 1 2 3.346497 10738 1 0 1 -0.976592 -1.525592
4395 2501 14.587515 1 2 3.346497 10750 1 0 1 0.244148 -0.304852
4395 2501 14.587515 1 2 3.346497 10762 1 0 1 0.366222 -0.182778
4395 2501 14.587515 1 2 3.353879 10773 1 0 1 -0.122074 -0.671074
4395 2501 14.587515 1 2 3.365594 10785 1 0 1 -0.427259 -0.976259
4395 2501 14.587515 1 2 3.414665 10797 1 0 1 -3.540147 -4.089148
4395 2501 14.587515 1 2 3.471059 10809 1 0 1 -4.150517 -4.699517
4395 2501 14.587515 1 2 3.485704 10821 1 0 1 -0.671407 -1.220407
4395 2501 14.587515 1 2 3.478376 10833 1 0 1 1.159703 0.610703
4395 2501 14.587515 1 2 3.446815 10844 1 0 1 3.418073 2.869073
4395 2501 14.587515 1 2 3.323760 10856 1 0 1 10.803553 10.254553
4395 2501 14.587515 1 2 3.194112 10868 1 0 1 11.352886 10.803886
4395 2501 10.803886 2 3 3.082051 10880 1 0 1 9.887998 9.338997
4395 2501 10.803886 2 3 2.992088 10891 1 0 1 8.728294 8.179295
4395 2501 10.803886 2 3 2.893215 10903 1 0 1 8.789330 8.240331
4395 2501 10.803886 2 3 2.793853 10914 1 0 1 9.582812 9.033812
4395 2501 10.803886 2 3 2.681061 10926 1 0 1 9.949035 9.400034
4395 2501 10.803886 2 3 2.634181 10938 1 0 1 4.455703 3.906703
4395 2501 10.803886 2 3 2.618063 10949 1 0 1 2.014222 1.465222
4395 2501 10.803886 2 3 2.618063 10961 1 0 1 0.915555 0.366555
4395 2501 10.803886 2 3 2.618063 10973 1 0 1 0.427259 -0.121741
4395 2501 10.803886 2 3 2.618063 10984 1 0 1 0.061037 -0.487963
4395 2501 10.803886 2 3 2.638568 10996 1 0 1 -1.159703 -1.708704
4395 2501 10.803886 2 3 2.680314 11008 1 0 1 -2.929777 -3.478777
4395 2501 10.803886 2 3 2.730849 11020 1 0 1 -3.662221 -4.211221
4395 2501 4.211221 3 4 2.765270 11032 1 0 1 -2.319407 -2.868407
4395 2501 4.211221 3 4 2.782052 11043 1 0 1 -0.976592 -1.525592
4395 2501 4.211221 3 4 2.782052 11055 1 0 1 0.061037 -0.487963
4395 2501 4.211221 3 4 2.782052 11067 1 0 1 0.427259 -0.121741
4395 2501 4.211221 3 4 2.782052 11078 1 0 1 0.549333 0.000333
4395 2501 4.211221 3 4 2.782052 11090 1 0 1 0.610370 0.061370
4395 2501 4.211221 3 4 2.782052 11101 1 0 1 0.732444 0.183444
4395 2501 4.211221 3 4 2.782052 11113 1 0 1 0.976592 0.427592
4395 2501 4.211221 3 4 2.775334 11124 1 0 1 1.159703 0.610703
4395 2501 4.211221 3 4 2.750427 11136 1 0 1 2.624592 2.075592
4395 2501 4.211221 3 4 2.724054 11148 1 0 1 2.746666 2.197666
4395 2501 4.211221 3 4 2.699879 11159 1 0 1 2.746666 2.197666
4395 2501 2.197666 4 5 2.679367 11171 1 0 1 2.258370 1.709370
4395 2501 2.197666 4 5 2.665263 11182 1 0 1 1.831111 1.282111
4395 2501 2.197666 4 5 2.653540 11194 1 0 1 1.525926 0.976926
4395 2501 2.197666 4 5 2.646822 11205 1 0 1 1.159703 0.610703
4395 2501 2.197666 4 5 2.646822 11217 1 0 1 1.037629 0.488629
4395 2501 2.197666 4 5 2.646822 11228 1 0 1 1.037629 0.488629
4395 2501 2.197666 4 5 2.638029 11240 1 0 1 1.281778 0.732777
4395 2501 2.197666 4 5 2.638029 11251 1 0 1 1.098666 0.549666
4395 2501 2.197666 4 5 2.638029 11263 1 0 1 0.976592 0.427592
4395 2501 2.197666 4 5 2.638029 11275 1 0 1 0.793481 0.244481
4395 2501 2.197666 4 5 2.638029 11286 1 0 1 0.793481 0.244481
4395 2501 2.197666 4 5 2.638029 11298 1 0 1 0.732444 0.183444
4395 2501 2.197666 4 5 2.638029 11309 1 0 1 0.732444 0.183444
4395 2501 2.197666 4 5 2.638029 11321 1 0 1 0.610370 0.061370
4395 2501 2.197666 4 5 2.638029 11332 1 0 1 0.488296 -0.060704
4395 2501 2.197666 4 5 2.638029 11344 1 0 1 0.366222 -0.182778
4395 2501 2.197666 4 5 2.638029 11356 1 0 1 0.366222 -0.182778
4395 2501 2.197666 4 5 2.638029 11367 1 0 1 0.366222 -0.182778
4395 2501 0.182778 5 6 2.638029 11379 1 0 1 0.427259 -0.121741
4395 2501 0.182778 5 6 2.638034 11390 1 0 1 0.427259 -0.121741
4395 2501 0.182778 5 6 2.638034 11402 1 0 1 0.427259 -0.121741
4395 2501 0.182778 5 6 2.638034 11414 1 0 1 0.427259 -0.121741
4395 2501 0.182778 5 6 2.638034 11425 1 0 1 0.366222 -0.182778
4395 2501 0.182778 5 6 2.638034 11437 1 0 1 0.366222 -0.182778
4395 2501 0.182778 5 6 2.638034 11449 1 0 1 0.366222 -0.182778
4395 2501 0.182778 5 6 2.638034 11460 1 0 1 0.366222 -0.182778
4395 2501 0.182778 5 6 2.638034 11472 1 0 1 0.366222 -0.182778
4395 2501 0.182778 5 6 2.638034 11483 1 0 1 0.305185 -0.243815
4395 2501 0.182778 5 6 2.638034 11495 1 0 1 0.305185 -0.243815
4395 2501 0.182778 5 6 2.638034 11507 1 0 1 0.061037 -0.487963
4395 2501 0.182778 5 6 2.650116 11518 1 0 1 -0.549333 -1.098333
4395 2501 0.182778 5 6 2.714568 11530 1 0 1 -4.821925 -5.370924
4395 2501 0.182778 5 6 2.816375 11542 1 0 1 -7.934813 -8.483813
4395 2501 8.483813 5 6 2.904265 11554 1 0 1 -6.775109 -7.324110
4395 2501 8.483813 5 6 2.954618 11565 1 0 1 -4.028443 -4.577444
4395 2501 8.483813 5 6 2.978052 11577 1 0 1 -1.403852 -1.952851
4395 2501 8.483813 5 6 2.985372 11589 1 0 1 -0.061037 -0.610037
4395 2501 8.483813 5 6 2.985372 11600 1 0 1 0.366222 -0.182778
4395 2501 8.483813 5 6 2.985372 11612 1 0 1 0.488296 -0.060704
4395 2501 8.483813 5 6 2.985372 11624 1 0 1 0.610370 0.061370
4395 2501 8.483813 5 6 2.985372 11635 1 0 1 0.671407 0.122407
4395 2501 8.483813 5 6 2.985372 11647 1 0 1 0.793481 0.244481
4395 2501 8.483813 5 6 2.985372 11658 1 0 1 0.854518 0.305518
4395 2501 8.483813 5 6 2.985372 11670 1 0 1 1.098666 0.549666
4395 2501 8.483813 5 6 2.965898 11681 1 0 1 2.319407 1.770407
4395 2501 8.483813 5 6 2.921215 11693 1 0 1 4.272592 3.723591
4395 2501 8.483813 5 6 2.869512 11704 1 0 1 5.249184 4.700184
4395 2501 8.483813 5 6 2.809447 11716 1 0 1 5.554369 5.005369
4395 2501 5.005369 6 7 2.776482 11728 1 0 1 3.295999 2.746999
4395 2501 5.005369 6 7 2.762379 11739 1 0 1 1.831111 1.282111
4395 2501 5.005369 6 7 2.762379 11751 1 0 1 1.098666 0.549666
4395 2501 5.005369 6 7 2.762379 11762 1 0 1 0.793481 0.244481
4395 2501 5.005369 6 7 2.762379 11774 1 0 1 0.671407 0.122407
4395 2501 5.005369 6 7 2.762379 11785 1 0 1 0.671407 0.122407
4395 2501 5.005369 6 7 2.762379 11797 1 0 1 0.671407 0.122407
4395 2501 5.005369 6 7 2.762379 11808 1 0 1 0.549333 0.000333
4395 2501 5.005369 6 7 2.762379 11820 1 0 1 0.549333 0.000333
4395 2501 5.005369 6 7 2.762379 11831 1 0 1 0.488296 -0.060704
4395 2501 5.005369 6 7 2.762379 11843 1 0 1 0.488296 -0.060704
4395 2501 5.005369 6 7 2.762379 11855 1 0 1 0.427259 -0.121741
4395 2501 5.005369 6 7 2.762379 11866 1 0 1 0.427259 -0.121741
4395 2501 5.005369 6 7 2.762379 11878 1 0 1 0.488296 -0.060704
4395 2501 5.005369 6 7 2.762379 11890 1 0 1 0.549333 0.000333
4395 2501 5.005369 6 7 2.762379 11901 1 0 1 0.549333 0.000333
4395 2501 5.005369 6 7 2.762379 11913 1 0 1 0.549333 0.000333
4395 2501 5.005369 6 7 2.762385 11924 1 0 1 0.610370 0.061370
4395 2501 5.005369 6 7 2.762392 11936 1 0 1 0.549333 0.000333
4395 2501 5.005369 6 7 2.762392 11947 1 0 1 0.488296 -0.060704
4395 2501 5.005369 6 7 2.762399 11959 1 0 1 0.549333 0.000333
4395 2501 5.005369 6 7 2.762406 11970 1 0 1 0.549333 0.000333
4395 2501 5.005369 6 7 2.762413 11982 1 0 1 0.488296 -0.060704
4395 2501 5.005369 6 7 2.762413 11994 1 0 1 0.488296 -0.060704
4395 2501 5.005369 6 7 2.762413 12005 1 0 1 0.488296 -0.060704
4395 2501 5.005369 6 7 2.762413 12017 1 0 1 0.549333 0.000333
4395 2501 5.005369 6 7 2.762413 12028 1 0 1 0.549333 0.000333
4395 2501 5.005369 6 7 2.762413 12040 1 0 1 0.488296 -0.060704
4395 2501 5.005369 6 7 2.762413 12052 1 0 1 0.549333 0.000333
4395 2501 5.005369 6 7 2.762413 12063 1 0 1 0.488296 -0.060704
4395 2501 5.005369 6 7 2.762413 12075 1 0 1 0.488296 -0.060704
4395 2501 5.005369 6 7 2.762413 12086 1 0 1 0.488296 -0.060704
4395 2501 5.005369 6 7 2.762413 12098 1 0 1 0.488296 -0.060704
4395 2501 5.005369 6 7 2.762413 12110 1 0 1 0.488296 -0.060704
4395 2501 5.005369 6 7 2.762413 12121 1 0 1 0.488296 -0.060704
4395 2501 5.005369 6 7 2.762413 12133 1 0 1 0.549333 0.000333
4395 2501 5.005369 6 7 2.762413 12145 1 0 1 0.549333 0.000333
4395 2501 5.005369 6 7 2.762413 12156 1 0 1 0.549333 0.000333
4395 2501 5.005369 6 7 2.762413 12168 1 0 1 0.427259 -0.121741
4395 2501 5.005369 6 7 2.762413 12179 1 0 1 0.427259 -0.121741
4395 2501 5.005369 6 7 2.762413 12191 1 0 1 0.488296 -0.060704
4395 2501 5.005369 6 7 2.762413 12202 1 0 1 0.549333 0.000333
4395 2501 5.005369 6 7 2.762413 12214 1 0 1 0.549333 0.000333
4395 2501 5.005369 6 7 2.762413 12226 1 0 1 0.488296 -0.060704
4395 2501 5.005369 6 7 2.762413 12237 1 0 1 0.488296 -0.060704
4395 2501 5.005369 6 7 2.762413 12249 1 0 1 0.549333 0.000333
4395 2501 5.005369 6 7 2.762413 12260 1 0 1 0.549333 0.000333
4395 2501 5.005369 6 7 2.762413 12272 1 0 1 0.488296 -0.060704
4395 2501 5.005369 6 7 2.762413 12284 1 0 1 0.488296 -0.060704
4395 2501 5.005369 6 7 2.762413 12295 1 0 1 0.549333 0.000333
4395 2501 5.005369 6 7 2.762413 12307 1 0 1 0.549333 0.000333
4395 2501 5.005369 6 7 2.762413 12318 1 0 1 0.488296 -0.060704
4395 2501 5.005369 6 7 2.762413 12330 1 0 1 0.488296 -0.060704
4395 2501 5.005369 6 7 2.762413 12342 1 0 1 0.488296 -0.060704
4395 2501 5.005369 6 7 2.762413 12353 1 0 1 0.549333 0.000333
4395 2501 5.005369 6 7 2.762420 12365 1 0 1 0.488296 -0.060704
4395 2501 5.005369 6 7 2.762420 12376 1 0 1 0.488296 -0.060704
4395 2501 5.005369 6 7 2.762420 12388 1 0 1 0.488296 -0.060704
4395 2501 5.005369 6 7 2.762420 12400 1 0 1 0.488296 -0.060704
4395 2501 5.005369 6 7 2.762420 12411 1 0 1 0.488296 -0.060704
4395 2501 5.005369 6 7 2.762420 12423 1 0 1 0.488296 -0.060704
4395 2501 5.005369 6 7 2.762420 12435 1 0 1 0.488296 -0.060704
4395 2501 5.005369 6 7 2.762420 12446 1 0 1 0.549333 0.000333
4395 2501 5.005369 6 7 2.762420 12458 1 0 1 0.549333 0.000333
4395 2501 5.005369 6 7 2.762420 12469 1 0 1 0.549333 0.000333
4395 2501 5.005369 6 7 2.762420 12481 1 0 1 0.488296 -0.060704
4395 2501 5.005369 6 7 2.762420 12492 1 0 1 0.488296 -0.060704
4395 2501 5.005369 6 7 2.762420 12504 1 0 1 0.488296 -0.060704
4395 2501 5.005369 6 7 2.762420 12516 1 0 1 0.488296 -0.060704
4395 2501 5.005369 6 7 2.762420 12527 1 0 1 0.549333 0.000333
4395 2501 5.005369 6 7 2.762420 12539 1 0 1 0.549333 0.000333
4395 2501 5.005369 6 7 2.762420 12550 1 0 1 0.549333 0.000333
4395 2501 5.005369 6 7 2.762420 12562 1 0 1 0.549333 0.000333
4395 2501 5.005369 6 7 2.762420 12574 1 0 1 0.610370 0.061370
4395 2501 5.005369 6 7 2.762420 12585 1 0 1 0.610370 0.061370
4395 12600 5.005369 6 7 2.762420 12597 0 0 1 0.488296 -0.060704
4395 12600 5.005369 6 7 2.762420 12609 1 0 1 0.488296 -0.060704
4395 12600 5.005369 6 7 2.762420 12620 1 0 1 0.549333 0.000333
4395 12600 5.005369 6 7 2.762420 12632 1 0 1 0.549333 0.000333
4395 12600 5.005369 6 7 2.762420 12644 1 0 1 0.549333 0.000333
4395 12600 5.005369 6 7 2.762420 12655 1 0 1 0.610370 0.061370
4395 12600 5.005369 6 7 2.762420 12667 1 0 1 0.549333 0.000333
4395 12600 5.005369 6 7 2.762420 12678 1 0 1 0.549333 0.000333
4395 12600 5.005369 6 7 2.762420 12690 1 0 1 0.610370 0.061370
4395 12600 5.005369 6 7 2.762420 12702 1 0 1 0.610370 0.061370
4395 12600 5.005369 6 7 2.762420 12713 1 0 1 0.549333 0.000333
4395 12600 5.005369 6 7 2.762420 12725 1 0 1 0.549333 0.000333
4395 12600 5.005369 6 7 2.762420 12737 1 0 1 0.488296 -0.060704
4395 12600 5.005369 6 7 2.762420 12748 1 0 1 0.549333 0.000333
4395 12600 5.005369 6 7 2.762420 12760 1 0 1 0.549333 0.000333
4395 12600 5.005369 6 7 2.762420 12772 1 0 1 0.549333 0.000333
4395 12600 5.005369 6 7 2.762420 12783 1 0 1 0.549333 0.000333
4395 12600 5.005369 6 7 2.762420 12795 1 0 1 0.549333 0.000333
4395 12600 5.005369 6 7 2.762420 12807 1 0 1 0.488296 -0.060704
4395 12600 5.005369 6 7 2.762420 12818 1 0 1 0.488296 -0.060704
4395 12600 5.005369 6 7 2.762420 12830 1 0 1 0.305185 -0.243815
4395 12600 0.243815 7 8 2.762420 12842 1 0 1 0.366222 -0.182778
4395 12600 0.243815 7 8 2.762420 12854 1 0 1 0.488296 -0.060704
4395 12600 0.243815 7 8 2.762420 12865 1 0 1 0.549333 0.000333
4395 12600 0.243815 7 8 2.762420 12877 1 0 1 0.549333 0.000333
4395 12600 0.243815 7 8 2.762420 12889 1 0 1 0.549333 0.000333
4395 12600 0.243815 7 8 2.762420 12900 1 0 1 0.549333 0.000333
4395 12600 0.243815 7 8 2.762420 12912 1 0 1 0.610370 0.061370
4395 12600 0.243815 7 8 2.762420 12924 1 0 1 0.549333 0.000333
4395 12600 0.243815 7 8 2.762420 12935 1 0 1 0.549333 0.000333
4395 12600 0.243815 7 8 2.762420 12947 1 0 1 0.549333 0.000333
4395 12600 0.243815 7 8 2.762420 12958 1 0 1 0.549333 0.000333
4395 12600 0.243815 7 8 2.762420 12970 1 0 1 0.549333 0.000333
4395 12600 0.243815 7 8 2.762420 12982 1 0 1 0.549333 0.000333
4395 12600 0.243815 7 8 2.762420 12993 1 0 1 0.488296 -0.060704
4395 12600 0.243815 7 8 2.762420 13005 1 0 1 0.549333 0.000333
4395 12600 0.243815 7 8 2.762420 13017 1 0 1 0.549333 0.000333
4395 12600 0.243815 7 8 2.762420 13028 1 0 1 0.549333 0.000333
4395 12600 0.243815 7 8 2.762420 13040 1 0 1 0.610370 0.061370
4395 12600 0.243815 7 8 2.762428 13052 1 0 1 0.488296 -0.060704
4395 12600 0.243815 7 8 2.771152 13063 1 0 1 -0.244148 -0.793148
4395 12600 0.793148 7 8 2.771152 13075 1 0 1 0.061037 -0.487963
4395 12600 0.793148 7 8 2.771152 13087 1 0 1 0.183111 -0.365889
