0 0 0.000000 0 0 0.000000 419 1 1 1 0.000000 0.000000
0 0 0.000000 0 0 0.000000 426 1 1 1 0.000000 0.000000
0 0 0.000000 0 0 0.000000 433 1 1 1 0.000000 0.000000
0 0 0.000000 0 0 0.000000 440 1 1 1 0.000000 0.000000
0 0 0.000000 0 0 0.000000 448 1 1 1 0.000000 0.000000
0 0 0.000000 0 0 0.000000 455 1 1 1 0.000000 0.000000
0 0 0.000000 0 0 0.000000 462 1 1 1 0.000000 0.000000
0 0 0.000000 0 0 0.000000 469 1 1 1 0.000000 0.000000
0 0 0.000000 0 0 0.000000 476 1 1 1 0.000000 0.000000
0 0 0.000000 0 0 0.000000 483 1 1 1 0.000000 0.000000
0 0 0.000000 0 0 0.000000 491 1 1 1 0.000000 0.000000
0 0 0.000000 0 0 0.000000 498 1 1 1 0.000000 0.000000
0 0 0.000000 0 0 0.000000 505 1 0 1 0.000000 0.000000
0 0 0.000000 0 0 0.000000 512 1 0 1 0.000000 0.000000
0 0 0.000000 0 0 0.000000 519 1 0 1 0.000000 0.000000
0 0 0.000000 0 0 0.000000 527 1 0 1 0.000000 0.000000
0 0 0.000000 0 0 0.000000 534 1 0 1 0.000000 0.000000
0 0 0.000000 0 0 0.000000 541 1 0 1 0.000000 0.000000
0 0 0.000000 0 0 0.000000 548 1 0 1 0.000000 0.000000
0 0 0.000000 0 0 0.000000 555 1 0 1 0.000000 0.000000
0 0 0.000000 0 0 0.000000 563 1 0 1 0.000000 0.000000
0 0 0.000000 0 0 0.000000 570 1 0 1 0.000000 0.000000
0 0 0.000000 0 0 0.000000 577 1 0 1 0.000000 0.000000
0 0 0.000000 0 0 0.000000 584 1 0 1 0.000000 0.000000
0 0 0.000000 0 0 0.000000 591 1 0 1 0.000000 0.000000
0 0 0.000000 0 0 0.000000 598 1 0 1 0.000000 0.000000
0 0 0.000000 0 0 0.000000 606 1 0 1 0.000000 0.000000
0 0 0.000000 0 0 0.000000 613 1 0 1 0.000000 0.000000
0 0 0.000000 0 0 0.000000 620 1 0 1 0.000000 0.000000
0 0 0.000000 0 0 0.000000 627 1 0 1 0.000000 0.000000
0 0 0.000000 0 0 0.000000 634 1 0 1 0.000000 0.000000
0 0 0.000000 0 0 0.000000 642 1 0 1 0.000000 0.000000
0 0 0.000000 0 0 0.000000 649 1 0 1 0.000000 0.000000
0 0 0.000000 0 0 0.000000 656 1 0 1 0.000000 0.000000
0 0 0.000000 0 0 0.000000 663 1 0 1 0.000000 0.000000
0 0 0.000000 0 0 0.000000 670 1 0 1 0.000000 0.000000
0 0 0.000000 0 0 0.000000 677 1 0 1 0.000000 0.000000
0 0 0.000000 0 0 0.000000 685 1 0 1 0.000000 0.000000
0 0 0.000000 0 0 0.000000 692 1 0 1 0.000000 0.000000
0 0 0.000000 0 0 0.000000 699 1 0 1 0.000000 0.000000
0 0 0.000000 0 0 0.000000 706 1 0 1 0.000000 0.000000
0 0 0.000000 0 0 0.000000 713 1 0 1 0.000000 0.000000
0 0 0.000000 0 0 0.000000 720 1 0 1 0.000000 0.000000
0 0 0.000000 0 0 0.000000 728 1 0 1 0.000000 0.000000
0 0 0.000000 0 0 0.000000 735 1 0 1 0.000000 0.000000
0 0 0.000000 0 0 0.000000 742 1 0 1 0.000000 0.000000
0 0 0.000000 0 0 0.000000 749 1 0 1 0.000000 0.000000
0 0 0.000000 0 0 0.000000 756 1 0 1 0.000000 0.000000
0 0 0.000000 0 0 0.000000 764 1 0 1 0.000000 0.000000
0 774 0.000000 0 0 -0.000000 771 0 0 1 0.366222 0.366222
0 774 0.366222 0 1 -0.000000 782 1 0 1 0.427259 0.000259
0 774 0.366222 0 1 -0.000000 793 1 0 1 0.366222 -0.060778
0 774 0.366222 0 1 -0.000000 804 1 0 1 0.366222 -0.060778
0 774 0.366222 0 1 -0.000000 815 1 0 1 0.427259 0.000259
0 774 0.366222 0 1 -0.000000 826 1 0 1 0.427259 0.000259
0 774 0.366222 0 1 -0.000000 838 1 0 1 0.427259 0.000259
0 774 0.366222 0 1 -0.000000 849 1 0 1 0.427259 0.000259
0 774 0.366222 0 1 -0.000000 860 1 0 1 0.427259 0.000259
0 774 0.366222 0 1 -0.000000 871 1 0 1 0.366222 -0.060778
0 774 0.366222 0 1 -0.000000 882 1 0 1 0.366222 -0.060778
0 774 0.366222 0 1 -0.000000 893 1 0 1 0.427259 0.000259
0 774 0.366222 0 1 -0.000000 904 1 0 1 0.366222 -0.060778
0 774 0.366222 0 1 -0.000000 916 1 0 1 0.427259 0.000259
0 774 0.366222 0 1 -0.000000 927 1 0 1 0.427259 0.000259
0 774 0.366222 0 1 -0.000000 938 1 0 1 0.427259 0.000259
0 774 0.366222 0 1 -0.000000 949 1 0 1 0.427259 0.000259
0 774 0.366222 0 1 -0.000000 960 1 0 1 0.427259 0.000259
0 774 0.366222 0 1 -0.000000 971 1 0 1 0.427259 0.000259
0 774 0.366222 0 1 -0.000000 982 1 0 1 0.366222 -0.060778
0 774 0.366222 0 1 -0.000000 994 1 0 1 0.305185 -0.121815
0 774 0.366222 0 1 -0.000000 1005 1 0 1 0.366222 -0.060778
0 774 0.366222 0 1 -0.000000 1016 1 0 1 0.366222 -0.060778
0 774 0.366222 0 1 -0.000000 1027 1 0 1 0.427259 0.000259
0 774 0.366222 0 1 -0.000000 1039 1 0 1 0.366222 -0.060778
0 774 0.366222 0 1 -0.000000 1050 1 0 1 0.366222 -0.060778
0 774 0.366222 0 1 -0.000000 1061 1 0 1 0.366222 -0.060778
0 774 0.366222 0 1 -0.000000 1073 1 0 1 0.305185 -0.121815
0 774 0.366222 0 1 -0.000000 1084 1 0 1 0.366222 -0.060778
0 774 0.366222 0 1 -0.000000 1095 1 0 1 0.427259 0.000259
0 774 0.366222 0 1 -0.000000 1106 1 0 1 0.366222 -0.060778
0 774 0.366222 0 1 -0.000000 1118 1 0 1 0.366222 -0.060778
0 774 0.366222 0 1 -0.000000 1129 1 0 1 0.366222 -0.060778
0 774 0.366222 0 1 -0.000000 1140 1 0 1 0.366222 -0.060778
0 774 0.366222 0 1 -0.000000 1152 1 0 1 0.366222 -0.060778
0 774 0.366222 0 1 -0.000000 1163 1 0 1 0.305185 -0.121815
0 774 0.366222 0 1 -0.000000 1174 1 0 1 0.366222 -0.060778
0 774 0.366222 0 1 -0.000000 1186 1 0 1 0.366222 -0.060778
0 774 0.366222 0 1 -0.000000 1197 1 0 1 0.366222 -0.060778
0 774 0.366222 0 1 -0.000000 1208 1 0 1 0.366222 -0.060778
0 774 0.366222 0 1 -0.000000 1220 1 0 1 0.366222 -0.060778
0 774 0.366222 0 1 -0.000000 1231 1 0 1 0.366222 -0.060778
0 774 0.366222 0 1 -0.000000 1242 1 0 1 0.366222 -0.060778
0 774 0.366222 0 1 -0.000000 1254 1 0 1 0.366222 -0.060778
0 774 0.366222 0 1 -0.000000 1265 1 0 1 0.305185 -0.121815
0 774 0.366222 0 1 -0.000000 1276 1 0 1 0.366222 -0.060778
0 774 0.366222 0 1 -0.000000 1288 1 0 1 0.366222 -0.060778
0 774 0.366222 0 1 -0.000000 1299 1 0 1 0.366222 -0.060778
0 774 0.366222 0 1 -0.000000 1310 1 0 1 0.366222 -0.060778
0 774 0.366222 0 1 -0.000000 1321 1 0 1 0.366222 -0.060778
0 1336 0.366222 0 1 -0.000000 1333 0 0 1 0.305185 -0.121815
0 1336 0.366222 0 1 -0.000000 1344 1 0 1 0.366222 -0.060778
0 1336 0.366222 0 1 -0.000000 1356 1 0 1 0.366222 -0.060778
0 1336 0.366222 0 1 -0.000000 1367 1 0 1 0.366222 -0.060778
0 1336 0.366222 0 1 -0.000000 1379 1 0 1 0.427259 0.000259
0 1336 0.366222 0 1 -0.000000 1390 1 0 1 0.427259 0.000259
0 1336 0.366222 0 1 -0.000000 1401 1 0 1 0.366222 -0.060778
0 1336 0.366222 0 1 -0.000000 1413 1 0 1 0.366222 -0.060778
0 1336 0.366222 0 1 -0.000000 1424 1 0 1 0.366222 -0.060778
0 1336 0.366222 0 1 -0.000000 1435 1 0 1 0.366222 -0.060778
0 1336 0.366222 0 1 -0.000000 1447 1 0 1 0.427259 0.000259
0 1336 0.366222 0 1 -0.000000 1458 1 0 1 0.366222 -0.060778
0 1336 0.366222 0 1 -0.000000 1470 1 0 1 0.366222 -0.060778
0 1336 0.366222 0 1 -0.000000 1481 1 0 1 0.366222 -0.060778
0 1336 0.366222 0 1 -0.000000 1492 1 0 1 0.366222 -0.060778
0 1336 0.366222 0 1 -0.000000 1504 1 0 1 0.427259 0.000259
0 1336 0.366222 0 1 -0.000000 1515 1 0 1 0.366222 -0.060778
0 1336 0.366222 0 1 -0.000000 1527 1 0 1 0.305185 -0.121815
0 1336 0.366222 0 1 -0.000000 1538 1 0 1 0.366222 -0.060778
0 1336 0.366222 0 1 -0.000000 1549 1 0 1 0.427259 0.000259
0 1336 0.366222 0 1 -0.000000 1561 1 0 1 0.366222 -0.060778
0 1336 0.366222 0 1 -0.000000 1572 1 0 1 0.366222 -0.060778
0 1336 0.366222 0 1 -0.000000 1584 1 0 1 0.366222 -0.060778
0 1336 0.366222 0 1 -0.000000 1595 1 0 1 0.366222 -0.060778
0 1336 0.366222 0 1 -0.000000 1606 1 0 1 0.366222 -0.060778
0 1336 0.366222 0 1 -0.000000 1618 1 0 1 0.366222 -0.060778
0 1336 0.366222 0 1 -0.000000 1629 1 0 1 0.366222 -0.060778
0 1336 0.366222 0 1 -0.000000 1641 1 0 1 0.366222 -0.060778
0 1336 0.366222 0 1 -0.000000 1652 1 0 1 0.366222 -0.060778
0 1336 0.366222 0 1 -0.000000 1663 1 0 1 0.366222 -0.060778
0 1336 0.366222 0 1 -0.000000 1675 1 0 1 0.366222 -0.060778
0 1336 0.366222 0 1 -0.000000 1686 1 0 1 0.366222 -0.060778
0 1336 0.366222 0 1 -0.000000 1698 1 0 1 0.366222 -0.060778
0 1336 0.366222 0 1 -0.000000 1709 1 0 1 0.366222 -0.060778
0 1336 0.366222 0 1 -0.000000 1721 1 0 1 0.366222 -0.060778
0 1336 0.366222 0 1 -0.000000 1732 1 0 1 0.427259 0.000259
0 1336 0.366222 0 1 -0.000000 1743 1 0 1 0.366222 -0.060778
0 1336 0.366222 0 1 -0.000000 1755 1 0 1 0.305185 -0.121815
0 1336 0.366222 0 1 -0.000000 1766 1 0 1 0.366222 -0.060778
0 1336 0.366222 0 1 -0.000000 1778 1 0 1 0.305185 -0.121815
0 1336 0.366222 0 1 -0.000000 1789 1 0 1 0.305185 -0.121815
0 1336 0.366222 0 1 -0.000000 1800 1 0 1 0.305185 -0.121815
0 1336 0.366222 0 1 -0.000000 1812 1 0 1 0.366222 -0.060778
0 1336 0.366222 0 1 -0.000000 1823 1 0 1 0.427259 0.000259
0 1336 0.366222 0 1 -0.000000 1835 1 0 1 0.305185 -0.121815
0 1336 0.366222 0 1 -0.000000 1846 1 0 1 0.366222 -0.060778
0 1336 0.366222 0 1 -0.000000 1857 1 0 1 0.366222 -0.060778
0 1336 0.366222 0 1 -0.000000 1869 1 0 1 0.427259 0.000259
0 1336 0.366222 0 1 -0.000000 1880 1 0 1 0.366222 -0.060778
0 1336 0.366222 0 1 -0.000000 1891 1 0 1 0.427259 0.000259
0 1906 0.366222 0 1 -0.000000 1903 0 0 1 0.427259 0.000259
0 1906 0.366222 0 1 -0.000000 1914 1 0 1 0.427259 0.000259
0 1906 0.366222 0 1 -0.000000 1926 1 0 1 0.366222 -0.060778
0 1906 0.366222 0 1 -0.000000 1937 1 0 1 0.366222 -0.060778
0 1906 0.366222 0 1 -0.000000 1948 1 0 1 0.366222 -0.060778
0 1906 0.366222 0 1 -0.000000 1960 1 0 1 0.366222 -0.060778
0 1906 0.366222 0 1 -0.000000 1971 1 0 1 0.427259 0.000259
0 1906 0.366222 0 1 -0.000000 1982 1 0 1 0.366222 -0.060778
0 1906 0.366222 0 1 -0.000000 1994 1 0 1 0.366222 -0.060778
0 1906 0.366222 0 1 -0.000000 2005 1 0 1 0.366222 -0.060778
0 1906 0.366222 0 1 -0.000000 2017 1 0 1 0.427259 0.000259
0 1906 0.366222 0 1 -0.000000 2028 1 0 1 0.427259 0.000259
0 1906 0.366222 0 1 -0.000000 2039 1 0 1 0.366222 -0.060778
0 1906 0.366222 0 1 -0.000000 2051 1 0 1 0.427259 0.000259
0 1906 0.366222 0 1 -0.000000 2062 1 0 1 0.427259 0.000259
0 1906 0.366222 0 1 -0.000000 2073 1 0 1 0.427259 0.000259
0 1906 0.366222 0 1 -0.000000 2085 1 0 1 0.427259 0.000259
0 1906 0.366222 0 1 -0.000000 2096 1 0 1 0.427259 0.000259
0 1906 0.366222 0 1 -0.000000 2107 1 0 1 0.427259 0.000259
0 1906 0.366222 0 1 -0.000000 2119 1 0 1 0.366222 -0.060778
0 1906 0.366222 0 1 -0.000000 2130 1 0 1 0.427259 0.000259
0 1906 0.366222 0 1 -0.000000 2141 1 0 1 0.366222 -0.060778
0 1906 0.366222 0 1 -0.000000 2153 1 0 1 0.427259 0.000259
0 1906 0.366222 0 1 -0.000000 2164 1 0 1 0.366222 -0.060778
0 1906 0.366222 0 1 -0.000000 2176 1 0 1 0.366222 -0.060778
0 1906 0.366222 0 1 -0.000000 2187 1 0 1 0.366222 -0.060778
0 1906 0.366222 0 1 -0.000000 2198 1 0 1 0.366222 -0.060778
0 1906 0.366222 0 1 -0.000000 2210 1 0 1 0.305185 -0.121815
0 1906 0.366222 0 1 -0.000000 2221 1 0 1 0.183111 -0.243889
0 1906 0.243889 1 2 -0.000000 2233 1 0 1 0.305185 -0.121815
0 1906 0.243889 1 2 -0.000000 2244 1 0 1 0.305185 -0.121815
0 1906 0.243889 1 2 -0.000000 2256 1 0 1 0.366222 -0.060778
0 1906 0.243889 1 2 -0.000000 2267 1 0 1 0.305185 -0.121815
0 1906 0.243889 1 2 -0.000000 2278 1 0 1 0.122074 -0.304926
0 1906 0.243889 1 2 -0.000000 2290 1 0 1 -0.061037 -0.488037
0 1906 0.243889 1 2 -0.000000 2301 1 0 1 -0.061037 -0.488037
0 1906 0.243889 1 2 -0.000000 2313 1 0 1 -0.061037 -0.488037
0 1906 0.488037 1 2 -0.000000 2324 1 0 1 0.000000 -0.427000
0 1906 0.488037 1 2 -0.000000 2336 1 0 1 -0.061037 -0.488037
0 1906 0.488037 1 2 0.006711 2347 1 0 1 -0.183111 -0.610111
0 1906 0.488037 1 2 0.045650 2358 1 0 1 -3.112888 -3.539888
0 1906 0.488037 1 2 0.129147 2370 1 0 1 -6.530962 -6.957962
0 1906 0.488037 1 2 0.221128 2381 1 0 1 -7.934813 -8.361814
0 1906 0.488037 1 2 0.329222 2392 1 0 1 -9.399701 -9.826701
0 1906 0.488037 1 2 0.469118 2404 1 0 1 -11.230812 -11.657811
0 1906 0.488037 1 2 0.649725 2415 1 0 1 -15.991699 -16.418699
0 1906 0.488037 1 2 0.879711 2427 1 0 1 -18.738365 -19.165365
0 1906 0.488037 1 2 1.124774 2438 1 0 1 -21.851254 -22.278254
0 1906 22.278254 1 2 1.389918 2450 1 0 1 -21.668142 -22.095142
0 1906 22.278254 1 2 1.693882 2462 1 0 1 -24.903105 -25.330105
0 1906 22.278254 1 2 1.987957 2473 1 0 1 -26.306955 -26.733955
0 1906 22.278254 1 2 2.309501 2485 1 0 1 -26.367992 -26.794992
0 1906 26.794992 1 2 2.580078 2496 1 0 1 -24.170660 -24.597660
0 1906 26.794992 1 2 2.866463 2508 1 0 1 -23.438215 -23.865215
0 1906 26.794992 1 2 3.161638 2520 1 0 1 -24.170660 -24.597660
0 1906 26.794992 1 2 3.451015 2531 1 0 1 -25.879698 -26.306698
0 1906 26.794992 1 2 3.767430 2543 1 0 1 -25.940735 -26.367735
0 1906 26.794992 0 0 4.049421 2554 1 0 1 -25.208290 -25.635290
0 1906 26.794992 0 0 4.322623 2566 1 0 1 -22.339550 -22.766550
0 1906 26.794992 0 0 4.594358 2578 1 0 1 -22.217476 -22.644476
0 1906 26.794992 0 0 4.862921 2589 1 0 1 -23.987549 -24.414549
0 1906 26.794992 0 0 5.172013 2601 1 0 1 -25.330364 -25.757364
0 1906 26.794992 0 0 5.505274 2613 1 0 1 -27.344585 -27.771585
0 1906 26.794992 0 0 5.849035 2624 1 0 1 -30.823696 -31.250698
0 1906 26.794992 0 0 6.238695 2636 1 0 1 -32.044434 -32.471436
0 1906 26.794992 0 0 6.606626 2647 1 0 1 -33.021027 -33.448029
0 1906 26.794992 0 0 6.996284 2659 1 0 1 -32.044434 -32.471436
0 1906 26.794992 0 0 7.352983 2671 1 0 1 -29.297771 -29.724771
0 1906 26.794992 0 0 7.656458 2682 1 0 1 -27.161476 -27.588474
0 1906 26.794992 0 0 7.925997 2694 1 0 1 -22.034365 -22.461365
0 1906 26.794992 0 0 8.099220 2705 1 0 1 -15.320292 -15.747293
0 1906 26.794992 0 0 8.207621 2717 1 0 1 -8.606220 -9.033220
0 1906 26.794992 0 0 8.241189 2728 1 0 1 -2.624592 -3.051592
0 1906 26.794992 0 0 8.241189 2740 1 0 1 0.122074 -0.304926
0 1906 26.794992 0 0 8.221043 2751 1 0 1 2.258370 1.831370
0 1906 26.794992 0 0 8.119657 2762 1 0 1 9.643849 9.216849
0 1906 26.794992 0 0 7.858170 2774 1 0 1 22.217476 21.790476
0 1906 26.794992 0 0 7.383479 2785 1 1 1 43.580437 43.153435
0 1906 26.794992 0 0 6.585864 2796 1 1 1 72.939240 72.512238
0 1906 26.794992 0 0 5.430846 2808 1 1 1 96.682640 96.255638
0 1906 26.794992 0 0 4.187452 2819 1 1 1 113.467819 113.040817
0 1906 26.794992 0 0 2.854465 2831 1 1 1 111.514633 111.087639
0 1906 26.794992 0 0 1.746000 2842 1 1 1 101.199379 100.772385
0 1906 26.794992 0 0 0.746959 2854 1 1 1 83.681755 83.254753
0 1906 26.794992 0 0 0.278190 2866 1 1 1 39.490952 39.063950
0 1906 26.794992 0 0 0.171432 2877 1 1 1 10.132145 9.705145
0 1906 26.794992 0 0 0.148602 2888 1 1 1 2.502518 2.075518
0 1906 26.794992 0 0 0.148602 2900 1 1 1 0.976592 0.549592
0 1906 26.794992 0 0 0.148601 2911 1 1 1 0.671407 0.244407
0 1906 26.794992 0 0 0.148601 2922 1 1 1 0.549333 0.122333
0 1906 26.794992 0 0 0.148601 2933 1 1 1 0.610370 0.183370
0 1906 0.183370 1 1 0.148601 2944 1 1 1 0.488296 0.061296
0 1906 0.183370 1 1 0.148601 2956 1 1 1 0.488296 0.061296
0 1906 0.183370 1 1 0.148601 2967 1 1 1 0.488296 0.061296
0 1906 0.183370 1 1 0.148601 2978 1 0 1 0.549333 0.122333
0 1906 0.183370 1 1 0.148601 2989 1 0 1 0.366222 -0.060778
0 1906 0.183370 1 1 0.148601 3000 1 0 1 0.305185 -0.121815
0 1906 0.183370 1 1 0.148602 3012 1 0 1 0.305185 -0.121815
0 1906 0.183370 1 1 0.148602 3023 1 0 1 0.366222 -0.060778
0 1906 0.183370 1 1 0.148602 3034 1 0 1 0.427259 0.000259
0 1906 0.183370 1 1 0.148602 3045 1 0 1 0.366222 -0.060778
0 1906 0.183370 1 1 0.148602 3056 1 0 1 0.366222 -0.060778
0 1906 0.183370 1 1 0.148602 3068 1 0 1 0.366222 -0.060778
0 1906 0.183370 1 1 0.148602 3079 1 0 1 0.366222 -0.060778
0 1906 0.183370 1 1 0.148602 3090 1 0 1 0.366222 -0.060778
0 1906 0.183370 1 1 0.148602 3101 1 0 1 0.305185 -0.121815
0 1906 0.183370 1 1 0.148602 3113 1 0 1 0.366222 -0.060778
0 1906 0.183370 1 1 0.148602 3124 1 0 1 0.366222 -0.060778
0 1906 0.183370 1 1 0.148602 3135 1 0 1 0.366222 -0.060778
0 1906 0.183370 1 1 0.148602 3146 1 0 1 0.366222 -0.060778
0 1906 0.183370 1 1 0.148602 3158 1 0 1 0.366222 -0.060778
0 1906 0.183370 1 1 0.148602 3169 1 0 1 0.366222 -0.060778
0 1906 0.183370 1 1 0.148602 3180 1 0 1 0.427259 0.000259
0 1906 0.183370 1 1 0.148602 3191 1 0 1 0.427259 0.000259
0 1906 0.183370 1 1 0.148602 3202 1 0 1 0.427259 0.000259
0 1906 0.183370 1 1 0.148602 3213 1 0 1 0.366222 -0.060778
0 1906 0.183370 1 1 0.148602 3225 1 0 1 0.366222 -0.060778
0 1906 0.183370 1 1 0.148602 3236 1 0 1 0.366222 -0.060778
0 1906 0.183370 1 1 0.148602 3247 1 0 1 0.366222 -0.060778
0 1906 0.183370 1 1 0.148602 3258 1 0 1 0.366222 -0.060778
0 1906 0.183370 1 1 0.148602 3270 1 0 1 0.366222 -0.060778
0 1906 0.183370 1 1 0.148602 3281 1 0 1 0.305185 -0.121815
0 1906 0.183370 1 1 0.148602 3292 1 0 1 0.366222 -0.060778
0 1906 0.183370 1 1 0.148602 3303 1 0 1 0.366222 -0.060778
0 1906 0.183370 1 1 0.148602 3315 1 0 1 0.366222 -0.060778
0 1906 0.183370 1 1 0.148602 3326 1 0 1 0.366222 -0.060778
0 1906 0.183370 1 1 0.148602 3337 1 0 1 0.366222 -0.060778
0 1906 0.183370 1 1 0.148602 3348 1 0 1 0.366222 -0.060778
0 1906 0.183370 1 1 0.148602 3360 1 0 1 0.366222 -0.060778
0 1906 0.183370 1 1 0.148602 3371 1 0 1 0.366222 -0.060778
0 1906 0.183370 1 1 0.148602 3382 1 0 1 0.305185 -0.121815
0 1906 0.183370 1 1 0.148602 3393 1 0 1 0.366222 -0.060778
0 1906 0.183370 1 1 0.148602 3405 1 0 1 0.366222 -0.060778
0 1906 0.183370 1 1 0.148602 3416 1 0 1 0.366222 -0.060778
0 1906 0.183370 1 1 0.148602 3427 1 0 1 0.427259 0.000259
0 1906 0.183370 1 1 0.148602 3438 1 0 1 0.366222 -0.060778
0 1906 0.183370 1 1 0.148602 3449 1 0 1 0.366222 -0.060778
0 1906 0.183370 1 1 0.148602 3461 1 0 1 0.366222 -0.060778
0 1906 0.183370 1 1 0.148602 3472 1 0 1 0.427259 0.000259
0 1906 0.183370 1 1 0.148602 3483 1 0 1 0.366222 -0.060778
0 1906 0.183370 1 1 0.148602 3494 1 0 1 0.366222 -0.060778
0 1906 0.183370 1 1 0.148602 3506 1 0 1 0.366222 -0.060778
0 1906 0.183370 1 1 0.148602 3517 1 0 1 0.366222 -0.060778
0 1906 0.183370 1 1 0.148602 3528 1 0 1 0.366222 -0.060778
0 1906 0.183370 1 1 0.148602 3539 1 0 1 0.366222 -0.060778
0 1906 0.183370 1 1 0.148602 3551 1 0 1 0.427259 0.000259
0 1906 0.183370 1 1 0.148602 3562 1 0 1 0.427259 0.000259
0 1906 0.183370 1 1 0.148602 3573 1 0 1 0.366222 -0.060778
0 1906 0.183370 1 1 0.148602 3584 1 0 1 0.366222 -0.060778
0 1906 0.183370 1 1 0.148602 3595 1 0 1 0.305185 -0.121815
0 1906 0.183370 1 1 0.148602 3607 1 0 1 0.305185 -0.121815
0 1906 0.183370 1 1 0.148602 3618 1 0 1 0.366222 -0.060778
0 1906 0.183370 1 1 0.148602 3629 1 0 1 0.366222 -0.060778
0 1906 0.183370 1 1 0.148602 3640 1 0 1 0.366222 -0.060778
0 1906 0.183370 1 1 0.148602 3651 1 0 1 0.305185 -0.121815
0 1906 0.183370 1 1 0.148602 3663 1 0 1 0.366222 -0.060778
0 1906 0.183370 1 1 0.148602 3674 1 0 1 0.427259 0.000259
0 1906 0.183370 1 1 0.148602 3685 1 0 1 0.366222 -0.060778
0 1906 0.183370 1 1 0.148602 3696 1 0 1 0.366222 -0.060778
0 1906 0.183370 1 1 0.148602 3708 1 0 1 0.427259 0.000259
0 1906 0.183370 1 1 0.148602 3719 1 0 1 0.305185 -0.121815
0 1906 0.183370 1 1 0.148602 3730 1 0 1 0.366222 -0.060778
0 1906 0.183370 1 1 0.148602 3741 1 0 1 0.366222 -0.060778
0 1906 0.183370 1 1 0.148602 3752 1 0 1 0.427259 0.000259
0 1906 0.183370 1 1 0.148602 3764 1 0 1 0.366222 -0.060778
0 1906 0.183370 1 1 0.148602 3775 1 0 1 0.427259 0.000259
0 1906 0.183370 1 1 0.148602 3786 1 0 1 0.427259 0.000259
0 1906 0.183370 1 1 0.148602 3797 1 0 1 0.427259 0.000259
0 1906 0.183370 1 1 0.148602 3808 1 0 1 0.427259 0.000259
0 1906 0.183370 1 1 0.148602 3819 1 0 1 0.427259 0.000259
0 3834 0.183370 1 1 0.148602 3831 0 0 1 0.427259 0.000259
0 3834 0.183370 1 1 0.148602 3842 1 0 1 0.366222 -0.060778
0 3834 0.183370 1 1 0.148602 3853 1 0 1 0.366222 -0.060778
0 3834 0.183370 1 1 0.148602 3864 1 0 1 0.366222 -0.060778
0 3834 0.183370 1 1 0.148602 3876 1 0 1 0.366222 -0.060778
0 3834 0.183370 1 1 0.148602 3887 1 0 1 0.366222 -0.060778
0 3834 0.183370 1 1 0.148602 3898 1 0 1 0.305185 -0.121815
0 3834 0.183370 1 1 0.148602 3909 1 0 1 0.366222 -0.060778
0 3834 0.183370 1 1 0.148602 3921 1 0 1 0.366222 -0.060778
0 3834 0.183370 1 1 0.148602 3932 1 0 1 0.244148 -0.182852
0 3834 0.183370 1 1 0.148602 3943 1 0 1 0.122074 -0.304926
0 3834 0.183370 1 1 0.155984 3954 1 0 1 -0.244148 -0.671148
0 3834 0.183370 1 1 0.169165 3966 1 0 1 -0.671407 -1.098407
0 3834 0.183370 1 1 0.202062 3977 1 0 1 -2.563555 -2.990555
0 3834 0.183370 1 1 0.304785 3988 1 0 1 -8.911406 -9.338406
0 3834 0.183370 1 1 0.439553 4000 1 0 1 -10.803553 -11.230553
0 3834 0.183370 1 1 0.578533 4011 1 0 1 -12.207404 -12.634404
0 3834 0.183370 1 1 0.788011 4023 1 0 1 -17.029327 -17.456327
0 3834 0.183370 1 1 1.056573 4034 1 0 1 -23.987549 -24.414549
0 3834 0.183370 1 1 1.398624 4046 1 0 1 -28.077030 -28.504030
0 3834 28.504030 1 2 1.708814 4057 1 0 1 -27.771843 -28.198843
0 3834 28.504030 1 2 1.998861 4069 1 0 1 -23.743401 -24.170401
0 3834 28.504030 1 2 2.200282 4081 1 1 1 -16.357922 -16.784922
0 3834 28.504030 1 2 2.282191 4092 1 1 1 -7.019258 -7.446258
0 3834 28.504030 1 2 2.296837 4104 1 1 1 -0.793481 -1.220481
0 3834 28.504030 1 2 2.247149 4115 1 1 1 4.943999 4.516999
0 3834 28.504030 1 2 2.096750 4126 1 0 1 14.099552 13.672552
0 3834 28.504030 1 2 1.815486 4138 1 0 1 23.865477 23.438477
0 3834 28.504030 1 2 1.459635 4149 1 0 1 32.776882 32.349880
0 3834 28.504030 1 2 1.006419 4160 1 0 1 41.627247 41.200249
0 3834 28.504030 1 2 0.450477 4172 1 0 1 46.754360 46.327358
0 3834 46.327358 1 3 0.259122 4183 1 1 1 17.822811 17.395811
0 3834 46.327358 1 3 0.214439 4195 1 1 1 4.150517 3.723517
0 3834 46.327358 1 3 0.207051 4206 1 1 1 1.098666 0.671666
0 3834 46.327358 1 3 0.207051 4217 1 1 1 0.000000 -0.427000
0 3834 46.327358 1 3 0.218767 4229 1 1 1 -0.549333 -0.976333
0 3834 46.327358 1 3 0.236892 4240 1 1 1 -1.220740 -1.647740
0 3834 46.327358 1 3 0.342972 4251 1 0 1 -9.216591 -9.643590
0 3834 46.327358 1 3 0.481403 4263 1 0 1 -11.108738 -11.535738
0 3834 11.535738 2 4 0.586140 4274 1 0 1 -9.094516 -9.521516
0 3834 11.535738 2 4 0.657917 4286 1 0 1 -5.554369 -5.981369
0 3834 11.535738 2 4 0.683428 4297 1 0 1 -1.892148 -2.319148
0 3834 11.535738 2 4 0.683428 4309 1 0 1 0.122074 -0.304926
0 3834 11.535738 2 4 0.676711 4320 1 0 1 1.037629 0.610629
0 3834 11.535738 2 4 0.635081 4331 1 0 1 4.211555 3.784554
0 3834 11.535738 2 4 0.570622 4343 1 0 1 5.798517 5.371517
0 3834 5.371517 3 5 0.514221 4354 1 0 1 5.554369 5.127369
0 3834 5.371517 3 5 0.482661 4365 1 0 1 3.295999 2.868999
0 3834 5.371517 3 5 0.467216 4376 1 0 1 1.831111 1.404111
0 3834 5.371517 3 5 0.452442 4387 1 0 1 1.770074 1.343074
0 3834 5.371517 3 5 0.431625 4398 1 0 1 2.319407 1.892407
0 3834 5.371517 3 5 0.406780 4409 1 0 1 2.685629 2.258629
0 3834 5.371517 3 5 0.370154 4421 1 0 1 3.479110 3.052110
0 3834 5.371517 3 5 0.328524 4432 1 0 1 4.211555 3.784554
0 3834 5.371517 3 5 0.284879 4443 1 0 1 4.394665 3.967665
0 3834 5.371517 3 5 0.272791 4454 1 0 1 1.525926 1.098926
0 3834 5.371517 3 5 0.272791 4465 1 0 1 0.427259 0.000259
0 3834 5.371517 3 5 0.272791 4476 1 0 1 0.000000 -0.427000
0 3834 5.371517 3 5 0.280845 4488 1 0 1 -0.244148 -0.671148
0 3834 5.371517 3 5 0.305013 4499 1 0 1 -1.770074 -2.197074
0 3834 5.371517 3 5 0.364094 4510 1 0 1 -4.943999 -5.370998
0 3834 5.371517 3 5 0.453450 4522 1 0 1 -7.019258 -7.446258
0 3834 5.371517 3 5 0.539388 4533 1 0 1 -7.385479 -7.812479
0 3834 7.812479 3 6 0.614584 4544 1 0 1 -6.408887 -6.835887
0 3834 7.812479 3 6 0.668782 4556 1 0 1 -4.089480 -4.516480
0 3834 7.812479 3 6 0.689593 4567 1 0 1 -1.464888 -1.891888
0 3834 7.812479 3 6 0.697647 4578 1 0 1 -0.305185 -0.732185
0 3834 7.812479 3 6 0.716688 4590 1 0 1 -1.159703 -1.586703
0 3834 7.812479 3 6 0.768384 4601 1 0 1 -4.272592 -4.699591
0 3834 7.812479 3 6 0.834180 4612 1 0 1 -5.554369 -5.981369
0 3834 7.812479 3 6 0.892773 4624 1 0 1 -4.455703 -4.882703
0 3834 7.812479 3 6 0.916941 4635 1 0 1 -1.770074 -2.197074
0 3834 7.812479 3 6 0.916941 4646 1 0 1 0.000000 -0.427000
0 3834 7.812479 3 6 0.894110 4657 1 0 1 2.502518 2.075518
0 3834 7.812479 3 6 0.826721 4669 1 0 1 6.042665 5.615665
0 3834 7.812479 3 6 0.732049 4680 1 0 1 9.033479 8.606479
0 3834 7.812479 3 6 0.611863 4691 1 0 1 11.352886 10.925886
0 3834 7.812479 3 6 0.476235 4702 1 0 1 12.756738 12.329738
0 3834 12.329738 3 7 0.350678 4713 1 0 1 11.841182 11.414182
0 3834 12.329738 3 7 0.320644 4725 1 0 1 2.929777 2.502777
0 3834 12.329738 3 7 0.320644 4736 1 0 1 0.854518 0.427518
0 3834 12.329738 3 7 0.320644 4747 1 0 1 -0.061037 -0.488037
0 3834 12.329738 3 7 0.367518 4759 1 0 1 -3.479110 -3.906110
0 3834 12.329738 3 7 0.535368 4770 1 0 1 -14.831996 -15.258996
0 3834 12.329738 3 7 0.831275 4782 1 0 1 -24.231697 -24.658697
0 3834 12.329738 3 7 1.122664 4793 1 0 1 -26.062809 -26.489809
0 3834 26.489809 3 8 1.426628 4805 1 0 1 -24.903105 -25.330105
0 3834 26.489809 3 8 1.641233 4817 1 1 1 -17.456589 -17.883589
0 3834 26.489809 3 8 1.719786 4828 1 1 1 -6.714072 -7.141072
0 3834 26.489809 3 8 1.732967 4840 1 1 1 -0.671407 -1.098407
0 3834 26.489809 3 8 1.689994 4851 1 1 1 4.333629 3.906629
0 3834 26.489809 3 8 1.583908 4862 1 1 1 10.071109 9.644109
0 3834 26.489809 3 8 1.423498 4874 1 0 1 13.794367 13.367367
0 3834 26.489809 3 8 1.254970 4885 1 0 1 15.747552 15.320552
0 3834 26.489809 3 8 1.060135 4897 1 0 1 16.663107 16.236107
0 3834 26.489809 3 8 0.845280 4908 1 0 1 19.959106 19.532106
0 3834 26.489809 3 8 0.618340 4919 1 0 1 21.057772 20.630772
0 3834 20.630772 4 9 0.416913 4931 1 1 1 17.212440 16.785440
0 3834 20.630772 4 9 0.368568 4942 1 1 1 4.821925 4.394925
0 3834 20.630772 4 9 0.356480 4953 1 1 1 1.525926 1.098926
0 3834 20.630772 4 9 0.356480 4965 1 0 1 0.610370 0.183370
0 3834 20.630772 4 9 0.356480 4976 1 0 1 0.244148 -0.182852
0 3834 20.630772 4 9 0.356480 4987 1 0 1 0.061037 -0.365963
0 3834 20.630772 4 9 0.356480 4999 1 0 1 -0.061037 -0.488037
0 3834 20.630772 4 9 0.363191 5010 1 0 1 -0.183111 -0.610111
0 3834 20.630772 4 9 0.373931 5021 1 0 1 -0.549333 -0.976333
0 3834 20.630772 4 9 0.391506 5033 1 0 1 -1.037629 -1.464629
0 3834 20.630772 4 9 0.424403 5044 1 0 1 -2.563555 -2.990555
0 3834 20.630772 4 9 0.466882 5056 1 0 1 -3.112888 -3.539888
0 3834 20.630772 4 9 0.512535 5067 1 0 1 -3.723258 -4.150258
0 3834 4.150258 5 10 0.549155 5079 1 0 1 -2.624592 -3.051592
0 3834 4.150258 5 10 0.562580 5090 1 0 1 -0.793481 -1.220481
0 3834 4.150258 5 10 0.562580 5101 1 0 1 0.244148 -0.182852
0 3834 4.150258 5 10 0.562580 5113 1 0 1 0.854518 0.427518
0 3834 4.150258 5 10 0.533035 5124 1 0 1 3.112888 2.685888
0 3834 4.150258 5 10 0.474620 5135 1 0 1 5.737480 5.310480
0 3834 5.310480 5 11 0.424078 5147 1 0 1 4.638814 4.211814
0 3834 5.310480 5 11 0.413332 5158 1 0 1 1.403852 0.976851
0 3834 5.310480 5 11 0.413332 5169 1 0 1 0.183111 -0.243889
0 3834 5.310480 5 11 0.420044 5180 1 0 1 -0.183111 -0.610111
0 3834 5.310480 5 11 0.436154 5192 1 0 1 -0.915555 -1.342555
0 3834 5.310480 5 11 0.483822 5203 1 0 1 -3.906369 -4.333369
0 3834 5.310480 5 11 0.597349 5215 1 0 1 -9.033479 -9.460479
0 3834 5.310480 5 11 0.728271 5226 1 0 1 -11.474959 -11.901959
0 3834 11.901959 5 12 0.864504 5238 1 0 1 -10.925627 -11.352627
0 3834 11.901959 5 12 0.946414 5249 1 0 1 -7.019258 -7.446258
0 3834 11.901959 5 12 0.979371 5261 1 0 1 -2.319407 -2.746407
0 3834 11.901959 5 12 0.979371 5272 1 0 1 0.122074 -0.304926
0 3834 11.901959 5 12 0.947873 5284 1 0 1 3.051851 2.624851
0 3834 11.901959 5 12 0.884758 5295 1 0 1 6.164739 5.737739
0 3834 11.901959 5 12 0.792772 5306 1 0 1 8.789330 8.362330
0 3834 11.901959 5 12 0.657265 5318 1 0 1 11.719108 11.292108
0 3834 11.901959 5 12 0.502837 5329 1 0 1 14.465774 14.038774
0 3834 14.038774 5 13 0.456690 5341 1 0 1 4.272592 3.845591
0 3834 14.038774 5 13 0.447288 5352 1 0 1 1.281778 0.854777
0 3834 14.038774 5 13 0.447288 5363 1 0 1 0.427259 0.000259
0 3834 14.038774 5 13 0.447287 5375 1 0 1 -0.061037 -0.488037
0 3834 14.038774 5 13 0.455341 5386 1 0 1 -0.305185 -0.732185
0 3834 14.038774 5 13 0.468522 5398 1 0 1 -0.671407 -1.098407
0 3834 1.098407 6 14 0.479933 5409 1 0 1 -0.610370 -1.037370
0 3834 1.098407 6 14 0.487254 5421 1 0 1 -0.183111 -0.610111
0 3834 1.098407 6 14 0.487255 5432 1 0 1 0.183111 -0.243889
0 3834 1.098407 6 14 0.487255 5444 1 0 1 0.305185 -0.121815
0 3834 1.098407 6 14 0.487255 5455 1 0 1 0.244148 -0.182852
0 3834 1.098407 6 14 0.487255 5466 1 0 1 0.183111 -0.243889
0 3834 1.098407 6 14 0.487255 5477 1 0 1 0.122074 -0.304926
0 3834 1.098407 6 14 0.487255 5489 1 0 1 0.244148 -0.182852
0 3834 1.098407 6 14 0.487255 5500 1 0 1 0.366222 -0.060778
0 3834 1.098407 6 14 0.487255 5511 1 0 1 0.427259 0.000259
0 3834 1.098407 6 14 0.487255 5523 1 0 1 0.549333 0.122333
0 3834 1.098407 6 14 0.487255 5534 1 0 1 0.488296 0.061296
0 3834 1.098407 6 14 0.487255 5545 1 0 1 0.427259 0.000259
0 3834 1.098407 6 14 0.487255 5556 1 0 1 0.305185 -0.121815
0 3834 1.098407 6 14 0.487255 5568 1 0 1 0.305185 -0.121815
0 3834 1.098407 6 14 0.487255 5579 1 0 1 0.183111 -0.243889
0 3834 1.098407 6 14 0.487255 5590 1 0 1 0.000000 -0.427000
0 3834 1.098407 6 14 0.495309 5602 1 0 1 -0.244148 -0.671148
0 3834 1.098407 6 14 0.506720 5613 1 0 1 -0.610370 -1.037370
0 3834 1.098407 6 14 0.531620 5625 1 0 1 -1.648000 -2.075000
0 3834 1.098407 6 14 0.654486 5636 1 0 1 -10.742516 -11.169516
0 3834 1.098407 6 14 0.872021 5648 1 0 1 -17.700735 -18.127735
0 3834 1.098407 6 14 1.101641 5659 1 0 1 -20.447403 -20.874401
0 3834 20.874401 6 14 1.326501 5671 1 0 1 -18.311106 -18.738106
0 3834 20.874401 6 14 1.483974 5683 1 0 1 -12.695701 -13.122701
0 3834 20.874401 6 14 1.538355 5694 1 1 1 -4.516739 -4.943739
0 3834 20.874401 6 14 1.550072 5706 1 1 1 -0.549333 -0.976333
0 3834 20.874401 6 14 1.532613 5717 1 1 1 2.014222 1.587222
0 3834 20.874401 6 14 1.457899 5729 1 0 1 6.653036 6.226036
0 3834 20.874401 6 14 1.345771 5740 1 0 1 10.620442 10.193442
0 3834 20.874401 6 14 1.187314 5751 1 0 1 14.831996 14.404996
0 3834 20.874401 6 14 0.967576 5763 1 0 1 18.738365 18.311365
0 3834 20.874401 6 14 0.701022 5774 1 0 1 24.658957 24.231956
0 3834 24.231956 6 15 0.590419 5786 1 0 1 9.643849 9.216849
0 3834 24.231956 6 15 0.562889 5797 1 0 1 2.929777 2.502777
0 3834 24.231956 6 15 0.553364 5809 1 0 1 1.220740 0.793740
0 3834 24.231956 6 15 0.553364 5820 1 0 1 0.610370 0.183370
0 3834 24.231956 6 15 0.553364 5831 1 0 1 0.305185 -0.121815
0 3834 24.231956 6 15 0.553363 5843 1 0 1 0.183111 -0.243889
0 3834 24.231956 6 15 0.553363 5854 1 0 1 0.000000 -0.427000
0 3834 24.231956 6 15 0.560684 5866 1 0 1 -0.183111 -0.610111
0 3834 24.231956 6 15 0.568738 5877 1 0 1 -0.305185 -0.732185
0 3834 24.231956 6 15 0.581919 5889 1 0 1 -0.671407 -1.098407
0 3834 24.231956 6 15 0.596016 5900 1 0 1 -0.854518 -1.281518
0 3834 24.231956 6 15 0.614325 5912 1 0 1 -1.098666 -1.525666
0 3834 24.231956 6 15 0.651249 5923 1 0 1 -2.929777 -3.356777
0 3834 24.231956 6 15 0.698856 5935 1 0 1 -3.540147 -3.967147
0 3834 3.967147 7 16 0.725038 5946 1 0 1 -1.953185 -2.380185
0 3834 3.967147 7 16 0.735289 5958 1 0 1 -0.427259 -0.854259
0 3834 3.967147 7 16 0.735289 5969 1 0 1 0.366222 -0.060778
0 3834 3.967147 7 16 0.728572 5980 1 0 1 1.037629 0.610629
0 3834 3.967147 7 16 0.694144 5992 1 0 1 3.295999 2.868999
0 3834 2.868999 8 17 0.680042 6003 1 0 1 1.709037 1.282037
0 3834 2.868999 8 17 0.680042 6014 1 0 1 0.061037 -0.365963
0 3834 2.868999 8 17 0.697495 6025 1 0 1 -1.159703 -1.586703
0 3834 2.868999 8 17 0.772935 6037 1 0 1 -5.859554 -6.286554
0 3834 2.868999 8 17 0.866930 6048 1 0 1 -8.117924 -8.544924
0 3834 8.544924 8 18 0.962878 6060 1 0 1 -7.568591 -7.995591
0 3834 8.544924 8 18 1.014574 6071 1 0 1 -4.272592 -4.699591
0 3834 8.544924 8 18 1.036544 6083 1 0 1 -1.403852 -1.830851
0 3834 8.544924 8 18 1.036544 6094 1 0 1 0.122074 -0.304926
0 3834 8.544924 8 18 1.036544 6105 1 0 1 0.427259 0.000259
0 3834 8.544924 8 18 1.036544 6117 1 0 1 0.244148 -0.182852
0 3834 8.544924 8 18 1.036544 6128 1 0 1 0.000000 -0.427000
0 3834 8.544924 8 18 1.036544 6139 1 0 1 0.122074 -0.304926
0 3834 8.544924 8 18 1.036545 6150 1 0 1 0.427259 0.000259
0 3834 8.544924 8 18 1.013836 6162 1 0 1 2.319407 1.892407
0 3834 8.544924 8 18 0.969519 6173 1 0 1 4.455703 4.028703
0 3834 8.544924 8 18 0.907746 6184 1 0 1 6.042665 5.615665
0 3834 8.544924 8 18 0.833217 6195 1 0 1 7.202369 6.775369
0 3834 6.775369 9 19 0.758504 6207 1 0 1 6.653036 6.226036
0 3834 6.775369 9 19 0.719559 6218 1 0 1 3.967407 3.540407
0 3834 6.775369 9 19 0.704113 6229 1 0 1 1.831111 1.404111
0 3834 6.775369 9 19 0.704113 6240 1 0 1 0.671407 0.244407
0 3834 6.775369 9 19 0.704113 6252 1 0 1 0.061037 -0.365963
0 3834 6.775369 9 19 0.714853 6263 1 0 1 -0.549333 -0.976333
0 3834 6.775369 9 19 0.728278 6274 1 0 1 -0.793481 -1.220481
0 3834 6.775369 9 19 0.748051 6286 1 0 1 -1.220740 -1.647740
0 3834 6.775369 9 19 0.766176 6297 1 0 1 -1.220740 -1.647740
0 3834 1.647740 10 20 0.775695 6309 1 0 1 -0.366222 -0.793222
0 3834 1.647740 10 20 0.775695 6320 1 0 1 0.183111 -0.243889
0 3834 1.647740 10 20 0.775695 6332 1 0 1 0.305185 -0.121815
0 3834 1.647740 10 20 0.775695 6343 1 0 1 0.366222 -0.060778
0 3834 1.647740 10 20 0.775695 6354 1 0 1 0.488296 0.061296
0 3834 1.647740 10 20 0.775695 6366 1 0 1 0.793481 0.366481
0 3834 1.647740 10 20 0.758907 6377 1 0 1 1.953185 1.526185
0 3834 1.526185 11 21 0.752190 6388 1 0 1 1.037629 0.610629
0 3834 1.526185 11 21 0.752190 6400 1 0 1 0.854518 0.427518
0 3834 1.526185 11 21 0.752190 6411 1 0 1 0.793481 0.366481
0 3834 1.526185 11 21 0.752190 6422 1 0 1 0.671407 0.244407
0 3834 1.526185 11 21 0.752190 6434 1 0 1 0.549333 0.122333
0 3834 1.526185 11 21 0.752189 6445 1 0 1 0.244148 -0.182852
0 3834 1.526185 11 21 0.752189 6456 1 0 1 0.000000 -0.427000
0 3834 1.526185 11 21 0.764637 6468 1 0 1 -0.610370 -1.037370
0 3834 1.526185 11 21 0.785448 6479 1 0 1 -1.464888 -1.891888
0 3834 1.526185 11 21 0.860888 6491 1 0 1 -5.859554 -6.286554
0 3834 1.526185 11 21 1.040824 6502 1 0 1 -15.930662 -16.357662
0 3834 1.526185 11 21 1.258359 6514 1 0 1 -17.700735 -18.127735
0 3834 18.127735 11 22 1.436341 6526 1 0 1 -14.404737 -14.831738
0 3834 18.127735 11 22 1.522034 6538 1 0 1 -6.714072 -7.141072
0 3834 18.127735 11 22 1.538817 6549 1 0 1 -1.098666 -1.525666
0 3834 18.127735 11 22 1.538817 6561 1 0 1 0.793481 0.366481
0 3834 18.127735 11 22 1.485101 6572 1 0 1 5.310221 4.883221
0 3834 18.127735 11 22 1.381090 6584 1 0 1 9.094516 8.667516
0 3834 18.127735 11 22 1.243447 6595 1 0 1 12.939849 12.512849
0 3834 18.127735 11 22 1.041288 6607 1 0 1 17.273478 16.846478
0 3834 16.846478 12 23 0.901631 6618 1 0 1 13.122959 12.695959
0 3834 16.846478 12 23 0.855484 6630 1 0 1 4.272592 3.845591
0 3834 16.846478 12 23 0.840832 6642 1 0 1 1.648000 1.221000
0 3834 16.846478 12 23 0.840832 6653 1 0 1 0.854518 0.427518
0 3834 16.846478 12 23 0.840832 6664 1 0 1 0.366222 -0.060778
0 3834 16.846478 12 23 0.840832 6676 1 0 1 0.061037 -0.365963
0 3834 16.846478 12 23 0.848214 6687 1 0 1 -0.244148 -0.671148
0 3834 16.846478 12 23 0.861395 6699 1 0 1 -0.671407 -1.098407
0 3834 16.846478 12 23 0.874576 6711 1 0 1 -0.671407 -1.098407
0 3834 1.098407 13 24 0.883973 6722 1 0 1 -0.427259 -0.854259
0 3834 1.098407 13 24 0.892027 6734 1 0 1 -0.244148 -0.671148
0 3834 1.098407 13 24 0.903438 6745 1 0 1 -0.610370 -1.037370
0 3834 1.098407 13 24 0.936395 6757 1 0 1 -2.319407 -2.746407
0 3834 1.098407 13 24 0.985406 6768 1 0 1 -4.028443 -4.455443
0 3834 4.455443 13 24 1.031547 6780 1 0 1 -3.418073 -3.845073
0 3834 4.455443 13 24 1.053029 6791 1 0 1 -1.525926 -1.952926
0 3834 4.455443 13 24 1.053029 6803 1 0 1 -0.061037 -0.488037
0 3834 4.455443 13 24 1.053029 6814 1 0 1 0.793481 0.366481
0 3834 4.455443 13 24 1.031053 6826 1 0 1 2.258370 1.831370
0 3834 4.455443 13 24 0.980694 6837 1 0 1 5.005036 4.578036
0 3834 4.578036 13 25 0.939063 6848 1 0 1 4.211555 3.784554
0 3834 4.578036 13 25 0.920016 6860 1 0 1 2.014222 1.587222
0 3834 4.578036 13 25 0.911956 6871 1 0 1 1.159703 0.732703
0 3834 4.578036 13 25 0.911956 6882 1 0 1 0.610370 0.183370
0 3834 4.578036 13 25 0.911956 6894 1 0 1 0.244148 -0.182852
0 3834 4.578036 13 25 0.920011 6905 1 0 1 -0.305185 -0.732185
0 3834 4.578036 13 25 0.935389 6917 1 0 1 -0.854518 -1.281518
0 3834 4.578036 13 25 0.955528 6928 1 0 1 -1.403852 -1.830851
0 3834 4.578036 13 25 1.039757 6940 1 0 1 -6.591998 -7.018998
0 3834 4.578036 13 25 1.129724 6951 1 0 1 -7.751701 -8.178701
0 3834 8.178701 13 26 1.203698 6963 1 0 1 -5.737480 -6.164480
0 3834 8.178701 13 26 1.235252 6974 1 0 1 -2.441481 -2.868481
0 3834 8.178701 13 26 1.243306 6986 1 0 1 -0.244148 -0.671148
0 3834 8.178701 13 26 1.243306 6997 1 0 1 0.549333 0.122333
0 3834 8.178701 13 26 1.227189 7009 1 0 1 1.770074 1.343074
0 3834 8.178701 13 26 1.186901 7020 1 0 1 4.089480 3.662481
0 3834 8.178701 13 26 1.115728 7031 1 0 1 6.897183 6.470183
0 3834 8.178701 13 26 1.027099 7043 1 0 1 7.812739 7.385739
0 3834 7.385739 14 27 0.993525 7054 1 0 1 3.479110 3.052110
0 3834 7.385739 14 27 0.979423 7065 1 0 1 1.709037 1.282037
0 3834 7.385739 14 27 0.971363 7077 1 0 1 1.098666 0.671666
0 3834 7.385739 14 27 0.971363 7088 1 0 1 0.793481 0.366481
0 3834 7.385739 14 27 0.971363 7099 1 0 1 0.549333 0.122333
0 3834 7.385739 14 27 0.971363 7111 1 0 1 0.366222 -0.060778
0 3834 7.385739 14 27 0.971363 7122 1 0 1 0.244148 -0.182852
0 3834 7.385739 14 27 0.981614 7134 1 0 1 -0.427259 -0.854259
0 3834 7.385739 14 27 1.002424 7145 1 0 1 -1.464888 -1.891888
0 3834 7.385739 14 27 1.091780 7157 1 0 1 -7.019258 -7.446258
0 3834 7.385739 14 27 1.312001 7168 1 0 1 -19.592884 -20.019884
0 3834 7.385739 14 27 1.576412 7180 1 0 1 -21.607105 -22.034105
0 3834 22.034105 14 28 1.807864 7192 1 0 1 -18.860439 -19.287439
0 3834 22.034105 14 28 1.952215 7203 1 1 1 -12.695701 -13.122701
0 3834 22.034105 14 28 2.013005 7215 1 1 1 -4.638814 -5.065814
0 3834 22.034105 14 28 2.022524 7227 1 1 1 -0.366222 -0.793222
0 3834 22.034105 14 28 2.009093 7238 1 1 1 1.648000 1.221000
0 3834 22.034105 14 28 1.918266 7250 1 0 1 7.995850 7.568850
0 3834 22.034105 14 28 1.765852 7261 1 0 1 14.282663 13.855663
0 3834 22.034105 14 28 1.538789 7273 1 0 1 19.348736 18.921736
0 3834 22.034105 14 28 1.288349 7284 1 0 1 23.194069 22.767069
0 3834 22.767069 14 29 1.121347 7296 1 1 1 14.343700 13.916700
0 3834 22.767069 14 29 1.079595 7308 1 1 1 3.906369 3.479369
0 3834 22.767069 14 29 1.071535 7319 1 1 1 1.159703 0.732703
0 3834 22.767069 14 29 1.071535 7330 1 1 1 0.427259 0.000259
0 3834 22.767069 14 29 1.080320 7342 1 0 1 -0.305185 -0.732185
0 3834 22.767069 14 29 1.092769 7354 1 0 1 -0.610370 -1.037370
0 3834 1.037370 15 30 1.102837 7365 1 0 1 -0.488296 -0.915296
0 3834 1.037370 15 30 1.116018 7377 1 0 1 -0.671407 -1.098407
0 3834 1.037370 15 30 1.151600 7388 1 0 1 -2.807703 -3.234703
0 3834 1.037370 15 30 1.197010 7400 1 0 1 -3.357036 -3.784036
0 3834 1.037370 15 30 1.245349 7411 1 0 1 -3.967407 -4.394407
0 3834 1.037370 15 30 1.300279 7423 1 0 1 -4.150517 -4.577518
0 3834 4.577518 15 30 1.335190 7434 1 0 1 -2.746666 -3.173666
0 3834 4.577518 15 30 1.350569 7446 1 0 1 -0.854518 -1.281518
0 3834 4.577518 15 30 1.350569 7457 1 0 1 0.244148 -0.182852
0 3834 4.577518 15 30 1.350569 7469 1 0 1 0.793481 0.366481
0 3834 4.577518 15 30 1.322366 7480 1 0 1 2.990814 2.563814
0 3834 4.577518 15 30 1.252536 7491 1 0 1 6.775109 6.348110
0 3834 6.348110 15 31 1.182950 7503 1 0 1 6.225776 5.798776
0 3834 6.348110 15 31 1.152062 7514 1 0 1 3.234962 2.807962
0 3834 6.348110 15 31 1.139303 7525 1 0 1 1.586963 1.159963
0 3834 6.348110 15 31 1.139303 7537 1 0 1 0.976592 0.549592
0 3834 6.348110 15 31 1.139303 7548 1 0 1 0.549333 0.122333
0 3834 6.348110 15 31 1.139303 7559 1 0 1 0.183111 -0.243889
0 3834 6.348110 15 31 1.151751 7571 1 0 1 -0.610370 -1.037370
0 3834 6.348110 15 31 1.168534 7582 1 0 1 -1.098666 -1.525666
0 3834 6.348110 15 31 1.203688 7594 1 0 1 -2.502518 -2.929518
0 3834 6.348110 15 31 1.264784 7605 1 0 1 -5.127110 -5.554110
0 3834 6.348110 15 31 1.341688 7617 1 0 1 -5.981628 -6.408628
0 3834 6.408628 15 32 1.410535 7629 1 0 1 -5.310221 -5.737221
0 3834 6.408628 15 32 1.448803 7640 1 0 1 -3.051851 -3.478851
0 3834 6.408628 15 32 1.495677 7652 1 0 1 -3.479110 -3.906110
0 3834 6.408628 15 32 1.560130 7663 1 0 1 -5.432295 -5.859295
0 3834 6.408628 15 32 1.678051 7675 1 0 1 -9.399701 -9.826701
0 3834 6.408628 15 32 1.850602 7686 1 0 1 -15.259255 -15.686255
0 3834 15.686255 15 32 2.032247 7698 1 0 1 -14.709922 -15.136922
0 3834 15.686255 15 32 2.163352 7710 1 0 1 -10.498367 -10.925367
0 3834 15.686255 15 32 2.209006 7721 1 0 1 -3.723258 -4.150258
0 3834 15.686255 15 32 2.219257 7733 1 0 1 -0.427259 -0.854259
0 3834 15.686255 15 32 2.219257 7745 1 0 1 0.793481 0.366481
0 3834 15.686255 15 32 2.189712 7756 1 0 1 3.112888 2.685888
0 3834 15.686255 15 32 2.114999 7768 1 0 1 6.653036 6.226036
0 3834 15.686255 15 32 2.002870 7779 1 0 1 10.620442 10.193442
0 3834 15.686255 15 32 1.831473 7791 1 0 1 14.709922 14.282922
0 3834 15.686255 15 32 1.628032 7802 1 0 1 18.921476 18.494476
0 3834 15.686255 15 32 1.337979 7814 1 0 1 24.597919 24.170919
0 3834 24.170919 15 33 1.254050 7825 1 0 1 8.056887 7.629887
0 3834 24.170919 15 33 1.231341 7837 1 0 1 2.319407 1.892407
0 3834 24.170919 15 33 1.231341 7848 1 0 1 0.732444 0.305444
0 3834 24.170919 15 33 1.231341 7860 1 0 1 0.000000 -0.427000
0 3834 24.170919 15 33 1.244095 7871 1 0 1 -0.732444 -1.159444
0 3834 24.170919 15 33 1.266798 7883 1 0 1 -1.464888 -1.891888
0 3834 24.170919 15 33 1.303051 7894 1 0 1 -2.868740 -3.295740
0 3834 24.170919 15 33 1.355785 7906 1 0 1 -3.967407 -4.394407
0 3834 4.394407 16 34 1.385812 7918 1 0 1 -2.075259 -2.502259
0 3834 4.394407 16 34 1.394538 7929 1 0 1 -0.366222 -0.793222
0 3834 4.394407 16 34 1.404056 7941 1 0 1 -0.366222 -0.793222
0 3834 4.394407 16 34 1.430239 7952 1 0 1 -1.953185 -2.380185
0 3834 4.394407 16 34 1.471985 7964 1 0 1 -3.051851 -3.478851
0 3834 4.394407 16 34 1.524352 7975 1 0 1 -4.333629 -4.760629
0 3834 4.394407 16 34 1.595397 7987 1 0 1 -5.493332 -5.920332
0 3834 4.394407 16 34 1.660521 7998 1 0 1 -5.493332 -5.920332
0 3834 5.920332 16 34 1.719847 8010 1 0 1 -4.516739 -4.943739
0 3834 5.920332 16 34 1.750729 8021 1 0 1 -2.380444 -2.807444
0 3834 5.920332 16 34 1.764643 8033 1 0 1 -0.732444 -1.159444
0 3834 5.920332 16 34 1.776725 8044 1 0 1 -0.671407 -1.098407
0 3834 5.920332 16 34 1.822134 8056 1 0 1 -3.357036 -3.784036
0 3834 5.920332 16 34 1.894644 8067 1 0 1 -6.164739 -6.591739
0 3834 5.920332 16 34 2.016960 8079 1 0 1 -9.765924 -10.192924
0 3834 5.920332 16 34 2.151728 8091 1 0 1 -10.803553 -11.230553
0 3834 11.230553 16 34 2.263851 8102 1 0 1 -9.765924 -10.192924
0 3834 11.230553 16 34 2.338558 8114 1 0 1 -5.798517 -6.225517
0 3834 11.230553 16 34 2.366388 8126 1 0 1 -1.892148 -2.319148
0 3834 11.230553 16 34 2.366388 8137 1 0 1 0.183111 -0.243889
0 3834 11.230553 16 34 2.366388 8149 1 0 1 0.732444 0.305444
0 3834 11.230553 16 34 2.350943 8160 1 0 1 1.831111 1.404111
0 3834 11.230553 16 34 2.295273 8172 1 0 1 5.066072 4.639072
0 3834 11.230553 16 34 2.198587 8183 1 0 1 9.216591 8.789591
0 3834 11.230553 16 34 2.058259 8194 1 0 1 13.183996 12.756996
0 3834 11.230553 16 34 1.872213 8206 1 0 1 15.930662 15.503662
0 3834 11.230553 16 34 1.653207 8218 1 0 1 18.677328 18.250328
0 3834 11.230553 16 34 1.441043 8229 1 1 1 19.714956 19.287956
0 3834 19.287956 16 35 1.364133 8241 1 1 1 6.836146 6.409146
0 3834 19.287956 16 35 1.346673 8252 1 1 1 2.014222 1.587222
0 3834 19.287956 16 35 1.346673 8264 1 1 1 0.671407 0.244407
0 3834 19.287956 16 35 1.346674 8275 1 0 1 0.061037 -0.365963
0 3834 19.287956 16 35 1.355460 8287 1 0 1 -0.305185 -0.732185
0 3834 19.287956 16 35 1.364857 8298 1 0 1 -0.427259 -0.854259
0 3834 19.287956 16 35 1.394885 8310 1 0 1 -2.075259 -2.502259
0 3834 19.287956 16 35 1.431810 8321 1 0 1 -2.929777 -3.356777
0 3834 19.287956 16 35 1.475753 8333 1 0 1 -3.234962 -3.661962
0 3834 19.287956 16 35 1.538740 8345 1 0 1 -4.821925 -5.248925
0 3834 19.287956 16 35 1.609236 8356 1 0 1 -5.981628 -6.408628
0 3834 19.287956 16 35 1.705184 8368 1 0 1 -7.568591 -7.995591
0 3834 7.995591 17 36 1.797470 8380 1 0 1 -7.263405 -7.690405
0 3834 7.995591 17 36 1.857223 8391 1 0 1 -5.005036 -5.432036
0 3834 7.995591 17 36 1.884320 8403 1 0 1 -1.831111 -2.258111
0 3834 7.995591 17 36 1.884320 8414 1 0 1 0.305185 -0.121815
0 3834 7.995591 17 36 1.874062 8426 1 0 1 1.281778 0.854777
0 3834 7.995591 17 36 1.820346 8437 1 0 1 5.310221 4.883221
0 3834 7.995591 17 36 1.733731 8448 1 0 1 8.301035 7.874035
0 3834 7.995591 17 36 1.594562 8460 1 0 1 12.024293 11.597293
0 3834 11.597293 17 37 1.500561 8471 1 0 1 8.972443 8.545443
0 3834 11.597293 17 37 1.445503 8482 1 0 1 5.432295 5.005295
0 3834 11.597293 17 37 1.424991 8494 1 0 1 2.136296 1.709296
0 3834 11.597293 17 37 1.414917 8505 1 0 1 1.342814 0.915814
0 3834 11.597293 17 37 1.414918 8517 1 0 1 0.976592 0.549592
0 3834 11.597293 17 37 1.414918 8528 1 0 1 0.671407 0.244407
0 3834 11.597293 17 37 1.414918 8540 1 0 1 0.488296 0.061296
0 3834 11.597293 17 37 1.414918 8551 1 0 1 0.305185 -0.121815
0 3834 11.597293 17 37 1.424437 8563 1 0 1 -0.366222 -0.793222
0 3834 11.597293 17 37 1.440549 8574 1 0 1 -1.037629 -1.464629
0 3834 11.597293 17 37 1.477168 8586 1 0 1 -2.624592 -3.051592
0 3834 11.597293 17 37 1.514093 8597 1 0 1 -2.929777 -3.356777
0 3834 3.356777 18 38 1.550712 8609 1 0 1 -2.624592 -3.051592
0 3834 3.356777 18 38 1.601248 8621 1 0 1 -3.784295 -4.211295
0 3834 3.356777 18 38 1.699272 8632 1 0 1 -8.484146 -8.911146
0 3834 3.356777 18 38 1.869929 8644 1 0 1 -13.794367 -14.221367
0 3834 3.356777 18 38 2.034422 8655 1 0 1 -14.526811 -14.953811
0 3834 14.953811 18 38 2.185304 8667 1 0 1 -12.146367 -12.573367
0 3834 14.953811 18 38 2.292971 8679 1 0 1 -8.545183 -8.972182
0 3834 14.953811 18 38 2.333253 8690 1 0 1 -3.234962 -3.661962
0 3834 14.953811 18 38 2.333253 8702 1 0 1 -0.061037 -0.488037
0 3834 14.953811 18 38 2.325925 8714 1 0 1 1.037629 0.610629
0 3834 14.953811 18 38 2.275566 8725 1 0 1 5.005036 4.578036
0 3834 14.953811 18 38 2.172166 8736 1 0 1 9.826961 9.399961
0 3834 14.953811 18 38 2.019080 8748 1 0 1 13.183996 12.756996
0 3834 14.953811 18 38 1.836453 8759 1 0 1 17.029327 16.602327
0 3834 14.953811 18 38 1.608658 8771 1 0 1 19.409773 18.982773
0 3834 18.982773 18 39 1.502449 8783 1 0 1 9.277628 8.850628
0 3834 18.982773 18 39 1.470219 8794 1 0 1 3.357036 2.930036
0 3834 18.982773 18 39 1.460694 8806 1 0 1 1.220740 0.793740
0 3834 18.982773 18 39 1.460694 8817 1 0 1 0.488296 0.061296
0 3834 18.982773 18 39 1.460695 8828 1 0 1 0.183111 -0.243889
0 3834 18.982773 18 39 1.469481 8840 1 0 1 -0.305185 -0.732185
0 3834 18.982773 18 39 1.481197 8852 1 0 1 -0.549333 -0.976333
0 3834 18.982773 18 39 1.502008 8863 1 0 1 -1.464888 -1.891888
0 3834 1.891888 19 40 1.521782 8875 1 0 1 -1.220740 -1.647740
0 3834 1.891888 19 40 1.560720 8886 1 0 1 -3.112888 -3.539888
0 3834 1.891888 19 40 1.642019 8898 1 0 1 -6.347850 -6.774850
0 3834 1.891888 19 40 1.809869 8909 1 0 1 -14.831996 -15.258996
0 3834 1.891888 19 40 2.056701 8921 1 0 1 -20.142218 -20.569218
0 3834 1.891888 19 40 2.401672 8933 1 0 1 -28.321177 -28.748177
0 3834 28.748177 19 40 2.666206 8944 1 0 1 -23.621326 -24.048326
0 3834 28.748177 19 40 2.882276 8956 1 1 1 -17.578661 -18.005661
0 3834 28.748177 19 40 2.963575 8968 1 1 1 -6.347850 -6.774850
0 3834 28.748177 19 40 2.978221 8980 1 1 1 -0.793481 -1.220481
0 3834 28.748177 19 40 2.964789 8991 1 1 1 1.648000 1.221000
0 3834 28.748177 19 40 2.872497 9003 1 0 1 8.117924 7.690924
0 3834 28.748177 19 40 2.724112 9014 1 0 1 13.916441 13.489441
0 3834 28.748177 19 40 2.501443 9026 1 0 1 18.982513 18.555513
0 3834 28.748177 19 40 2.206691 9037 1 0 1 27.222511 26.795511
0 3834 28.748177 19 40 1.849994 9049 1 0 1 30.152288 29.725288
0 3834 29.725288 19 41 1.578993 9061 1 1 1 23.010956 22.583956
0 3834 29.725288 19 41 1.515205 9072 1 1 1 6.225776 5.798776
0 3834 29.725288 19 41 1.498356 9084 1 1 1 1.831111 1.404111
0 3834 29.725288 19 41 1.498356 9095 1 1 1 0.610370 0.183370
0 3834 29.725288 19 41 1.498356 9106 1 1 1 0.366222 -0.060778
0 3834 29.725288 19 41 1.498357 9118 1 0 1 0.000000 -0.427000
0 3834 29.725288 19 41 1.510073 9130 1 0 1 -0.549333 -0.976333
0 3834 29.725288 19 41 1.527527 9141 1 0 1 -1.159703 -1.586703
0 3834 29.725288 19 41 1.577331 9153 1 0 1 -3.723258 -4.150258
0 3834 29.725288 19 41 1.665283 9164 1 0 1 -7.568591 -7.995591
0 3834 29.725288 19 41 1.767823 9176 1 0 1 -8.117924 -8.544924
0 3834 8.544924 20 42 1.841797 9188 1 0 1 -5.737480 -6.164480
0 3834 8.544924 20 42 1.875365 9199 1 0 1 -2.624592 -3.051592
0 3834 8.544924 20 42 1.883419 9211 1 0 1 -0.244148 -0.671148
0 3834 8.544924 20 42 1.883418 9222 1 0 1 0.549333 0.122333
0 3834 8.544924 20 42 1.873344 9233 1 0 1 1.342814 0.915814
0 3834 8.544924 20 42 1.813280 9245 1 0 1 5.432295 5.005295
0 3834 8.544924 20 42 1.703836 9256 1 0 1 10.376293 9.949293
0 3834 9.949293 20 43 1.604220 9268 1 0 1 8.728294 8.301294
0 3834 9.949293 20 43 1.570646 9279 1 0 1 3.479110 3.052110
0 3834 9.949293 20 43 1.559901 9290 1 0 1 1.403852 0.976851
0 3834 9.949293 20 43 1.559901 9302 1 0 1 0.671407 0.244407
0 3834 9.949293 20 43 1.559901 9313 1 0 1 0.366222 -0.060778
0 3834 9.949293 20 43 1.559901 9324 1 0 1 0.244148 -0.182852
0 3834 9.949293 20 43 1.559901 9336 1 0 1 0.183111 -0.243889
0 3834 9.949293 20 43 1.559902 9347 1 0 1 0.000000 -0.427000
0 3834 9.949293 20 43 1.567955 9359 1 0 1 -0.244148 -0.671148
0 3834 9.949293 20 43 1.575338 9370 1 0 1 -0.244148 -0.671148
0 3834 9.949293 20 43 1.585590 9382 1 0 1 -0.427259 -0.854259
0 3834 9.949293 20 43 1.611772 9393 1 0 1 -1.953185 -2.380185
0 3834 9.949293 20 43 1.694536 9405 1 0 1 -6.469924 -6.896924
0 3834 9.949293 20 43 1.805316 9416 1 0 1 -9.643849 -10.070849
0 3834 10.070849 20 44 1.921040 9428 1 0 1 -9.216591 -9.643590
0 3834 10.070849 20 44 1.992208 9439 1 0 1 -6.042665 -6.469665
0 3834 10.070849 20 44 2.026629 9451 1 0 1 -2.441481 -2.868481
0 3834 10.070849 20 44 2.034684 9463 1 0 1 -0.244148 -0.671148
0 3834 10.070849 20 44 2.034683 9474 1 0 1 0.671407 0.244407
0 3834 10.070849 20 44 2.003184 9486 1 0 1 3.051851 2.624851
0 3834 10.070849 20 44 1.946783 9497 1 0 1 5.554369 5.127369
0 3834 10.070849 20 44 1.851561 9509 1 0 1 8.362072 7.935072
0 3834 10.070849 20 44 1.735403 9520 1 0 1 10.986664 10.559664
0 3834 10.559664 20 45 1.657027 9532 1 0 1 6.958220 6.531220
0 3834 10.559664 20 45 1.635539 9543 1 0 1 2.380444 1.953444
0 3834 10.559664 20 45 1.635539 9554 1 0 1 0.915555 0.488555
0 3834 10.559664 20 45 1.635540 9566 1 0 1 0.488296 0.061296
0 3834 10.559664 20 45 1.635540 9577 1 0 1 0.305185 -0.121815
0 3834 10.559664 20 45 1.635540 9589 1 0 1 0.122074 -0.304926
0 3834 10.559664 20 45 1.635540 9600 1 0 1 0.061037 -0.365963
0 3834 10.559664 20 45 1.635540 9612 1 0 1 -0.061037 -0.488037
0 3834 10.559664 20 45 1.644266 9623 1 0 1 -0.366222 -0.793222
0 3834 10.559664 20 45 1.668433 9635 1 0 1 -1.586963 -2.013963
0 3834 10.559664 20 45 1.782693 9647 1 0 1 -9.094516 -9.521516
0 3834 10.559664 20 45 1.914287 9658 1 0 1 -11.535996 -11.962996
0 3834 11.962996 20 46 2.048323 9670 1 0 1 -10.742516 -11.169516
0 3834 11.962996 20 46 2.130354 9682 1 0 1 -6.408887 -6.835887
0 3834 11.962996 20 46 2.154522 9693 1 0 1 -1.770074 -2.197074
0 3834 11.962996 20 46 2.154522 9705 1 0 1 0.122074 -0.304926
0 3834 11.962996 20 46 2.142799 9717 1 0 1 1.403852 0.976851
0 3834 11.962996 20 46 2.102512 9728 1 0 1 4.089480 3.662481
0 3834 11.962996 20 46 2.029996 9739 1 0 1 7.019258 6.592257
0 3834 11.962996 20 46 1.921590 9751 1 0 1 9.460738 9.033738
0 3834 11.962996 20 46 1.803419 9762 1 0 1 11.169775 10.742775
0 3834 10.742775 21 47 1.723578 9774 1 0 1 7.080294 6.653294
0 3834 10.742775 21 47 1.702091 9785 1 0 1 2.380444 1.953444
0 3834 10.742775 21 47 1.692566 9797 1 0 1 1.220740 0.793740
0 3834 10.742775 21 47 1.692566 9808 1 0 1 0.793481 0.366481
0 3834 10.742775 21 47 1.692566 9820 1 0 1 0.427259 0.000259
0 3834 10.742775 21 47 1.692566 9831 1 0 1 0.183111 -0.243889
0 3834 10.742775 21 47 1.702818 9843 1 0 1 -0.427259 -0.854259
0 3834 10.742775 21 47 1.723629 9854 1 0 1 -1.464888 -1.891888
0 3834 10.742775 21 47 1.826169 9866 1 0 1 -8.117924 -8.544924
0 3834 10.742775 21 47 1.993348 9877 1 0 1 -14.770959 -15.197959
0 3834 15.197959 21 48 2.172063 9889 1 0 1 -14.465774 -14.892774
0 3834 15.197959 21 48 2.296577 9901 1 0 1 -9.949035 -10.376035
0 3834 15.197959 21 48 2.345648 9913 1 0 1 -3.662221 -4.089221
0 3834 15.197959 21 48 2.355045 9924 1 0 1 -0.427259 -0.854259
0 3834 15.197959 21 48 2.347717 9936 1 0 1 1.037629 0.610629
0 3834 15.197959 21 48 2.304744 9947 1 0 1 4.333629 3.906629
0 3834 15.197959 21 48 2.217579 9959 1 0 1 7.690665 7.263665
0 3834 15.197959 21 48 2.101422 9970 1 0 1 10.986664 10.559664
0 3834 15.197959 21 48 1.927095 9982 1 0 1 14.954070 14.527070
0 3834 14.527070 22 49 1.821680 9993 1 0 1 10.010072 9.583072
0 3834 14.527070 22 49 1.785786 10005 1 0 1 3.418073 2.991073
0 3834 14.527070 22 49 1.776383 10016 1 0 1 1.281778 0.854777
0 3834 14.527070 22 49 1.776384 10028 1 0 1 0.732444 0.305444
0 3834 14.527070 22 49 1.776384 10040 1 0 1 0.305185 -0.121815
0 3834 14.527070 22 49 1.776384 10051 1 0 1 0.183111 -0.243889
0 3834 14.527070 22 49 1.783706 10063 1 0 1 -0.183111 -0.610111
0 3834 14.527070 22 49 1.797132 10074 1 0 1 -0.793481 -1.220481
0 3834 14.527070 22 49 1.819102 10086 1 0 1 -1.403852 -1.830851
0 3834 14.527070 22 49 1.901867 10098 1 0 1 -6.469924 -6.896924
0 3834 14.527070 22 49 2.002209 10110 1 0 1 -7.934813 -8.361814
0 3834 8.361814 23 50 2.073376 10121 1 0 1 -6.042665 -6.469665
0 3834 8.361814 23 50 2.136364 10133 1 0 1 -4.821925 -5.248925
0 3834 8.361814 23 50 2.238171 10145 1 0 1 -8.056887 -8.483887
0 3834 8.361814 23 50 2.331495 10156 1 0 1 -8.056887 -8.483887
0 3834 8.483887 23 50 2.410597 10168 1 0 1 -6.164739 -6.591739
0 3834 8.483887 23 50 2.449536 10179 1 0 1 -3.112888 -3.539888
0 3834 8.483887 23 50 2.460519 10191 1 0 1 -0.488296 -0.915296
0 3834 8.483887 23 50 2.460518 10203 1 0 1 0.549333 0.122333
0 3834 8.483887 23 50 2.441045 10214 1 0 1 2.197333 1.770333
0 3834 8.483887 23 50 2.390686 10225 1 0 1 5.005036 4.578036
0 3834 8.483887 23 50 2.312310 10237 1 0 1 6.958220 6.531220
0 3834 8.483887 23 50 2.218309 10248 1 0 1 8.972443 8.545443
0 3834 8.483887 23 50 2.087930 10260 1 0 1 11.291849 10.864849
0 3834 8.483887 23 50 1.946259 10271 1 0 1 13.306071 12.879071
0 3834 12.879071 23 51 1.886194 10283 1 0 1 5.432295 5.005295
0 3834 12.879071 23 51 1.872763 10294 1 0 1 1.648000 1.221000
0 3834 12.879071 23 51 1.872763 10306 1 0 1 0.610370 0.183370
0 3834 12.879071 23 51 1.872764 10318 1 0 1 -0.122074 -0.549074
0 3834 12.879071 23 51 1.883504 10329 1 0 1 -0.549333 -0.976333
0 3834 12.879071 23 51 1.904010 10341 1 0 1 -1.281778 -1.708777
0 3834 12.879071 23 51 1.966265 10353 1 0 1 -4.760888 -5.187888
0 3834 5.187888 24 52 2.020647 10364 1 0 1 -4.516739 -4.943739
0 3834 5.187888 24 52 2.048477 10376 1 0 1 -1.892148 -2.319148
0 3834 5.187888 24 52 2.048476 10388 1 0 1 -0.061037 -0.488037
0 3834 5.187888 24 52 2.048476 10399 1 0 1 0.610370 0.183370
0 3834 5.187888 24 52 2.036753 10411 1 0 1 1.403852 0.976851
0 3834 5.187888 24 52 1.996465 10422 1 0 1 4.089480 3.662481
0 3834 5.187888 24 52 1.947449 10433 1 0 1 4.882962 4.455962
0 3834 4.455962 25 53 1.919613 10445 1 0 1 2.746666 2.319666
0 3834 4.455962 25 53 1.909539 10456 1 0 1 1.342814 0.915814
0 3834 4.455962 25 53 1.909539 10468 1 0 1 0.915555 0.488555
0 3834 4.455962 25 53 1.909539 10479 1 0 1 0.732444 0.305444
0 3834 4.455962 25 53 1.909539 10491 1 0 1 0.732444 0.305444
0 3834 4.455962 25 53 1.909539 10502 1 0 1 0.732444 0.305444
0 3834 4.455962 25 53 1.909539 10513 1 0 1 0.671407 0.244407
0 3834 4.455962 25 53 1.909539 10525 1 0 1 0.366222 -0.060778
0 3834 4.455962 25 53 1.909539 10536 1 0 1 0.244148 -0.182852
0 3834 4.455962 25 53 1.909539 10548 1 0 1 0.122074 -0.304926
0 3834 4.455962 25 53 1.916922 10559 1 0 1 -0.244148 -0.671148
0 3834 4.455962 25 53 1.930103 10571 1 0 1 -0.671407 -1.098407
0 3834 4.455962 25 53 1.947679 10583 1 0 1 -1.037629 -1.464629
0 3834 4.455962 25 53 1.967818 10594 1 0 1 -1.403852 -1.830851
0 3834 4.455962 25 53 2.028609 10606 1 0 1 -4.638814 -5.065814
0 3834 4.455962 25 53 2.095259 10618 1 0 1 -5.127110 -5.554110
0 3834 5.554110 25 54 2.152326 10629 1 0 1 -4.760888 -5.187888
0 3834 5.554110 25 54 2.224836 10641 1 0 1 -5.615406 -6.042406
0 3834 6.042406 25 54 2.285260 10652 1 0 1 -5.066072 -5.493073
0 3834 6.042406 25 54 2.324077 10664 1 0 1 -2.807703 -3.234703
0 3834 6.042406 25 54 2.333596 10676 1 0 1 -0.366222 -0.793222
0 3834 6.042406 25 54 2.333596 10687 1 0 1 0.671407 0.244407
0 3834 6.042406 25 54 2.304295 10699 1 0 1 2.868740 2.441740
0 3834 6.042406 25 54 2.232450 10710 1 0 1 6.958220 6.531220
0 3834 6.042406 25 54 2.116720 10722 1 0 1 10.071109 9.644109
0 3834 9.644109 25 55 2.036819 10733 1 0 1 7.690665 7.263665
0 3834 9.644109 25 55 2.005260 10744 1 0 1 3.295999 2.868999
0 3834 9.644109 25 55 1.993537 10756 1 0 1 1.403852 0.976851
0 3834 9.644109 25 55 1.993537 10767 1 0 1 0.793481 0.366481
0 3834 9.644109 25 55 1.993538 10779 1 0 1 0.427259 0.000259
0 3834 9.644109 25 55 1.993538 10790 1 0 1 0.061037 -0.365963
0 3834 9.644109 25 55 2.003790 10802 1 0 1 -0.427259 -0.854259
0 3834 9.644109 25 55 2.021915 10813 1 0 1 -1.220740 -1.647740
0 3834 9.644109 25 55 2.079044 10825 1 0 1 -4.333629 -4.760629
0 3834 9.644109 25 55 2.153568 10836 1 0 1 -6.347850 -6.774850
0 3834 6.774850 26 56 2.215090 10848 1 0 1 -4.699851 -5.126851
0 3834 6.774850 26 56 2.242188 10860 1 0 1 -1.831111 -2.258111
0 3834 6.774850 26 56 2.258970 10871 1 0 1 -1.098666 -1.525666
0 3834 6.774850 26 56 2.299252 10883 1 0 1 -2.929777 -3.356777
0 3834 6.774850 26 56 2.338801 10895 1 0 1 -2.868740 -3.295740
0 3834 6.774850 26 56 2.363641 10906 1 0 1 -1.831111 -2.258111
0 3834 6.774850 26 56 2.371694 10918 1 0 1 -0.244148 -0.671148
0 3834 6.774850 26 56 2.371694 10929 1 0 1 0.549333 0.122333
0 3834 6.774850 26 56 2.362902 10941 1 0 1 1.159703 0.732703
0 3834 6.774850 26 56 2.325971 10952 1 0 1 3.784295 3.357295
0 3834 6.774850 26 56 2.263710 10964 1 0 1 5.615406 5.188406
0 3834 6.774850 26 56 2.191194 10975 1 0 1 7.019258 6.592257
0 3834 6.592257 27 57 2.132107 10986 1 0 1 5.798517 5.371517
0 3834 6.592257 27 57 2.087424 10998 1 0 1 4.150517 3.723517
0 3834 6.592257 27 57 2.066607 11009 1 0 1 2.319407 1.892407
0 3834 6.592257 27 57 2.057082 11021 1 0 1 1.220740 0.793740
0 3834 6.592257 27 57 2.057082 11032 1 0 1 0.732444 0.305444
0 3834 6.592257 27 57 2.057082 11044 1 0 1 0.427259 0.000259
0 3834 6.592257 27 57 2.057082 11055 1 0 1 0.244148 -0.182852
0 3834 6.592257 27 57 2.064404 11067 1 0 1 -0.183111 -0.610111
0 3834 6.592257 27 57 2.079844 11078 1 0 1 -0.976592 -1.403592
0 3834 6.592257 27 57 2.124521 11090 1 0 1 -3.295999 -3.722999
0 3834 6.592257 27 57 2.240000 11101 1 0 1 -10.071109 -10.498109
0 3834 6.592257 27 57 2.379895 11113 1 0 1 -11.230812 -11.657811
0 3834 11.657811 27 58 2.483168 11125 1 0 1 -8.178961 -8.605961
0 3834 11.657811 27 58 2.536633 11137 1 0 1 -4.028443 -4.455443
0 3834 11.657811 27 58 2.550059 11148 1 0 1 -0.793481 -1.220481
0 3834 11.657811 27 58 2.550059 11160 1 0 1 0.549333 0.122333
0 3834 11.657811 27 58 2.540534 11172 1 0 1 1.220740 0.793740
0 3834 11.657811 27 58 2.503603 11183 1 0 1 3.784295 3.357295
0 3834 11.657811 27 58 2.414974 11195 1 0 1 7.812739 7.385739
0 3834 11.657811 27 58 2.278002 11206 1 0 1 12.878811 12.451811
0 3834 12.451811 27 59 2.172526 11218 1 0 1 9.216591 8.789591
0 3834 12.451811 27 59 2.134924 11229 1 0 1 3.845332 3.418332
0 3834 12.451811 27 59 2.121737 11241 1 0 1 1.525926 1.098926
0 3834 12.451811 27 59 2.121737 11252 1 0 1 0.854518 0.427518
0 3834 12.451811 27 59 2.121737 11264 1 0 1 0.488296 0.061296
0 3834 12.451811 27 59 2.121738 11275 1 0 1 0.244148 -0.182852
0 3834 12.451811 27 59 2.121739 11287 1 0 1 0.122074 -0.304926
0 3834 12.451811 27 59 2.129793 11299 1 0 1 -0.244148 -0.671148
0 3834 12.451811 27 59 2.142547 11310 1 0 1 -0.732444 -1.159444
0 3834 12.451811 27 59 2.172575 11322 1 0 1 -2.075259 -2.502259
0 3834 12.451811 27 59 2.253140 11334 1 0 1 -6.286813 -6.713813
0 3834 12.451811 27 59 2.400847 11345 1 0 1 -13.000886 -13.427886
0 3834 13.427886 27 60 2.559054 11357 1 0 1 -12.756738 -13.183738
0 3834 13.427886 27 60 2.681370 11369 1 0 1 -9.765924 -10.192924
0 3834 13.427886 27 60 2.748753 11381 1 0 1 -5.188147 -5.615147
0 3834 13.427886 27 60 2.769258 11393 1 0 1 -1.281778 -1.708777
0 3834 13.427886 27 60 2.769258 11405 1 0 1 0.488296 0.061296
0 3834 13.427886 27 60 2.752470 11416 1 0 1 1.953185 1.526185
0 3834 13.427886 27 60 2.666769 11428 1 0 1 7.568591 7.141591
0 3834 13.427886 27 60 2.527113 11439 1 0 1 13.122959 12.695959
0 3834 13.427886 27 60 2.343997 11451 1 0 1 15.686515 15.259515
0 3834 15.259515 27 61 2.238582 11462 1 0 1 10.010072 9.583072
0 3834 15.259515 27 61 2.193899 11474 1 0 1 4.150517 3.723517
0 3834 15.259515 27 61 2.178514 11486 1 0 1 1.709037 1.282037
0 3834 15.259515 27 61 2.178515 11497 1 0 1 0.732444 0.305444
0 3834 15.259515 27 61 2.178515 11509 1 0 1 0.427259 0.000259
0 3834 15.259515 27 61 2.178516 11520 1 0 1 0.244148 -0.182852
0 3834 15.259515 27 61 2.178516 11532 1 0 1 -0.061037 -0.488037
0 3834 15.259515 27 61 2.189928 11543 1 0 1 -0.610370 -1.037370
0 3834 15.259515 27 61 2.207504 11555 1 0 1 -1.037629 -1.464629
0 3834 15.259515 27 61 2.247785 11567 1 0 1 -2.929777 -3.356777
0 3834 15.259515 27 61 2.322491 11579 1 0 1 -5.798517 -6.225517
0 3834 15.259515 27 61 2.419842 11590 1 0 1 -8.423109 -8.850109
0 3834 15.259515 27 61 2.526778 11602 1 0 1 -8.484146 -8.911146
0 3834 8.911146 28 62 2.614669 11614 1 0 1 -6.897183 -7.324183
0 3834 8.911146 28 62 2.660994 11625 1 0 1 -3.784295 -4.211295
0 3834 8.911146 28 62 2.682964 11637 1 0 1 -1.403852 -1.830851
0 3834 8.911146 28 62 2.699075 11649 1 0 1 -0.915555 -1.342555
0 3834 8.911146 28 62 2.723243 11660 1 0 1 -1.770074 -2.197074
0 3834 8.911146 28 62 2.750341 11672 1 0 1 -1.831111 -2.258111
0 3834 8.911146 28 62 2.760409 11683 1 0 1 -0.488296 -0.915296
0 3834 8.911146 28 62 2.760409 11695 1 0 1 0.305185 -0.121815
0 3834 8.911146 28 62 2.760408 11707 1 0 1 0.671407 0.244407
0 3834 8.911146 28 62 2.735563 11718 1 0 1 2.685629 2.258629
0 3834 8.911146 28 62 2.691918 11729 1 0 1 4.394665 3.967665
0 3834 8.911146 28 62 2.631854 11741 1 0 1 5.432295 5.005295
0 3834 8.911146 28 62 2.561352 11752 1 0 1 6.836146 6.409146
0 3834 8.911146 28 62 2.467596 11764 1 0 1 8.239998 7.812997
0 3834 8.911146 28 62 2.366209 11775 1 0 1 9.643849 9.216849
0 3834 9.216849 28 63 2.294426 11787 1 0 1 6.408887 5.981887
0 3834 9.216849 28 63 2.270252 11798 1 0 1 2.624592 2.197592
0 3834 9.216849 28 63 2.270252 11809 1 0 1 0.854518 0.427518
0 3834 9.216849 28 63 2.270252 11821 1 0 1 0.305185 -0.121815
0 3834 9.216849 28 63 2.270252 11832 1 0 1 0.183111 -0.243889
0 3834 0.243889 29 64 2.270252 11844 1 0 1 0.244148 -0.182852
0 3834 0.243889 29 64 2.270252 11855 1 0 1 0.305185 -0.121815
0 3834 0.243889 29 64 2.270252 11867 1 0 1 0.366222 -0.060778
0 3834 0.243889 29 64 2.270252 11878 1 0 1 0.305185 -0.121815
0 3834 0.243889 29 64 2.270252 11890 1 0 1 0.305185 -0.121815
0 3834 0.243889 29 64 2.270252 11901 1 0 1 0.305185 -0.121815
0 3834 0.243889 29 64 2.270252 11913 1 0 1 0.305185 -0.121815
0 3834 0.243889 29 64 2.270252 11925 1 0 1 0.366222 -0.060778
0 3834 0.243889 29 64 2.270252 11936 1 0 1 0.427259 0.000259
0 3834 0.243889 29 64 2.270252 11947 1 0 1 0.427259 0.000259
0 3834 0.243889 29 64 2.270252 11959 1 0 1 0.488296 0.061296
0 3834 0.243889 29 64 2.270252 11970 1 0 1 0.549333 0.122333
0 3834 0.243889 29 64 2.270252 11982 1 0 1 0.488296 0.061296
0 3834 0.243889 29 64 2.270252 11993 1 0 1 0.366222 -0.060778
0 3834 0.243889 29 64 2.270252 12005 1 0 1 0.244148 -0.182852
0 3834 0.243889 29 64 2.270252 12016 1 0 1 0.122074 -0.304926
0 3834 0.243889 29 64 2.270253 12028 1 0 1 0.000000 -0.427000
0 3834 0.243889 29 64 2.277636 12039 1 0 1 -0.244148 -0.671148
0 3834 0.243889 29 64 2.292281 12051 1 0 1 -0.793481 -1.220481
0 3834 0.243889 29 64 2.370834 12062 1 0 1 -6.714072 -7.141072
0 3834 0.243889 29 64 2.516588 12074 1 0 1 -11.719108 -12.146108
0 3834 0.243889 29 64 2.700431 12086 1 0 1 -14.893033 -15.320033
0 3834 0.243889 29 64 2.892329 12098 1 0 1 -15.564440 -15.991440
0 3834 15.991440 29 64 3.071044 12110 1 0 1 -14.465774 -14.892774
0 3834 15.991440 29 64 3.191224 12121 1 0 1 -10.498367 -10.925367
0 3834 15.991440 29 64 3.250550 12133 1 0 1 -4.516739 -4.943739
0 3834 15.991440 29 64 3.262265 12145 1 0 1 -0.549333 -0.976333
0 3834 15.991440 29 64 3.240287 12157 1 0 1 2.258370 1.831370
0 3834 15.991440 29 64 3.144944 12168 1 0 1 9.094516 8.667516
0 3834 15.991440 29 64 2.969884 12180 1 0 1 15.015107 14.588107
0 3834 15.991440 29 64 2.775843 12191 1 0 1 18.066957 17.639957
0 3834 15.991440 29 64 2.540723 12203 1 0 1 20.020144 19.593143
0 3834 19.593143 29 65 2.388369 12215 1 1 1 13.122959 12.695959
0 3834 19.593143 29 65 2.348080 12227 1 1 1 3.784295 3.357295
0 3834 19.593143 29 65 2.338006 12238 1 1 1 1.342814 0.915814
0 3834 19.593143 29 65 2.338007 12250 1 1 1 0.915555 0.488555
0 3834 19.593143 29 65 2.338007 12261 1 0 1 0.549333 0.122333
0 3834 19.593143 29 65 2.338007 12273 1 0 1 0.305185 -0.121815
0 3834 19.593143 29 65 2.338007 12284 1 0 1 0.244148 -0.182852
0 3834 19.593143 29 65 2.338007 12296 1 0 1 0.061037 -0.365963
0 3834 19.593143 29 65 2.346061 12308 1 0 1 -0.244148 -0.671148
0 3834 19.593143 29 65 2.354786 12319 1 0 1 -0.366222 -0.793222
0 3834 19.593143 29 65 2.364305 12331 1 0 1 -0.366222 -0.793222
0 3834 0.793222 30 66 2.371627 12343 1 0 1 -0.183111 -0.610111
0 3834 0.793222 30 66 2.371627 12354 1 0 1 0.061037 -0.365963
0 3834 0.793222 30 66 2.371627 12366 1 0 1 -0.061037 -0.488037
0 3834 0.793222 30 66 2.387067 12377 1 0 1 -0.976592 -1.403592
0 3834 0.793222 30 66 2.527694 12389 1 0 1 -11.291849 -11.718849
0 3834 0.793222 30 66 2.803823 12401 1 0 1 -22.583698 -23.010698
0 3834 0.793222 30 66 3.150994 12413 1 0 1 -28.504290 -28.931290
0 3834 28.931290 30 66 3.467891 12424 1 0 1 -28.382214 -28.809214
0 3834 28.931290 30 66 3.760868 12436 1 0 1 -23.987549 -24.414549
0 3834 28.931290 30 66 3.922005 12448 1 1 1 -13.000886 -13.427886
0 3834 28.931290 30 66 3.964485 12460 1 1 1 -3.112888 -3.539888
0 3834 28.931290 30 66 3.954226 12472 1 1 1 1.281778 0.854777
0 3834 28.931290 30 66 3.842769 12483 1 1 1 10.559405 10.132405
0 3834 28.931290 30 66 3.650864 12495 1 1 1 16.418959 15.991960
0 3834 28.931290 30 66 3.391573 12507 1 0 1 22.034365 21.607365
0 3834 28.931290 30 66 3.092120 12518 1 0 1 27.649771 27.222771
0 3834 28.931290 30 66 2.738353 12530 1 0 1 29.908140 29.481140
0 3834 29.481140 30 67 2.485660 12542 1 1 1 21.485031 21.058031
0 3834 29.481140 30 67 2.422666 12554 1 1 1 5.676443 5.249443
0 3834 29.481140 30 67 2.407220 12565 1 1 1 1.831111 1.404111
0 3834 29.481140 30 67 2.407220 12577 1 1 1 0.854518 0.427518
0 3834 29.481140 30 67 2.407221 12588 1 1 1 0.427259 0.000259
0 3834 29.481140 30 67 2.407221 12600 1 0 1 0.305185 -0.121815
0 3834 29.481140 30 67 2.407221 12611 1 0 1 0.122074 -0.304926
0 3834 29.481140 30 67 2.414543 12623 1 0 1 -0.183111 -0.610111
0 3834 29.481140 30 67 2.426259 12635 1 0 1 -0.549333 -0.976333
0 3834 29.481140 30 67 2.441027 12646 1 0 1 -0.915555 -1.342555
0 3834 29.481140 30 67 2.477647 12658 1 0 1 -2.624592 -3.051592
0 3834 29.481140 30 67 2.536240 12670 1 0 1 -4.455703 -4.882703
0 3834 29.481140 30 67 2.610092 12681 1 0 1 -6.286813 -6.713813
0 3834 29.481140 30 67 2.730943 12693 1 0 1 -9.643849 -10.070849
0 3834 29.481140 30 67 2.881093 12705 1 0 1 -12.085330 -12.512330
0 3834 12.512330 31 68 3.019523 12717 1 0 1 -11.108738 -11.535738
0 3834 12.512330 31 68 3.109612 12729 1 0 1 -7.080294 -7.507294
0 3834 12.512330 31 68 3.142569 12741 1 0 1 -2.319407 -2.746407
0 3834 12.512330 31 68 3.142569 12752 1 0 1 -0.061037 -0.488037
0 3834 12.512330 31 68 3.116930 12764 1 0 1 2.563555 2.136555
0 3834 12.512330 31 68 3.050457 12775 1 0 1 6.469924 6.042924
0 3834 12.512330 31 68 2.947910 12787 1 0 1 8.972443 8.545443
0 3834 12.512330 31 68 2.827724 12798 1 0 1 11.352886 10.925886
0 3834 12.512330 31 68 2.664385 12810 1 0 1 14.038515 13.611515
0 3834 13.611515 31 69 2.539865 12822 1 0 1 10.803553 10.376553
0 3834 13.611515 31 69 2.503972 12834 1 0 1 3.418073 2.991073
0 3834 13.611515 31 69 2.491883 12845 1 0 1 1.525926 1.098926
0 3834 13.611515 31 69 2.491883 12857 1 0 1 0.915555 0.488555
0 3834 13.611515 31 69 2.491883 12868 1 0 1 0.366222 -0.060778
0 3834 13.611515 31 69 2.491883 12880 1 0 1 0.244148 -0.182852
0 3834 13.611515 31 69 2.491883 12891 1 0 1 -0.061037 -0.488037
0 3834 13.611515 31 69 2.504332 12903 1 0 1 -0.610370 -1.037370
0 3834 13.611515 31 69 2.524105 12915 1 0 1 -1.220740 -1.647740
0 3834 13.611515 31 69 2.559260 12927 1 0 1 -2.502518 -2.929518
0 3834 13.611515 31 69 2.640498 12938 1 0 1 -6.958220 -7.385220
0 3834 7.385220 32 70 2.723262 12950 1 0 1 -6.469924 -6.896924
0 3834 7.385220 32 70 2.796504 12962 1 0 1 -5.676443 -6.103443
0 3834 7.385220 32 70 2.848200 12973 1 0 1 -4.272592 -4.699591
0 3834 7.385220 32 70 2.911187 12985 1 0 1 -4.821925 -5.248925
0 3834 7.385220 32 70 2.986383 12996 1 0 1 -6.408887 -6.835887
0 3834 7.385220 32 70 3.055963 13008 1 0 1 -5.371258 -5.798258
0 3834 7.385220 32 70 3.097710 13020 1 0 1 -3.051851 -3.478851
0 3834 7.385220 32 70 3.110464 13031 1 0 1 -0.732444 -1.159444
0 3834 7.385220 32 70 3.110464 13043 1 0 1 0.488296 0.061296
0 3834 7.385220 32 70 3.095018 13054 1 0 1 1.831111 1.404111
0 3834 7.385220 32 70 3.045208 13066 1 0 1 4.577776 4.150776
0 3834 7.385220 32 70 2.976721 13077 1 0 1 6.653036 6.226036
0 3834 7.385220 32 70 2.874175 13089 1 0 1 8.972443 8.545443
0 3834 7.385220 32 70 2.739218 13100 1 0 1 12.695701 12.268701
0 3834 12.268701 32 71 2.629347 13112 1 0 1 9.582812 9.155812
0 3834 12.268701 32 71 2.597116 13123 1 0 1 3.357036 2.930036
0 3834 12.268701 32 71 2.586126 13135 1 0 1 1.342814 0.915814
0 3834 12.268701 32 71 2.586126 13146 1 0 1 0.610370 0.183370
0 3834 12.268701 32 71 2.586126 13158 1 0 1 0.183111 -0.243889
0 3834 12.268701 32 71 2.594852 13169 1 0 1 -0.366222 -0.793222
0 3834 12.268701 32 71 2.610963 13181 1 0 1 -0.915555 -1.342555
0 3834 12.268701 32 71 2.627806 13193 1 0 1 -0.976592 -1.403592
0 3834 12.268701 32 71 2.649960 13204 1 0 1 -1.586963 -2.013963
0 3834 2.013963 33 72 2.669001 13216 1 0 1 -1.159703 -1.586703
0 3834 2.013963 33 72 2.678520 13228 1 0 1 -0.366222 -0.793222
0 3834 2.013963 33 72 2.704030 13239 1 0 1 -1.892148 -2.319148
0 3834 2.013963 33 72 2.799978 13251 1 0 1 -7.568591 -7.995591
0 3834 2.013963 33 72 2.926689 13263 1 0 1 -10.132145 -10.559145
0 3834 10.559145 33 72 3.040826 13274 1 0 1 -9.949035 -10.376035
0 3834 10.559145 33 72 3.145564 13286 1 0 1 -8.301035 -8.728035
0 3834 10.559145 33 72 3.199762 13298 1 0 1 -4.089480 -4.516480
0 3834 10.559145 33 72 3.214408 13310 1 0 1 -0.793481 -1.220481
0 3834 10.559145 33 72 3.214408 13321 1 0 1 0.366222 -0.060778
0 3834 10.559145 33 72 3.204150 13333 1 0 1 1.281778 0.854777
0 3834 10.559145 33 72 3.166548 13344 1 0 1 3.845332 3.418332
0 3834 10.559145 33 72 3.087441 13356 1 0 1 7.019258 6.592257
0 3834 10.559145 33 72 2.974640 13367 1 0 1 10.681479 10.254478
0 3834 10.559145 33 72 2.807638 13379 1 0 1 14.343700 13.916700
0 3834 13.916700 33 73 2.710951 13391 1 0 1 8.484146 8.057146
0 3834 13.916700 33 73 2.682749 13402 1 0 1 2.990814 2.563814
0 3834 13.916700 33 73 2.673957 13414 1 0 1 1.159703 0.732703
0 3834 13.916700 33 73 2.673957 13425 1 0 1 0.610370 0.183370
0 3834 13.916700 33 73 2.673957 13437 1 0 1 0.244148 -0.182852
0 3834 13.916700 33 73 2.681279 13449 1 0 1 -0.183111 -0.610111
0 3834 13.916700 33 73 2.691348 13460 1 0 1 -0.488296 -0.915296
0 3834 13.916700 33 73 2.702332 13472 1 0 1 -0.488296 -0.915296
0 3834 0.915296 34 74 2.709653 13484 1 0 1 -0.183111 -0.610111
0 3834 0.915296 34 74 2.709653 13495 1 0 1 -0.061037 -0.488037
0 3834 0.915296 34 74 2.720637 13507 1 0 1 -0.488296 -0.915296
0 3834 0.915296 34 74 2.782159 13519 1 0 1 -4.699851 -5.126851
0 3834 0.915296 34 74 2.926510 13530 1 0 1 -12.695701 -13.122701
0 3834 0.915296 34 74 3.133058 13542 1 0 1 -16.785181 -17.212181
0 3834 0.915296 34 74 3.346931 13554 1 0 1 -17.395552 -17.822552
0 3834 17.822552 34 74 3.509531 13566 1 0 1 -13.122959 -13.549959
0 3834 17.822552 34 74 3.612804 13578 1 0 1 -8.178961 -8.605961
0 3834 17.822552 34 74 3.640329 13589 1 0 1 -2.075259 -2.502259
0 3834 17.822552 34 74 3.640329 13601 1 0 1 0.183111 -0.243889
0 3834 17.822552 34 74 3.640329 13613 1 0 1 0.793481 0.366481
0 3834 17.822552 34 74 3.596684 13624 1 0 1 4.394665 3.967665
0 3834 17.822552 34 74 3.494137 13636 1 0 1 8.972443 8.545443
0 3834 17.822552 34 74 3.364551 13647 1 0 1 12.207404 11.780404
0 3834 17.822552 34 74 3.180703 13659 1 0 1 15.747552 15.320552
0 3834 17.822552 34 74 2.983976 13670 1 0 1 18.311106 17.884106
0 3834 17.884106 34 75 2.827228 13682 1 0 1 13.489182 13.062181
0 3834 17.884106 34 75 2.786940 13694 1 0 1 3.784295 3.357295
0 3834 17.884106 34 75 2.776866 13705 1 0 1 1.342814 0.915814
0 3834 17.884106 34 75 2.776867 13717 1 0 1 0.488296 0.061296
0 3834 17.884106 34 75 2.776867 13728 1 0 1 0.183111 -0.243889
0 3834 17.884106 34 75 2.776868 13740 1 0 1 -0.061037 -0.488037
0 3834 17.884106 34 75 2.784923 13752 1 0 1 -0.244148 -0.671148
0 3834 0.671148 35 76 2.791634 13763 1 0 1 -0.183111 -0.610111
0 3834 0.671148 35 76 2.801152 13775 1 0 1 -0.366222 -0.793222
0 3834 0.671148 35 76 2.831913 13787 1 0 1 -2.136296 -2.563296
0 3834 0.671148 35 76 2.931950 13798 1 0 1 -8.667257 -9.094257
0 3834 0.671148 35 76 3.093818 13810 1 0 1 -13.061923 -13.488923
0 3834 0.671148 35 76 3.266673 13822 1 0 1 -13.977478 -14.404478
0 3834 14.404478 35 76 3.418288 13834 1 0 1 -12.207404 -12.634404
0 3834 14.404478 35 76 3.508925 13845 1 0 1 -7.812739 -8.239738
0 3834 14.404478 35 76 3.541883 13857 1 0 1 -2.319407 -2.746407
0 3834 14.404478 35 76 3.541882 13869 1 0 1 0.244148 -0.182852
0 3834 14.404478 35 76 3.529122 13880 1 0 1 1.586963 1.159963
0 3834 14.404478 35 76 3.455873 13892 1 0 1 6.530962 6.103961
0 3834 14.404478 35 76 3.345088 13903 1 0 1 10.498367 10.071367
0 3834 14.404478 35 76 3.176620 13915 1 0 1 14.465774 14.038774
0 3834 14.404478 35 76 2.969334 13927 1 0 1 17.700735 17.273735
0 3834 17.273735 35 77 2.857998 13939 1 0 1 9.704886 9.277886
0 3834 17.273735 35 77 2.828453 13950 1 0 1 3.112888 2.685888
0 3834 17.273735 35 77 2.819660 13962 1 0 1 1.159703 0.732703
0 3834 17.273735 35 77 2.819660 13973 1 0 1 0.427259 0.000259
0 3834 17.273735 35 77 2.819661 13985 1 0 1 0.122074 -0.304926
0 3834 17.273735 35 77 2.827716 13996 1 0 1 -0.305185 -0.732185
0 3834 17.273735 35 77 2.840897 14008 1 0 1 -0.671407 -1.098407
0 3834 17.273735 35 77 2.856276 14020 1 0 1 -0.854518 -1.281518
0 3834 17.273735 35 77 2.880444 14031 1 0 1 -1.770074 -2.197074
0 3834 2.197074 36 78 2.901682 14043 1 0 1 -1.342814 -1.769814
0 3834 2.197074 36 78 2.913398 14055 1 0 1 -0.549333 -0.976333
0 3834 2.197074 36 78 2.913398 14066 1 0 1 0.122074 -0.304926
0 3834 2.197074 36 78 2.913398 14078 1 0 1 0.305185 -0.121815
0 3834 2.197074 36 78 2.913398 14089 1 0 1 0.427259 0.000259
0 3834 2.197074 36 78 2.913398 14101 1 0 1 0.549333 0.122333
0 3834 2.197074 36 78 2.906681 14112 1 0 1 1.037629 0.610629
0 3834 2.197074 36 78 2.876647 14124 1 0 1 2.929777 2.502777
0 3834 2.502777 36 79 2.863887 14135 1 0 1 1.586963 1.159963
0 3834 2.502777 36 79 2.855828 14147 1 0 1 1.098666 0.671666
0 3834 2.502777 36 79 2.855828 14158 1 0 1 0.854518 0.427518
0 3834 2.502777 36 79 2.855828 14169 1 0 1 0.610370 0.183370
0 3834 2.502777 36 79 2.855828 14181 1 0 1 0.366222 -0.060778
0 3834 2.502777 36 79 2.855828 14192 1 0 1 0.183111 -0.243889
0 3834 2.502777 36 79 2.855829 14204 1 0 1 -0.122074 -0.549074
0 3834 2.502777 36 79 2.868584 14215 1 0 1 -0.732444 -1.159444
0 3834 2.502777 36 79 2.890554 14227 1 0 1 -1.403852 -1.830851
0 3834 2.502777 36 79 2.960866 14239 1 0 1 -5.432295 -5.859295
0 3834 2.502777 36 79 3.085746 14250 1 0 1 -10.925627 -11.352627
0 3834 11.352627 36 80 3.216851 14262 1 0 1 -10.498367 -10.925367
0 3834 11.352627 36 80 3.305475 14274 1 0 1 -6.958220 -7.385220
0 3834 11.352627 36 80 3.348686 14286 1 0 1 -3.173925 -3.600925
0 3834 11.352627 36 80 3.357412 14297 1 0 1 -0.366222 -0.793222
0 3834 11.352627 36 80 3.357411 14309 1 0 1 0.549333 0.122333
0 3834 11.352627 36 80 3.348617 14321 1 0 1 1.159703 0.732703
0 3834 11.352627 36 80 3.296244 14332 1 0 1 5.188147 4.761147
0 3834 11.352627 36 80 3.186373 14344 1 0 1 9.582812 9.155812
0 3834 11.352627 36 80 3.042017 14355 1 0 1 13.550219 13.123219
0 3834 13.123219 36 81 2.951189 14367 1 0 1 7.995850 7.568850
0 3834 13.123219 36 81 2.925673 14378 1 0 1 2.746666 2.319666
0 3834 13.123219 36 81 2.925673 14390 1 0 1 0.915555 0.488555
0 3834 13.123219 36 81 2.925673 14401 1 0 1 0.366222 -0.060778
0 3834 13.123219 36 81 2.925674 14413 1 0 1 0.122074 -0.304926
0 3834 13.123219 36 81 2.925674 14425 1 0 1 -0.122074 -0.549074
0 3834 13.123219 36 81 2.935743 14436 1 0 1 -0.488296 -0.915296
0 3834 13.123219 36 81 2.956981 14448 1 0 1 -1.342814 -1.769814
0 3834 13.123219 36 81 3.046337 14460 1 0 1 -7.019258 -7.446258
0 3834 13.123219 36 81 3.199416 14472 1 0 1 -12.329478 -12.756478
0 3834 13.123219 36 81 3.350481 14483 1 0 1 -13.306071 -13.733071
0 3834 13.733071 36 82 3.485249 14495 1 0 1 -10.803553 -11.230553
0 3834 13.733071 36 82 3.580465 14507 1 0 1 -7.507554 -7.934554
0 3834 13.733071 36 82 3.620747 14519 1 0 1 -2.929777 -3.356777
0 3834 13.733071 36 82 3.631731 14531 1 0 1 -0.488296 -0.915296
0 3834 13.733071 36 82 3.631731 14542 1 0 1 0.549333 0.122333
0 3834 13.733071 36 82 3.622205 14554 1 0 1 1.220740 0.793740
0 3834 13.733071 36 82 3.573189 14565 1 0 1 4.882962 4.455962
0 3834 13.733071 36 82 3.466248 14577 1 0 1 9.338664 8.911664
0 3834 13.733071 36 82 3.333305 14588 1 0 1 12.512589 12.085589
0 3834 13.733071 36 82 3.150922 14600 1 0 1 15.625478 15.198478
0 3834 15.198478 36 83 3.035924 14612 1 0 1 10.010072 9.583072
0 3834 15.198478 36 83 2.998565 14624 1 0 1 3.540147 3.113147
0 3834 15.198478 36 83 2.998566 14635 1 0 1 0.976592 0.549592
0 3834 15.198478 36 83 2.998567 14647 1 0 1 0.427259 0.000259
0 3834 15.198478 36 83 2.998569 14658 1 0 1 0.000000 -0.427000
0 3834 15.198478 36 83 3.006623 14670 1 0 1 -0.244148 -0.671148
0 3834 15.198478 36 83 3.015348 14681 1 0 1 -0.366222 -0.793222
0 3834 15.198478 36 83 3.043911 14693 1 0 1 -1.953185 -2.380185
0 3834 15.198478 36 83 3.082727 14705 1 0 1 -2.807703 -3.234703
0 3834 15.198478 36 83 3.129601 14717 1 0 1 -3.479110 -3.906110
0 3834 15.198478 36 83 3.191368 14728 1 0 1 -5.188147 -5.615147
0 3834 15.198478 36 83 3.299036 14740 1 0 1 -8.545183 -8.972182
0 3834 15.198478 36 83 3.439663 14752 1 0 1 -11.291849 -11.718849
0 3834 15.198478 36 83 3.590545 14764 1 0 1 -12.146367 -12.573367
0 3834 12.573367 37 84 3.716768 14775 1 0 1 -11.047701 -11.474701
0 3834 12.573367 37 84 3.809786 14787 1 0 1 -7.324443 -7.751443
0 3834 12.573367 37 84 3.840547 14799 1 0 1 -2.136296 -2.563296
0 3834 12.573367 37 84 3.840546 14811 1 0 1 0.122074 -0.304926
0 3834 12.573367 37 84 3.831142 14822 1 0 1 1.281778 0.854777
0 3834 12.573367 37 84 3.766682 14834 1 0 1 5.798517 5.371517
0 3834 12.573367 37 84 3.663954 14845 1 0 1 9.765924 9.338923
0 3834 12.573367 37 84 3.512333 14857 1 0 1 13.061923 12.634923
0 3834 12.573367 37 84 3.317498 14869 1 0 1 16.663107 16.236107
0 3834 16.236107 37 85 3.159713 14880 1 0 1 14.770959 14.343959
0 3834 16.236107 37 85 3.089395 14892 1 0 1 6.286813 5.859813
0 3834 16.236107 37 85 3.071080 14904 1 0 1 1.953185 1.526185
0 3834 16.236107 37 85 3.071081 14915 1 0 1 0.671407 0.244407
0 3834 16.236107 37 85 3.071082 14927 1 0 1 0.244148 -0.182852
0 3834 16.236107 37 85 3.079136 14938 1 0 1 -0.305185 -0.732185
0 3834 16.236107 37 85 3.093050 14950 1 0 1 -0.732444 -1.159444
0 3834 16.236107 37 85 3.125275 14962 1 0 1 -2.258370 -2.685370
0 3834 2.685370 38 86 3.150786 14973 1 0 1 -1.892148 -2.319148
0 3834 2.685370 38 86 3.166897 14985 1 0 1 -0.915555 -1.342555
0 3834 2.685370 38 86 3.176415 14997 1 0 1 -0.366222 -0.793222
0 3834 2.685370 38 86 3.193198 15008 1 0 1 -1.098666 -1.525666
0 3834 2.685370 38 86 3.277427 15020 1 0 1 -6.591998 -7.018998
0 3834 2.685370 38 86 3.449305 15031 1 0 1 -15.198218 -15.625218
0 3834 2.685370 38 86 3.685882 15043 1 0 1 -19.287699 -19.714699
0 3834 2.685370 38 86 3.951759 15055 1 0 1 -21.729179 -22.156179
0 3834 2.685370 0 0 4.192732 15067 1 0 1 -19.653921 -20.080921
0 3834 2.685370 0 0 4.430410 15078 1 0 1 -21.179848 -21.606848
0 3834 2.685370 0 0 4.569573 15090 1 1 1 -11.169775 -11.596775
0 3834 2.685370 0 0 4.618645 15102 1 1 1 -3.662221 -4.089221
0 3834 2.685370 0 0 4.625356 15113 1 1 1 -0.183111 -0.610111
0 3834 2.685370 0 0 4.617967 15124 1 1 1 1.098666 0.671666
0 3834 2.685370 0 0 4.578409 15136 1 0 1 3.723258 3.296258
0 3834 2.685370 0 0 4.483065 15147 1 0 1 9.094516 8.667516
0 3834 2.685370 0 0 4.325280 15158 1 0 1 14.770959 14.343959
0 3834 2.685370 0 0 4.100414 15170 1 0 1 19.165625 18.738625
0 3834 2.685370 0 0 3.843934 15181 1 0 1 23.743401 23.316401
0 3834 2.685370 0 0 3.563963 15192 1 0 1 25.879698 25.452698
0 3834 25.452698 0 1 3.284175 15204 1 1 1 23.743401 23.316401
0 3834 25.452698 0 1 3.200916 15215 1 1 1 7.995850 7.568850
0 3834 25.452698 0 1 3.178207 15227 1 1 1 2.319407 1.892407
0 3834 25.452698 0 1 3.178208 15238 1 1 1 0.732444 0.305444
0 3834 25.452698 0 1 3.178209 15249 1 1 1 0.244148 -0.182852
0 3834 25.452698 0 1 3.178210 15261 1 0 1 0.061037 -0.365963
0 3834 25.452698 0 1 3.178210 15272 1 0 1 -0.061037 -0.488037
0 3834 25.452698 0 1 3.186264 15284 1 0 1 -0.244148 -0.671148
0 3834 25.452698 0 1 3.201032 15295 1 0 1 -0.915555 -1.342555
0 3834 25.452698 0 1 3.259624 15307 1 0 1 -4.455703 -4.882703
0 3834 25.452698 0 1 3.369734 15318 1 0 1 -9.582812 -10.009812
0 3834 25.452698 0 1 3.497177 15330 1 0 1 -10.193182 -10.620182
0 3834 10.620182 1 2 3.593858 15342 1 0 1 -7.629628 -8.056628
0 3834 10.620182 1 2 3.642868 15353 1 0 1 -4.028443 -4.455443
0 3834 10.620182 1 2 3.658979 15365 1 0 1 -0.915555 -1.342555
0 3834 10.620182 1 2 3.658979 15376 1 0 1 0.183111 -0.243889
0 3834 10.620182 1 2 3.658978 15388 1 0 1 0.671407 0.244407
0 3834 10.620182 1 2 3.650245 15399 1 0 1 1.220740 0.793740
0 3834 10.620182 1 2 3.589144 15410 1 0 1 5.981628 5.554628
0 3834 10.620182 1 2 3.486597 15422 1 0 1 8.972443 8.545443
0 3834 10.620182 1 2 3.359026 15433 1 0 1 12.024293 11.597293
0 3834 11.597293 1 3 3.285839 15444 1 0 1 7.080294 6.653294
0 3834 11.597293 1 3 3.244818 15456 1 0 1 3.845332 3.418332
0 3834 11.597293 1 3 3.232731 15467 1 0 1 1.525926 1.098926
0 3834 11.597293 1 3 3.232732 15478 1 0 1 0.671407 0.244407
0 3834 11.597293 1 3 3.232733 15490 1 0 1 0.244148 -0.182852
0 3834 11.597293 1 3 3.239445 15501 1 0 1 -0.183111 -0.610111
0 3834 11.597293 1 3 3.250428 15513 1 0 1 -0.488296 -0.915296
0 3834 11.597293 1 3 3.264525 15524 1 0 1 -0.854518 -1.281518
0 3834 11.597293 1 3 3.295285 15536 1 0 1 -2.136296 -2.563296
0 3834 11.597293 1 3 3.336238 15547 1 0 1 -3.295999 -3.722999
0 3834 11.597293 1 3 3.402154 15559 1 0 1 -5.066072 -5.493073
0 3834 11.597293 1 3 3.467278 15570 1 0 1 -5.493332 -5.920332
0 3834 5.920332 2 4 3.525139 15582 1 0 1 -4.394665 -4.821665
0 3834 5.920332 2 4 3.552664 15593 1 0 1 -2.075259 -2.502259
0 3834 5.920332 2 4 3.562916 15605 1 0 1 -0.427259 -0.854259
0 3834 5.920332 2 4 3.562916 15616 1 0 1 0.427259 0.000259
0 3834 5.920332 2 4 3.562915 15627 1 0 1 0.976592 0.549592
0 3834 5.920332 2 4 3.533613 15639 1 0 1 2.868740 2.441740
0 3834 5.920332 2 4 3.457069 15650 1 0 1 7.385479 6.958479
0 3834 6.958479 2 5 3.383210 15661 1 0 1 7.141332 6.714332
0 3834 6.958479 2 5 3.334194 15672 1 0 1 4.882962 4.455962
0 3834 6.958479 2 5 3.315880 15684 1 0 1 1.953185 1.526185
0 3834 6.958479 2 5 3.315881 15695 1 0 1 0.671407 0.244407
0 3834 6.958479 2 5 3.315882 15706 1 0 1 0.122074 -0.304926
0 3834 6.958479 2 5 3.323938 15717 1 0 1 -0.305185 -0.732185
0 3834 6.958479 2 5 3.337852 15729 1 0 1 -0.732444 -1.159444
0 3834 6.958479 2 5 3.378806 15740 1 0 1 -3.295999 -3.722999
0 3834 6.958479 2 5 3.445455 15752 1 0 1 -5.127110 -5.554110
0 3834 6.958479 2 5 3.506551 15763 1 0 1 -5.127110 -5.554110
0 3834 6.958479 2 5 3.596516 15774 1 0 1 -7.751701 -8.178701
0 3834 6.958479 2 5 3.779624 15786 1 0 1 -14.831996 -15.258996
0 3834 6.958479 2 5 3.989773 15797 1 0 1 -18.677328 -19.104328
0 3834 6.958479 0 0 4.237338 15809 1 0 1 -20.203255 -20.630255
0 3834 6.958479 0 0 4.454873 15821 1 0 1 -17.700735 -18.127735
0 3834 6.958479 0 0 4.566328 15832 1 1 1 -9.704886 -10.131886
0 3834 6.958479 0 0 4.597087 15844 1 1 1 -2.136296 -2.563296
0 3834 6.958479 0 0 4.588353 15855 1 1 1 1.220740 0.793740
0 3834 6.958479 0 0 4.477567 15866 1 1 1 10.498367 10.071367
0 3834 6.958479 0 0 4.261491 15878 1 0 1 18.433182 18.006182
0 3834 6.958479 0 0 4.021793 15889 1 0 1 22.217476 21.790476
0 3834 6.958479 0 0 3.736867 15901 1 0 1 24.170660 23.743660
0 3834 23.743660 0 0 3.544168 15912 1 0 1 17.944885 17.517885
0 3834 23.743660 0 0 3.429903 15924 1 1 1 9.949035 9.522035
0 3834 23.743660 0 0 3.392972 15935 1 1 1 3.784295 3.357295
0 3834 23.743660 0 0 3.380213 15946 1 1 1 1.586963 1.159963
0 3834 23.743660 0 0 3.380213 15958 1 0 1 0.915555 0.488555
0 3834 23.743660 0 0 3.380214 15969 1 0 1 0.671407 0.244407
0 3834 23.743660 0 0 3.380214 15980 1 0 1 0.488296 0.061296
0 3834 23.743660 0 0 3.380214 15992 1 0 1 0.366222 -0.060778
0 3834 23.743660 0 0 3.380214 16003 1 0 1 0.305185 -0.121815
0 3834 23.743660 0 0 3.380214 16014 1 0 1 0.244148 -0.182852
0 3834 23.743660 0 0 3.380214 16026 1 0 1 0.122074 -0.304926
0 3834 0.304926 1 1 3.380214 16037 1 0 1 0.183111 -0.243889
0 3834 0.304926 1 1 3.380214 16049 1 0 1 0.183111 -0.243889
0 3834 0.304926 1 1 3.380214 16060 1 0 1 0.244148 -0.182852
0 3834 0.304926 1 1 3.380214 16071 1 0 1 0.305185 -0.121815
0 3834 0.304926 1 1 3.380214 16083 1 0 1 0.305185 -0.121815
0 3834 0.304926 1 1 3.380214 16094 1 0 1 0.305185 -0.121815
0 3834 0.304926 1 1 3.380214 16105 1 0 1 0.305185 -0.121815
0 3834 0.304926 1 1 3.380214 16117 1 0 1 0.305185 -0.121815
0 3834 0.304926 1 1 3.380214 16128 1 0 1 0.305185 -0.121815
0 3834 0.304926 1 1 3.380214 16139 1 0 1 0.366222 -0.060778
0 3834 0.304926 1 1 3.380214 16151 1 0 1 0.366222 -0.060778
0 3834 0.304926 1 1 3.380214 16162 1 0 1 0.427259 0.000259
