-5.81999 	-14.58 	-33.54
-26.04 	-51.3 	-22.5
-25.86 	-51.3 	-22.5
-25.8 	-51.3 	-23.34
-25.62 	-51.12 	-24.3
-25.5 	-51.06 	-25.2
-25.5 	-50.76 	-26.16
-25.32 	-50.58 	-27.18
-25.14 	-50.34 	-28.02
-25.14 	-50.22 	-29.04
-25.14 	-49.98 	-29.94
-25.08 	-49.62 	-30.18
-24.9 	-49.5 	-30
-24.96 	-49.26 	-30
-24.72 	-49.26 	-29.76
-25.08 	-48.96 	-29.76
-25.26 	-48.9 	-29.76
-25.44 	-48.78 	-29.76
-25.5 	-48.6 	-29.82
-25.62 	-48.42 	-29.94
-25.68 	-48.36 	-30.48
-25.26 	-48.36 	-30.72
-25.08 	-48.42 	-31.32
-24.42 	-48.36 	-31.8
-23.76 	-48 	-32.64
-23.04 	-47.34 	-33.36
-22.62 	-46.98 	-34.14
-22.26 	-46.98 	-34.68
-21.84 	-46.8 	-34.92
-21.78 	-46.5 	-35.1
-21.66 	-46.32 	-35.1
-22.32 	-46.5 	-34.86
-23.04 	-47.28 	-33.78
-23.88 	-48.24 	-32.58
-25.02 	-49.32 	-30.84
-26.22 	-50.16 	-28.8
-27.78 	-51.12 	-26.88
-29.04 	-51.84 	-24.96
-30.36 	-52.56 	-23.1
-31.08 	-53.1 	-21.18
-31.98 	-53.4 	-19.86
-32.64 	-53.4 	-18.66
-32.88 	-53.46 	-18.42
-33 	-53.4 	-18.6
-32.52 	-53.22 	-19.02
-32.34 	-53.4 	-19.56
-31.98 	-53.1 	-20.46
-31.56 	-52.74 	-21.48
-31.08 	-52.2 	-22.56
-30.9 	-51.48 	-23.76
-30.48 	-50.52 	-24.42
-30.3 	-49.26 	-25.2
-30.66 	-47.82 	-25.62
-30.9 	-46.14 	-26.4
-31.26 	-44.28 	-26.58
-31.62 	-42.18 	-26.76
-31.8 	-40.14 	-26.94
-31.98 	-37.92 	-26.52
-32.7 	-35.22 	-25.44
-33.6 	-33.18 	-22.74
-34.08 	-31.26 	-17.7
-33.54 	-30.54 	-10.68
-30.9 	-31.62 	-2.64
-25.98 	-34.38 	5.75999
-19.38 	-37.14 	13.56
-12.24 	-40.14 	21
-4.2 	-42.54 	27.54
4.79999 	-43.92 	32.52
13.5 	-44.34 	34.98
20.64 	-43.08 	35.52
25.14 	-39.24 	34.74
26.82 	-33.78 	34.2
25.2 	-27.84 	33.72
21.9 	-21.78 	33.54
16.56 	-17.1 	31.86
8.39999 	-13.44 	30.6
0.299988 	-11.16 	27.36
-7.62 	-10.5 	22.98
-15.42 	-11.88 	17.34
-22.14 	-13.86 	10.14
-26.58 	-16.56 	2.7
-29.1 	-19.26 	-5.81999
-29.58 	-21.9 	-13.26
-27.06 	-23.82 	-21.3
-23.52 	-24.18 	-27.06
-18.9 	-23.16 	-31.14
-13.74 	-21.24 	-33.96
-9.23999 	-18.72 	-35.64
-5.81999 	-16.14 	-36.24
-3.65999 	-13.8 	-36.18
-3.84 	-11.76 	-34.38
-5.75999 	-11.04 	-32.46
-9.95999 	-12.42 	-29.22
-14.82 	-16.2 	-24.72
-19.44 	-21.78 	-18.42
-22.62 	-28.56 	-11.04
-23.94 	-35.22 	-3.06
-23.22 	-41.76 	5.45999
-19.44 	-46.86 	12.96
-13.5 	-50.7 	20.94
-5.28 	-52.14 	27.18
3.17999 	-50.76 	31.68
11.34 	-46.68 	33.78
18.6 	-41.04 	33.96
24.42 	-34.68 	32.7
28.62 	-28.02 	30.42
30.42 	-21.24 	27.72
29.88 	-14.82 	24.54
27.18 	-9.53999 	21.48
22.5 	-5.09999 	18.6
16.44 	-2.03999 	14.88
8.87999 	-0.479996 	11.46
0.599991 	-0.599991 	7.92
-8.15999 	-2.45999 	4.31999
-16.02 	-6.84 	0.539993
-22.32 	-12.84 	-3.95999
-26.76 	-20.1 	-8.39999
-28.56 	-28.5 	-12.96
-28.32 	-36.78 	-16.56
-25.86 	-44.64 	-19.74
-22.08 	-51.54 	-22.32
-17.04 	-57.06 	-24.78
-11.22 	-60.48 	-26.94
-5.03999 	-62.1 	-28.98
1.2 	-61.32 	-30.84
6.95999 	-58.08 	-32.76
11.94 	-53.28 	-34.26
14.76 	-47.7 	-36
15.36 	-41.46 	-37.56
13.68 	-35.34 	-38.46
9.78 	-30.12 	-38.28
3.48 	-26.58 	-36.06
-4.01999 	-25.92 	-31.86
-11.58 	-27.84 	-25.74
-18.18 	-31.56 	-18.24
-22.44 	-35.94 	-9.48
-24.6 	-40.2 	-0.119995
-24.12 	-43.74 	10.08
-20.7 	-45.6 	19.44
-13.98 	-45.54 	26.94
-5.03999 	-43.02 	31.74
3.65999 	-38.52 	33.9
11.34 	-32.88 	34.08
17.34 	-26.4 	32.76
22.5 	-20.1 	30.3
26.04 	-14.04 	26.22
26.94 	-8.87999 	21.66
25.02 	-4.2 	18.24
19.8 	0.23999 	15.18
13.5 	3.48 	12.78
6.95999 	4.92 	8.93999
0.119995 	4.98 	5.15999
-7.01999 	3.53999 	1.5
-13.74 	0.659988 	-1.79999
-19.56 	-3.84 	-5.15999
-24.3 	-9.53999 	-9.17999
-27.12 	-16.92 	-13.5
-28.02 	-24.48 	-18.06
-27.66 	-31.56 	-21.36
-25.26 	-37.86 	-24.66
-21 	-42.48 	-28.2
-15.48 	-45.18 	-31.38
-9.06 	-45.54 	-33.9
-2.7 	-44.34 	-36.54
3.29999 	-41.46 	-38.76
7.5 	-37.86 	-40.5
9.29999 	-33.54 	-41.28
8.39999 	-29.22 	-41.34
4.73999 	-26.22 	-40.14
-1.07999 	-25.14 	-37.86
-7.92 	-26.64 	-33.9
-14.76 	-29.4 	-27.54
-20.46 	-34.08 	-20.28
-24 	-38.94 	-11.58
-24.9 	-43.56 	-2.09999
-23.22 	-47.46 	7.73999
-18.18 	-49.32 	16.8
-10.68 	-49.68 	24.48
-1.73999 	-47.52 	29.46
7.62 	-43.92 	31.56
16.08 	-37.86 	32.04
23.04 	-30.9 	30.36
28.08 	-23.82 	27.48
30.78 	-17.04 	23.76
30.72 	-11.04 	20.16
27.48 	-5.81999 	16.02
21.9 	-1.73999 	11.82
14.94 	0.659988 	8.03999
7.07999 	1.67999 	4.5
-1.37999 	1.01999 	1.56
-9.42 	-1.01999 	-1.98
-16.5 	-4.01999 	-5.7
-22.44 	-7.98 	-9.53999
-26.7 	-12.3 	-12.78
-29.58 	-16.92 	-15.6
-31.2 	-20.7 	-18.72
-31.8 	-24.36 	-21.24
-31.38 	-27.06 	-23.7
-30.9 	-29.04 	-25.44
-30.36 	-31.02 	-26.88
-29.94 	-32.28 	-28.2
-29.04 	-33.18 	-29.64
-28.38 	-33.72 	-30.66
-28.02 	-34.32 	-30.54
-27.6 	-34.98 	-30.78
-27.6 	-35.52 	-30.96
-27.6 	-35.88 	-31.14
-27.42 	-35.88 	-31.44
-27.3 	-36.12 	-31.44
-27.3 	-36.3 	-31.44
-27.06 	-36.48 	-31.14
-26.94 	-36.66 	-31.68
-27.06 	-36.66 	-31.68
-27.12 	-37.02 	-31.68
-27.24 	-37.38 	-31.5
-27.24 	-37.56 	-31.14
-27.06 	-37.68 	-31.26
-27.24 	-37.86 	-31.14
-27.48 	-38.04 	-31.44
-27.66 	-38.1 	-31.32
-27.66 	-38.1 	-31.44
-27.6 	-38.04 	-31.5
-27.3 	-37.92 	-31.8
-27.3 	-37.74 	-32.04
-27.3 	-37.86 	-32.04
-27.24 	-38.04 	-32.04
-27.12 	-37.92 	-32.04
-26.94 	-37.92 	-32.16
-26.94 	-38.1 	-32.34
-26.76 	-38.1 	-32.52
-26.88 	-38.04 	-32.22
-26.76 	-38.04 	-32.22
-26.76 	-38.1 	-32.34
-26.7 	-38.04 	-32.4
-26.58 	-38.28 	-32.4
-26.4 	-38.58 	-32.58
-25.98 	-38.64 	-32.64
-25.5 	-39 	-32.58
-24.54 	-39.54 	-33.48
-22.98 	-40.38 	-34.26
-20.88 	-40.8 	-35.28
-17.94 	-40.8 	-36.6
-13.74 	-40.38 	-37.92
-8.7 	-39 	-39
-3.59999 	-36.96 	-39.96
1.5 	-34.26 	-40.86
5.87999 	-31.26 	-40.92
9.42 	-27.36 	-40.74
11.82 	-23.04 	-40.32
12.42 	-19.26 	-39.36
10.5 	-15.84 	-38.46
6.23999 	-13.74 	-36.9
0.23999 	-13.32 	-34.26
-6.89999 	-14.7 	-30.3
-13.74 	-17.28 	-24.9
-19.62 	-21.36 	-17.64
-23.4 	-25.74 	-8.81999
-24.24 	-29.22 	0.719986
-22.26 	-31.08 	10.38
-17.46 	-30.84 	19.38
-10.62 	-29.58 	25.68
-2.28 	-25.68 	30.42
5.34 	-20.88 	32.88
11.34 	-14.76 	31.92
14.58 	-8.28 	28.26
14.58 	-2.87999 	22.38
11.88 	0.599991 	15.78
6.42 	1.31999 	9
-0.419998 	0.659988 	3.17999
-8.09999 	-2.75999 	-3.23999
-14.58 	-7.73999 	-9.53999
-19.08 	-14.52 	-15.24
-20.46 	-22.08 	-20.52
-19.08 	-28.74 	-24.96
-15.3 	-33.9 	-28.86
-10.08 	-36.78 	-32.64
-4.31999 	-37.32 	-35.46
0.479996 	-35.4 	-37.68
3 	-31.62 	-37.92
2.45999 	-27.48 	-37.56
-1.43999 	-24.6 	-33.96
-6.35999 	-24.6 	-27.42
-11.22 	-26.52 	-18.6
-14.34 	-29.1 	-8.39999
-15.24 	-31.62 	1.98
-12.84 	-33.6 	11.82
-6.89999 	-34.86 	18.96
1.73999 	-34.5 	24.3
11.94 	-32.1 	26.16
20.88 	-26.7 	25.26
27.18 	-19.92 	22.08
30.18 	-12.96 	17.16
29.52 	-7.07999 	11.4
24.84 	-3.29999 	5.81999
16.62 	-1.85999 	0.719986
6.89999 	-3.84 	-3.29999
-2.39999 	-8.45999 	-7.07999
-9.53999 	-15.84 	-10.68
-12.78 	-23.76 	-15.12
-13.56 	-31.62 	-19.92
-11.88 	-37.56 	-24.96
-8.64 	-41.22 	-29.7
-4.92 	-42.12 	-33.18
-2.09999 	-39.78 	-35.04
-1.85999 	-36.3 	-35.04
-4.31999 	-32.34 	-32.82
-8.81999 	-30 	-27.06
-13.14 	-29.4 	-18.6
-16.38 	-30.48 	-8.51999
-17.46 	-31.74 	2.51999
-15.12 	-32.82 	12.66
-8.87999 	-34.08 	20.34
0.119995 	-33.96 	25.44
10.56 	-31.92 	27.66
20.16 	-27.48 	27.12
27.66 	-21.6 	24.48
31.5 	-15.42 	20.88
32.34 	-9.71999 	16.8
28.8 	-5.57999 	12.66
20.76 	-3.59999 	10.14
9.78 	-2.75999 	9.17999
-1.31999 	-4.14 	7.56
-10.26 	-7.01999 	3.95999
-18.3 	-11.88 	-0.119995
-23.04 	-17.64 	-5.21999
-24.42 	-23.58 	-10.86
-23.04 	-28.38 	-16.38
-19.74 	-31.02 	-21
-13.86 	-31.74 	-25.62
-7.37999 	-29.82 	-28.86
-1.85999 	-27.42 	-29.7
2.28 	-22.8 	-30.18
4.43999 	-17.64 	-29.16
3.65999 	-13.5 	-28.44
1.5 	-10.74 	-27.66
-1.85999 	-9.17999 	-26.76
-6.53999 	-9.78 	-24.66
-12.3 	-13.26 	-20.88
-18.48 	-17.76 	-15.96
-21.96 	-23.88 	-8.81999
-23.4 	-30.18 	-1.37999
-22.26 	-35.64 	7.25999
-18.3 	-39.84 	16.2
-11.04 	-42.54 	23.52
-1.56 	-43.92 	28.32
9 	-42.54 	30.48
19.44 	-39.3 	30.12
28.26 	-34.5 	27
34.86 	-29.04 	22.26
39.48 	-23.52 	16.44
40.98 	-18.18 	10.32
39.54 	-13.2 	4.31999
35.7 	-8.51999 	-0.659988
30.18 	-4.98 	-4.79999
22.86 	-2.09999 	-8.39999
15.18 	-0.779999 	-11.46
6.95999 	-0.419998 	-13.5
-1.2 	-1.92 	-15.6
-8.87999 	-5.28 	-17.82
-15.42 	-10.08 	-19.68
-20.28 	-15.96 	-21.48
-23.82 	-22.44 	-23.52
-24.72 	-29.4 	-25.2
-24.6 	-35.88 	-26.58
-22.26 	-41.94 	-29.04
-18.84 	-46.92 	-31.14
-13.98 	-50.34 	-33
-8.28 	-51.78 	-34.74
-2.21999 	-51.24 	-36.24
3.89999 	-48.9 	-37.2
9.71999 	-45.6 	-38.04
14.76 	-41.22 	-38.52
19.02 	-36.96 	-38.28
22.08 	-32.28 	-37.92
24.12 	-27.84 	-37.56
25.14 	-23.94 	-37.2
24.6 	-21.18 	-36.9
22.86 	-19.44 	-37.32
19.56 	-18.06 	-37.86
15.3 	-17.52 	-38.22
9.95999 	-17.64 	-38.58
4.62 	-18.36 	-38.76
-1.14 	-19.44 	-38.4
-7.56 	-21.36 	-37.26
-13.5 	-23.4 	-35.46
-19.38 	-26.04 	-32.46
-24.48 	-29.28 	-28.68
-28.32 	-33.36 	-24.48
-31.2 	-37.44 	-20.16
-33.24 	-41.58 	-15.36
-34.44 	-46.14 	-10.62
-34.26 	-51.24 	-4.98
-32.52 	-56.1 	-0.599991
-29.04 	-60.36 	3.89999
-24.06 	-63.84 	7.92
-17.82 	-66.42 	11.4
-10.86 	-68.22 	14.34
-3.48 	-69.3 	16.92
4.56 	-69.18 	19.02
12.6 	-67.62 	19.44
20.16 	-65.46 	20.1
27.12 	-62.4 	19.98
32.88 	-58.68 	19.26
37.2 	-54.54 	19.02
40.2 	-49.98 	19.14
42.06 	-44.64 	19.38
42.54 	-38.88 	19.8
41.7 	-32.52 	20.1
39.18 	-25.68 	20.28
35.22 	-19.2 	19.62
30.06 	-12.96 	19.08
24.12 	-7.37999 	17.46
17.7 	-2.57999 	14.88
11.22 	0.959991 	11.88
4.25999 	3 	8.81999
-2.39999 	3.53999 	5.75999
-8.51999 	2.57999 	2.64
-14.22 	0.419998 	0.0599976
-19.02 	-2.64 	-2.39999
-23.64 	-6.29999 	-4.43999
-27.12 	-10.62 	-6.12
-30.36 	-15.24 	-8.21999
-32.52 	-19.98 	-10.5
-33.9 	-24.84 	-12.78
-34.44 	-29.46 	-15
-34.14 	-33.96 	-17.28
-33.36 	-38.4 	-19.92
-31.26 	-42.18 	-22.56
-29.04 	-45.54 	-25.26
-25.68 	-48.42 	-27.66
-21.78 	-50.7 	-29.94
-17.58 	-52.38 	-31.98
-13.32 	-53.76 	-33.66
-9.06 	-54.3 	-35.28
-5.03999 	-54 	-36.72
-1.5 	-52.74 	-38.28
1.67999 	-50.52 	-39.78
3.53999 	-47.7 	-41.04
4.37999 	-44.28 	-41.88
3.71999 	-40.2 	-42.48
1.85999 	-35.7 	-42.66
-1.14 	-31.2 	-41.88
-4.73999 	-27.36 	-40.68
-9 	-24.12 	-38.7
-13.02 	-21.78 	-36.24
-16.92 	-19.56 	-33.96
-20.7 	-18.24 	-31.68
-23.46 	-18 	-29.58
-25.14 	-18.54 	-27.24
-26.76 	-19.56 	-25.74
-28.02 	-20.7 	-24.9
-29.1 	-22.26 	-23.28
-30.18 	-24.42 	-22.98
-31.38 	-27.12 	-22.62
-32.1 	-29.64 	-22.26
-33.24 	-31.98 	-21.66
-34.5 	-34.32 	-21.12
-35.16 	-36.42 	-20.16
-36.06 	-37.86 	-18.84
-36.24 	-39 	-18.66
-36.84 	-39.12 	-17.46
-37.2 	-38.82 	-16.02
-37.74 	-38.4 	-14.64
-38.22 	-37.32 	-13.44
-38.58 	-35.76 	-12.42
-38.82 	-34.5 	-11.82
-38.82 	-33.54 	-10.62
-39.18 	-33.18 	-10.44
-39.12 	-34.08 	-10.08
-38.82 	-36.06 	-9.71999
-37.92 	-39.12 	-9.35999
-36.3 	-43.26 	-9.12
-34.14 	-48.42 	-9.17999
-31.26 	-53.46 	-9
-27.84 	-58.62 	-9.71999
-24.24 	-63.42 	-9.95999
-19.74 	-67.14 	-10.98
-14.16 	-69.66 	-12.72
-7.98 	-70.26 	-15.18
-1.14 	-69.12 	-18.06
5.64 	-65.76 	-21.24
11.88 	-60.54 	-24.42
17.52 	-53.64 	-26.76
22.68 	-45.9 	-28.26
26.22 	-37.68 	-29.16
26.94 	-28.68 	-28.38
25.68 	-20.46 	-26.94
22.14 	-13.32 	-24.66
16.8 	-7.92 	-22.56
11.76 	-4.07999 	-21.06
6.35999 	-1.73999 	-19.92
1.2 	-0.23999 	-19.02
-3.29999 	0.959991 	-18.06
-6.29999 	1.2 	-18
-9 	1.2 	-17.64
-10.98 	0.959991 	-17.4
-11.88 	1.14 	-16.56
-13.38 	1.14 	-15.54
-14.76 	0.839996 	-14.46
-16.26 	0.0599976 	-13.92
-17.82 	-0.839996 	-13.74
-19.56 	-2.39999 	-13.92
-20.64 	-3.84 	-14.7
-21.54 	-5.09999 	-16.2
-22.26 	-6.53999 	-17.64
-22.62 	-7.73999 	-19.14
-22.32 	-8.64 	-20.82
-21.78 	-9.17999 	-22.2
-20.52 	-9.59999 	-24.06
-18.84 	-9.78 	-25.92
-16.5 	-9.78 	-27.54
-13.5 	-10.08 	-28.98
-9.42 	-10.32 	-30.84
-4.56 	-11.04 	-32.46
0.839996 	-12.6 	-33.66
7.07999 	-15.12 	-34.68
13.32 	-18.66 	-34.62
19.5 	-22.68 	-34.08
25.02 	-27.84 	-33.18
30 	-33.42 	-31.68
33.06 	-39.78 	-29.4
34.14 	-46.44 	-26.76
33.3 	-52.74 	-25.02
30.18 	-57.9 	-23.76
25.2 	-62.04 	-23.16
19.08 	-65.28 	-22.8
12.42 	-67.38 	-22.38
4.92 	-68.52 	-21.84
-2.21999 	-68.82 	-20.64
-9.42 	-67.92 	-19.2
-16.2 	-66 	-17.34
-21.78 	-63.3 	-14.82
-26.28 	-59.88 	-12.24
-30.12 	-55.8 	-10.5
-33 	-50.94 	-9.71999
-34.68 	-46.14 	-10.14
-36.06 	-41.28 	-11.94
-35.94 	-36.72 	-13.86
-35.52 	-31.98 	-15.96
-34.14 	-28.02 	-18.36
-32.16 	-24.36 	-21.12
-28.86 	-21 	-23.52
-24.96 	-18.3 	-25.26
-20.16 	-15.66 	-26.4
-14.22 	-13.08 	-27.18
-7.25999 	-10.98 	-28.02
0.599991 	-9.71999 	-28.2
8.87999 	-9.06 	-28.02
17.28 	-9.71999 	-26.88
24.84 	-11.52 	-24.84
31.8 	-13.98 	-22.8
37.5 	-16.56 	-20.52
42.18 	-19.62 	-18.54
45.36 	-22.8 	-16.56
47.94 	-25.8 	-14.82
49.56 	-28.32 	-13.5
50.16 	-29.76 	-12.9
49.98 	-30.12 	-12.48
49.38 	-29.64 	-12.96
48.42 	-28.2 	-14.04
46.68 	-25.86 	-14.76
44.28 	-22.62 	-16.38
40.02 	-18.48 	-18.24
34.44 	-14.28 	-19.68
27.84 	-10.5 	-20.52
19.8 	-7.37999 	-21
10.92 	-5.09999 	-20.34
1.92 	-4.56 	-19.56
-6.89999 	-5.75999 	-19.14
-15.24 	-8.15999 	-18
-22.26 	-12.24 	-17.04
-27.84 	-16.68 	-16.32
-31.8 	-21.78 	-16.56
-33.54 	-27.24 	-17.52
-34.14 	-32.64 	-18.96
-33.42 	-37.98 	-20.82
-31.56 	-42.66 	-22.98
-28.56 	-46.44 	-25.2
-24.36 	-49.26 	-27.72
-19.8 	-51.66 	-29.22
-14.4 	-53.4 	-31.02
-9 	-54.3 	-33.3
-3.12 	-54.3 	-35.22
2.03999 	-53.4 	-36.6
6.42 	-51.6 	-37.92
10.68 	-48.96 	-38.82
13.92 	-45.54 	-39.18
16.62 	-41.76 	-40.38
17.7 	-37.26 	-40.32
18.18 	-32.28 	-39.42
17.7 	-27.3 	-38.52
16.74 	-21.96 	-37.56
15.18 	-16.86 	-36.06
12.78 	-12.54 	-34.62
10.26 	-9.29999 	-32.76
8.09999 	-6.29999 	-30.96
6.29999 	-4.14 	-29.58
4.56 	-2.57999 	-28.44
2.93999 	-1.85999 	-26.52
2.57999 	-1.43999 	-25.74
3.12 	-1.5 	-25.44
4.2 	-2.39999 	-25.92
5.81999 	-3.59999 	-27.06
7.79999 	-5.28 	-28.38
10.14 	-7.43999 	-29.88
12.96 	-10.26 	-31.44
16.02 	-13.8 	-34.14
18.24 	-17.64 	-35.76
20.28 	-21.72 	-37.08
22.14 	-25.92 	-37.92
23.22 	-30.54 	-38.58
23.34 	-35.52 	-38.94
23.16 	-40.02 	-39
22.08 	-44.28 	-39.06
20.34 	-47.7 	-38.64
18.18 	-51.24 	-38.28
15.72 	-54 	-38.1
12.6 	-56.46 	-37.56
9.59999 	-58.5 	-36.78
6.71999 	-60.12 	-36
3.53999 	-61.2 	-35.28
0.779999 	-62.1 	-34.8
-2.03999 	-62.46 	-34.14
-4.2 	-62.82 	-33.54
-6.53999 	-63.3 	-32.52
-7.92 	-63.72 	-31.68
-9.23999 	-64.08 	-30.66
-10.5 	-64.56 	-29.4
-11.22 	-65.64 	-27.84
-11.88 	-66.66 	-25.98
-11.76 	-67.92 	-24.12
-12.3 	-69.18 	-21.6
-12.6 	-70.44 	-19.32
-13.38 	-71.28 	-16.92
-14.46 	-71.52 	-15.54
-15.3 	-71.28 	-15
-16.56 	-70.56 	-14.46
-18 	-69.6 	-14.4
-19.98 	-68.46 	-14.58
-22.86 	-67.26 	-13.92
-24.84 	-65.1 	-15
-27.06 	-62.1 	-16.38
-29.22 	-58.62 	-17.22
-31.56 	-54.3 	-16.74
-33.6 	-49.32 	-15.9
-35.22 	-43.74 	-13.44
-35.94 	-37.98 	-9.53999
-34.5 	-31.98 	-6.23999
-33.36 	-27.42 	-0.23999
-30.9 	-24.06 	6.59999
-27.3 	-22.32 	13.8
-22.68 	-22.44 	20.88
-17.76 	-23.88 	27.12
-12.42 	-26.76 	31.92
-6.89999 	-30.48 	35.7
-2.21999 	-33.9 	39.48
2.09999 	-37.38 	42.54
6.17999 	-40.02 	44.22
8.93999 	-42.54 	44.4
11.16 	-44.46 	44.16
12.84 	-45.96 	43.98
13.74 	-46.68 	43.86
13.56 	-46.8 	43.74
12.96 	-46.68 	42.48
11.52 	-45.72 	41.16
9.23999 	-44.82 	40.38
7.25999 	-42.9 	40.56
4.79999 	-41.1 	40.8
2.39999 	-38.88 	40.92
-0.299988 	-36.24 	40.56
-2.87999 	-33.36 	40.02
-4.92 	-30.54 	39.3
-6.65999 	-28.2 	38.34
-8.7 	-26.28 	38.28
-10.5 	-24.42 	37.32
-11.94 	-22.44 	36.06
-13.56 	-20.88 	35.04
-15.12 	-20.52 	34.38
-16.26 	-20.88 	33.78
-17.52 	-22.14 	33.54
-18.9 	-23.76 	33
-19.98 	-25.5 	31.56
-21.42 	-27.96 	30.96
-23.16 	-30.54 	30.18
-25.2 	-33.72 	28.74
-27.12 	-36.42 	27.12
-29.22 	-39.24 	24.78
-31.02 	-41.28 	22.26
-32.46 	-43.08 	19.86
-33.96 	-45.24 	17.16
-35.16 	-46.74 	14.46
-36.24 	-47.46 	12
-36.84 	-47.1 	11.1
-36.96 	-45.72 	10.86
-36.48 	-43.26 	11.52
-35.7 	-40.5 	13.32
-34.08 	-37.26 	15.48
-31.26 	-33.06 	18.78
-27.42 	-28.92 	22.68
-22.5 	-25.2 	26.82
-16.56 	-22.26 	30
-10.26 	-20.28 	32.88
-3.48 	-19.98 	35.28
3 	-21.06 	36.84
8.51999 	-23.94 	38.16
13.02 	-28.2 	38.64
16.44 	-33.42 	37.98
18.9 	-39.12 	36.96
20.22 	-44.52 	35.7
21.12 	-50.16 	34.2
21.48 	-54.9 	32.64
21.48 	-58.8 	30.72
21.78 	-61.2 	29.22
21.96 	-62.76 	28.08
22.02 	-63.72 	27.12
21.84 	-64.38 	26.82
21.66 	-64.8 	26.82
21.24 	-64.74 	27.3
20.76 	-64.26 	27.78
20.52 	-63.72 	28.68
20.16 	-63.18 	29.04
19.98 	-62.76 	29.4
19.8 	-62.1 	30.06
19.62 	-61.74 	30.42
19.68 	-61.5 	30.6
20.04 	-61.38 	30
20.22 	-61.92 	29.4
20.52 	-62.58 	28.5
20.88 	-63.54 	27.54
21.06 	-64.44 	26.64
21.3 	-65.34 	25.62
21.6 	-65.64 	24.9
21.3 	-66.18 	24.3
20.7 	-66.6 	24.54
19.32 	-66.96 	24.66
17.82 	-67.14 	25.08
16.08 	-67.26 	25.8
14.76 	-66.96 	26.46
13.92 	-66.78 	27.36
14.28 	-66.24 	27.78
15.72 	-64.74 	28.5
17.52 	-62.76 	29.04
19.98 	-59.7 	29.94
22.8 	-56.16 	30.6
25.56 	-52.14 	31.44
28.38 	-47.34 	31.74
30.36 	-41.46 	32.04
31.2 	-35.22 	31.74
30.72 	-28.5 	31.44
28.98 	-21.78 	29.46
26.46 	-15.84 	27.66
22.98 	-10.8 	26.52
18.54 	-6.48 	25.02
13.68 	-3 	23.58
8.39999 	-0.659988 	22.08
3.35999 	1.01999 	20.76
-1.5 	1.01999 	18.78
-5.75999 	0.839996 	18.3
-9.42 	0.23999 	17.94
-13.08 	-0.479996 	16.44
-15.78 	-0.959991 	14.88
-18.72 	-1.98 	12.96
-21.6 	-3.48 	10.56
-24.6 	-6 	8.28
-27.66 	-9.35999 	6.78
-30.48 	-13.86 	5.57999
-32.88 	-18.9 	4.85999
-34.98 	-24.06 	6.29999
-35.76 	-29.64 	7.56
-35.04 	-35.34 	10.14
-32.88 	-41.1 	13.74
-29.28 	-46.62 	17.76
-24.24 	-51.6 	21.48
-17.76 	-55.44 	24.72
-10.8 	-58.44 	27.12
-3.29999 	-60.48 	27.96
3 	-61.74 	29.28
7.85999 	-62.28 	30.54
11.22 	-61.68 	31.5
12.66 	-60.3 	32.64
12.36 	-57.54 	33.78
10.2 	-54.12 	35.28
6.71999 	-49.8 	36.6
2.39999 	-45.42 	37.32
-2.39999 	-40.74 	37.68
-6.71999 	-35.52 	36.72
-11.22 	-30.18 	35.28
-14.7 	-24.24 	32.22
-17.4 	-18.72 	28.26
-19.02 	-13.98 	22.98
-19.92 	-10.14 	16.62
-20.46 	-7.01999 	10.38
-20.82 	-4.73999 	4.01999
-21.06 	-3.65999 	-1.92
-20.7 	-3.23999 	-8.21999
-20.7 	-3.95999 	-13.08
-21.18 	-5.28 	-17.04
-21.54 	-7.07999 	-20.28
-21.96 	-9.17999 	-22.74
-21.9 	-11.4 	-25.2
-21.72 	-13.86 	-27.6
-21.6 	-15.84 	-29.34
-21.72 	-17.64 	-30.3
-22.14 	-18.78 	-30.9
-22.32 	-19.44 	-30.18
-23.88 	-19.32 	-28.02
-25.2 	-18.96 	-23.34
-26.22 	-18.72 	-16.38
-26.34 	-18.42 	-7.85999
-24.96 	-18.36 	1.25999
-21.6 	-18.42 	10.38
-16.56 	-18.6 	19.02
-10.14 	-19.08 	26.04
-2.03999 	-19.98 	31.14
6.23999 	-20.76 	34.2
14.04 	-21.06 	35.28
20.64 	-20.76 	35.16
25.5 	-20.04 	34.2
28.02 	-18.96 	33.18
28.2 	-17.7 	32.1
26.1 	-16.44 	31.5
22.14 	-14.82 	31.26
16.56 	-13.02 	30.42
9.71999 	-11.04 	30.54
2.03999 	-9.71999 	29.46
-6.29999 	-8.34 	27.54
-12.78 	-8.51999 	22.98
-18.48 	-8.51999 	17.94
-21.54 	-9.35999 	10.08
-23.04 	-10.5 	3.17999
-21 	-11.76 	-4.43999
-16.92 	-12.78 	-12.42
-10.98 	-13.38 	-19.14
-3.48 	-14.04 	-25.02
2.81999 	-13.38 	-28.08
9.53999 	-13.32 	-30.72
13.92 	-12.06 	-30.84
17.88 	-10.62 	-31.32
18.78 	-9.53999 	-30.66
18.6 	-8.51999 	-30.48
16.8 	-7.62 	-30.66
13.68 	-7.07999 	-30.54
9.06 	-6.71999 	-30.54
3 	-6.89999 	-29.88
-3.12 	-8.64 	-28.56
-9.95999 	-11.46 	-26.76
-16.56 	-15.42 	-24.06
-22.62 	-21.06 	-20.28
-27.06 	-28.32 	-15.6
-29.4 	-36.36 	-10.26
-28.5 	-44.7 	-4.56
-25.38 	-52.32 	1.43999
-20.1 	-58.56 	7.5
-12.66 	-62.88 	12.96
-3.35999 	-65.28 	17.28
6.23999 	-65.64 	20.34
15.66 	-63.66 	22.08
23.7 	-59.52 	23.52
30.06 	-53.94 	24.54
34.86 	-47.64 	24.9
37.86 	-40.74 	24.48
38.22 	-33.9 	24.12
35.94 	-26.94 	24.3
31.5 	-20.46 	24.66
25.68 	-14.76 	25.32
18.42 	-10.08 	25.02
10.98 	-7.01999 	23.7
2.93999 	-5.09999 	21.48
-5.28 	-4.37999 	18.78
-12.6 	-5.03999 	15
-18.84 	-6.65999 	10.32
-23.34 	-8.87999 	4.62
-25.98 	-10.86 	-1.62
-26.4 	-13.2 	-8.15999
-25.5 	-15 	-14.4
-22.56 	-16.74 	-20.34
-18 	-18.06 	-25.74
-13.08 	-18.54 	-29.76
-6.84 	-18.72 	-32.94
-0.419998 	-18 	-34.44
5.45999 	-17.52 	-35.28
10.32 	-16.38 	-35.22
14.4 	-15.3 	-34.62
17.16 	-13.92 	-33.54
18.72 	-12.6 	-32.16
19.44 	-11.34 	-31.44
18.18 	-10.14 	-31.02
15 	-9.71999 	-31.32
10.74 	-9.53999 	-31.32
5.15999 	-10.26 	-31.32
-1.25999 	-11.88 	-30.66
-8.28 	-14.58 	-29.58
-15.06 	-18.66 	-28.02
-21.36 	-23.7 	-25.38
-26.7 	-29.58 	-22.02
-30.36 	-36 	-17.64
-32.64 	-42.54 	-12.78
-32.88 	-48.9 	-7.37999
-31.74 	-54.54 	-0.959991
-28.74 	-59.34 	4.85999
-24.54 	-62.4 	10.86
-19.38 	-63.84 	16.74
-13.8 	-64.26 	22.08
-7.92 	-63.3 	27.12
-1.79999 	-60.3 	31.44
3.89999 	-56.64 	35.04
8.75999 	-51.78 	36.66
12.9 	-45.96 	38.64
15.36 	-39.78 	39.24
16.74 	-33.72 	38.7
17.46 	-27.12 	37.56
17.28 	-20.16 	35.52
15.3 	-14.64 	32.7
12.96 	-9.23999 	28.86
9.23999 	-5.09999 	24.66
4.92 	-1.85999 	19.38
0.419998 	0.0599976 	13.92
-4.56 	0.839996 	9.23999
-9.53999 	0.299988 	3.17999
-14.16 	-1.92 	-2.87999
-17.46 	-5.28 	-9
-19.62 	-9.53999 	-15
-19.8 	-13.98 	-21
-18.3 	-18.12 	-25.92
-15.06 	-21.72 	-30.36
-10.26 	-24.6 	-34.86
-5.28 	-26.58 	-37.32
0.0599976 	-27.3 	-39.06
5.15999 	-26.94 	-39.84
9.59999 	-25.8 	-39.84
13.26 	-23.76 	-39.06
15.72 	-21.72 	-38.28
16.74 	-19.62 	-37.32
16.08 	-17.94 	-36.6
14.64 	-15.84 	-36
11.76 	-14.4 	-35.64
7.43999 	-13.74 	-34.32
2.28 	-13.74 	-33.6
-3.59999 	-14.4 	-32.76
-9.89999 	-16.2 	-31.26
-16.2 	-18.3 	-29.64
-21.78 	-21.54 	-27.54
-26.88 	-26.04 	-24.9
-30.54 	-31.26 	-21.78
-32.88 	-36.84 	-18.84
-33.78 	-42.66 	-14.7
-33.18 	-49.14 	-10.14
-30.84 	-54.72 	-5.57999
-26.88 	-60.18 	-0.479996
-22.26 	-64.02 	5.03999
-16.38 	-66.66 	10.56
-9.53999 	-67.8 	15.84
-2.03999 	-66.9 	20.4
5.81999 	-64.74 	24.3
13.38 	-60.54 	27.18
20.16 	-55.8 	29.4
25.68 	-49.98 	30.18
30.72 	-43.8 	29.64
34.32 	-37.14 	28.5
36.12 	-30 	27.36
36.78 	-23.4 	24.9
35.1 	-17.28 	22.2
32.16 	-11.76 	19.56
28.2 	-6.65999 	16.62
23.7 	-2.45999 	14.46
17.88 	0.839996 	12.06
11.88 	3.12 	9.23999
5.64 	3.84 	5.64
-0.839996 	3.48 	3
-7.07999 	2.28 	0.119995
-12.6 	0.23999 	-3.12
-17.64 	-2.39999 	-5.93999
-22.44 	-5.39999 	-8.34
-26.04 	-8.45999 	-9.84
-29.28 	-11.52 	-10.5
-31.8 	-14.04 	-10.5
-33.6 	-16.5 	-10.26
-34.98 	-19.08 	-9.48
-36.12 	-21.72 	-8.81999
-37.32 	-24.48 	-8.75999
-37.56 	-27.96 	-9
-37.92 	-31.62 	-9.89999
-37.5 	-36.24 	-11.22
-36.12 	-42.12 	-12.54
-33.72 	-48.06 	-14.1
-29.76 	-53.64 	-15.96
-24.78 	-58.44 	-17.34
-18.84 	-61.98 	-19.74
-11.94 	-63.42 	-22.2
-4.85999 	-63.24 	-24.9
1.67999 	-60.72 	-27.48
7.07999 	-55.56 	-30.36
11.04 	-49.32 	-33
12.6 	-42.18 	-34.14
12.3 	-34.68 	-34.8
9.65999 	-27.24 	-33.18
5.64 	-21.9 	-32.76
0.839996 	-17.58 	-31.68
-4.2 	-14.88 	-30.54
-8.81999 	-13.38 	-29.34
-12.6 	-12.3 	-28.2
-14.58 	-11.52 	-28.26
-15 	-11.16 	-28.98
-13.32 	-12.06 	-30.72
-10.5 	-12.24 	-31.62
-6.17999 	-12.96 	-32.4
-0.23999 	-14.04 	-33.18
6.59999 	-16.14 	-33.3
13.86 	-19.26 	-32.82
20.88 	-23.94 	-31.08
26.76 	-30.18 	-28.02
31.32 	-36.6 	-22.2
32.22 	-43.98 	-16.14
30.18 	-51.3 	-10.62
24.66 	-57.18 	-4.85999
16.62 	-61.5 	0.479996
7.07999 	-62.76 	5.93999
-3.06 	-61.32 	10.2
-12.9 	-56.82 	12.78
-21.9 	-51.24 	11.7
-28.5 	-44.34 	9.95999
-33.36 	-38.16 	7.92
-36.3 	-33.6 	5.28
-37.68 	-30.9 	1.85999
-37.38 	-31.38 	-2.57999
-36.48 	-34.44 	-7.25999
-34.86 	-39.66 	-10.86
-33 	-46.08 	-13.5
-30.9 	-52.5 	-14.82
-28.5 	-58.2 	-15.42
-25.86 	-62.58 	-15.9
-23.7 	-65.64 	-16.32
-22.5 	-67.02 	-17.04
-21.9 	-66.9 	-17.88
-21.78 	-65.64 	-19.56
-22.08 	-63.78 	-21.3
-22.5 	-61.26 	-23.64
-22.8 	-58.44 	-26.52
-23.34 	-55.8 	-28.62
-23.34 	-52.92 	-30.72
-23.52 	-49.5 	-31.98
-23.16 	-45.36 	-32.94
-23.22 	-40.38 	-32.46
-23.16 	-34.74 	-31.08
-23.34 	-29.22 	-28.86
-23.64 	-23.82 	-25.02
-23.64 	-18.18 	-20.46
-23.52 	-13.68 	-14.76
-23.04 	-10.38 	-7.62
-22.32 	-8.28 	-0.479996
-21 	-7.79999 	6.59999
-18.48 	-8.51999 	13.56
-15.3 	-9.95999 	20.4
-11.34 	-12.24 	26.1
-6 	-15.3 	30.72
-0.419998 	-18.72 	34.38
5.64 	-22.08 	36.12
11.58 	-25.86 	37.56
16.92 	-29.4 	38.1
21 	-32.46 	38.16
24.42 	-34.68 	37.56
26.46 	-35.94 	37.32
26.1 	-36.12 	37.2
24.12 	-35.4 	37.38
20.1 	-34.08 	37.8
14.4 	-31.98 	37.8
7.67999 	-29.82 	37.02
-0.299988 	-26.76 	36
-8.09999 	-24.42 	32.58
-15.6 	-22.26 	27.66
-21.6 	-20.16 	21.12
-25.86 	-18.18 	13.5
-27.96 	-16.2 	5.64
-27.6 	-14.58 	-2.15999
-25.68 	-12.78 	-9.29999
-21.24 	-11.58 	-16.5
-16.56 	-10.08 	-21.12
-10.8 	-8.51999 	-24.72
-5.21999 	-7.37999 	-26.94
0.0599976 	-6 	-27.72
4.25999 	-5.09999 	-27.84
7.67999 	-3.95999 	-27.06
10.14 	-2.93999 	-26.22
10.98 	-1.85999 	-25.2
10.68 	-0.959991 	-24.12
8.51999 	-0.23999 	-22.8
4.73999 	-0.0599976 	-20.82
0.23999 	-0.419998 	-19.2
-5.28 	-1.37999 	-17.82
-11.52 	-3.65999 	-16.14
-17.76 	-7.07999 	-13.86
-23.7 	-11.7 	-10.86
-28.86 	-17.1 	-7.37999
-32.52 	-22.98 	-3.29999
-34.08 	-29.28 	0.839996
-33.96 	-36.12 	6
-31.56 	-42.36 	11.64
-26.94 	-47.58 	17.28
-20.64 	-51.48 	22.44
-12.66 	-54.12 	26.64
-3.71999 	-54.84 	30
5.51999 	-54.3 	32.04
14.28 	-52.2 	32.82
22.44 	-49.08 	32.46
29.16 	-45.24 	31.5
33.42 	-40.92 	30.54
36.24 	-36.24 	29.46
36.96 	-31.56 	29.04
35.46 	-27.6 	29.22
31.98 	-24.24 	29.94
26.64 	-21.36 	30.9
19.62 	-18.72 	31.56
11.22 	-16.74 	31.32
3.12 	-15.3 	29.76
-5.21999 	-14.28 	26.58
-12.78 	-13.68 	22.08
-19.08 	-13.32 	16.26
-23.52 	-13.2 	9.89999
-25.98 	-12.78 	3.12
-26.58 	-12.06 	-3.71999
-25.08 	-11.34 	-10.26
-21.72 	-10.44 	-16.02
-16.5 	-9.42 	-20.1
-10.44 	-8.64 	-22.98
-3.12 	-7.73999 	-24.3
4.62 	-6.84 	-24.66
12.24 	-6.65999 	-23.88
18.96 	-6.84 	-22.8
24.84 	-6.84 	-20.88
29.46 	-7.01999 	-18.96
32.52 	-6.89999 	-17.46
34.5 	-6.89999 	-16.38
34.5 	-6.71999 	-16.2
32.76 	-6.35999 	-16.86
30.06 	-5.75999 	-18.78
26.46 	-5.21999 	-20.7
22.44 	-5.09999 	-23.16
17.7 	-5.28 	-25.26
11.58 	-6.17999 	-26.94
4.37999 	-7.62 	-27.84
-3.65999 	-9.89999 	-27.36
-10.98 	-13.44 	-24.66
-17.82 	-18.18 	-20.1
-22.62 	-24.3 	-13.74
-25.44 	-31.08 	-6.12
-25.86 	-37.56 	1.85999
-22.98 	-43.8 	10.32
-16.92 	-48.78 	18.12
-8.28 	-52.38 	24.12
1.2 	-53.64 	27.84
11.4 	-52.86 	29.64
20.76 	-49.68 	29.58
28.62 	-45.06 	28.86
34.56 	-39.6 	27.36
38.1 	-33.54 	25.44
38.76 	-27.78 	23.94
37.2 	-22.32 	23.4
33.84 	-18 	23.52
29.1 	-13.86 	23.94
22.92 	-10.8 	24.36
15.66 	-8.15999 	24.36
7.98 	-6.48 	23.58
-0.0599976 	-5.09999 	22.98
-7.07999 	-4.73999 	19.92
-13.44 	-4.92 	15.6
-17.94 	-5.21999 	9.78
-20.82 	-5.93999 	3.65999
-21.9 	-6.35999 	-2.7
-20.64 	-7.01999 	-9.17999
-17.58 	-7.62 	-15
-12.78 	-8.51999 	-21
-7.56 	-8.7 	-24.66
-1.37999 	-9 	-27.84
3.89999 	-9.59999 	-30.18
7.79999 	-11.52 	-32.52
9.95999 	-15.48 	-33.96
10.2 	-20.64 	-35.4
8.87999 	-25.62 	-36.36
6.78 	-30.54 	-37.56
3.71999 	-35.28 	-38.88
-0.539993 	-39.42 	-39.06
-5.39999 	-43.26 	-38.88
-10.08 	-46.14 	-38.16
-14.7 	-46.26 	-36.6
-18.54 	-45.06 	-34.14
-22.98 	-43.56 	-31.02
-27.12 	-41.4 	-27.54
-30.72 	-38.58 	-23.76
-33.6 	-35.7 	-20.28
-35.7 	-32.16 	-17.22
-36.84 	-28.5 	-14.1
-36.78 	-24.96 	-12.36
-36.12 	-21.6 	-11.22
-34.8 	-18.54 	-10.92
-32.82 	-16.2 	-11.1
-31.62 	-14.58 	-12
-30.66 	-13.92 	-13.26
-30.36 	-14.04 	-13.68
-30.54 	-15.12 	-14.46
-31.92 	-18.54 	-13.62
-33.36 	-22.14 	-12.72
-33.42 	-27.84 	-13.44
-33.72 	-34.5 	-13.62
-31.26 	-41.58 	-14.94
-26.88 	-47.7 	-16.08
-20.64 	-53.22 	-17.88
-12.96 	-57 	-19.5
-3.95999 	-57.9 	-22.92
4.73999 	-57.6 	-26.76
11.7 	-55.26 	-29.4
16.98 	-51.66 	-32.7
19.8 	-48.06 	-34.68
19.74 	-44.82 	-37.08
17.46 	-41.94 	-38.88
12.84 	-39.96 	-40.38
6.71999 	-39.48 	-40.56
-0.23999 	-40.2 	-39.6
-7.62 	-41.64 	-36.42
-14.52 	-43.44 	-32.94
-20.52 	-45.06 	-28.2
-26.04 	-46.32 	-21.84
-30 	-47.64 	-14.28
-32.28 	-48.18 	-5.75999
-32.7 	-47.1 	3
-31.2 	-44.64 	11.34
-27.78 	-40.5 	17.88
-22.86 	-35.52 	23.94
-17.46 	-29.4 	28.44
-10.62 	-23.22 	30.54
-4.37999 	-16.5 	30.72
1.37999 	-10.44 	28.92
6.17999 	-5.45999 	25.26
9.84 	-1.5 	20.94
11.94 	1.5 	16.26
12.24 	3.71999 	11.28
10.5 	4.92 	6.78
6.71999 	5.21999 	3
1.92 	4.25999 	-0.0599976
-4.14 	2.28 	-2.87999
-10.68 	-0.959991 	-5.09999
-17.04 	-5.81999 	-7.62
-22.62 	-12.06 	-10.02
-26.58 	-19.74 	-12
-28.74 	-27.66 	-14.64
-28.5 	-35.88 	-17.22
-26.22 	-43.74 	-20.28
-21.6 	-50.28 	-22.98
-15.3 	-55.56 	-25.44
-8.51999 	-58.68 	-27.72
-1.98 	-59.76 	-29.88
4.25999 	-58.86 	-32.16
8.93999 	-57.24 	-34.08
11.22 	-54.3 	-36.3
11.1 	-51.24 	-37.62
8.75999 	-48.6 	-38.58
3.48 	-46.26 	-38.64
-3.06 	-45 	-36.72
-10.08 	-44.7 	-32.58
-17.1 	-45.18 	-26.7
-23.52 	-45.96 	-19.5
-28.2 	-47.34 	-11.4
-31.44 	-48.18 	-2.81999
-33.06 	-48.24 	6.17999
-31.92 	-47.28 	15.12
-29.28 	-45.36 	22.44
-24.9 	-42.48 	28.08
-19.26 	-39.24 	32.4
-12.72 	-35.28 	35.52
-6 	-30.84 	37.2
0.779999 	-25.8 	37.86
7.07999 	-20.64 	36.78
11.94 	-15.84 	34.14
15.18 	-11.16 	30.36
16.56 	-6.71999 	25.62
15.48 	-2.64 	19.8
12.3 	0.23999 	13.2
7.79999 	1.85999 	6.71999
2.09999 	1.5 	-0.23999
-3.84 	-1.14 	-6.65999
-9.78 	-5.75999 	-12.36
-15.06 	-11.76 	-17.22
-19.56 	-19.26 	-21.06
-23.1 	-27.3 	-23.52
-25.32 	-35.16 	-24.42
-26.88 	-42.54 	-24.3
-27.78 	-48.96 	-22.8
-28.38 	-54 	-20.34
-28.56 	-57.42 	-17.22
-28.56 	-59.94 	-13.56
-29.04 	-61.32 	-9.95999
-29.46 	-61.86 	-6.29999
-29.82 	-62.22 	-2.93999
-30.3 	-61.92 	1.43999
-30.12 	-61.92 	4.67999
-30.12 	-61.86 	7.67999
-30.36 	-61.2 	10.2
-30.54 	-60.06 	13.02
-30.18 	-58.26 	16.14
-30 	-55.74 	19.08
-29.58 	-52.2 	22.02
-28.92 	-48.72 	23.7
-28.56 	-43.92 	25.68
-28.14 	-38.34 	27.18
-27.3 	-32.52 	27.72
-26.76 	-26.58 	26.16
-26.58 	-21.36 	23.34
-26.58 	-17.22 	20.16
-26.94 	-13.8 	16.98
-27.42 	-11.22 	13.14
-28.5 	-9.42 	9.12
-29.1 	-8.34 	4.67999
-29.64 	-7.98 	1.07999
-30.3 	-8.45999 	-1.43999
-30.66 	-9.06 	-3.65999
-30.36 	-9.59999 	-6.53999
-29.94 	-10.26 	-10.08
-29.04 	-10.8 	-13.08
-27.48 	-11.16 	-16.26
-26.04 	-11.94 	-19.14
-24.96 	-13.02 	-21.96
-23.94 	-14.1 	-24.42
-23.22 	-15.96 	-26.52
-23.04 	-18.3 	-28.2
-23.04 	-21.6 	-29.22
-23.58 	-25.38 	-30.12
-24.6 	-30.18 	-30
-25.98 	-34.98 	-29.22
-27.12 	-39.96 	-28.26
-27.78 	-45 	-27.06
-28.2 	-49.62 	-25.44
-28.14 	-53.28 	-21.84
-28.14 	-56.88 	-18.96
-27.84 	-60 	-15.54
-27.42 	-62.4 	-11.94
-26.4 	-64.32 	-7.98
-25.62 	-65.94 	-4.2
-25.08 	-67.08 	-0.119995
-24.96 	-67.74 	3.29999
-25.5 	-68.28 	5.39999
-25.62 	-67.74 	7.92
-25.86 	-67.02 	10.32
-25.86 	-66.36 	12.06
-26.52 	-65.46 	13.32
-26.94 	-64.26 	14.64
-27.6 	-62.58 	16.26
-27.96 	-59.88 	18.48
-27.96 	-56.7 	20.4
-28.38 	-53.1 	22.44
-28.74 	-48.42 	23.76
-29.46 	-43.02 	24.72
-30.36 	-37.68 	25.38
-30.9 	-32.28 	25.2
-31.08 	-27.36 	24.12
-31.2 	-23.4 	22.26
-31.26 	-19.92 	19.92
-31.38 	-16.92 	17.1
-30.9 	-14.28 	14.04
-30.18 	-12.3 	10.5
-28.86 	-10.68 	6.59999
-27.84 	-9 	3.12
-26.94 	-6.89999 	0.179993
-25.86 	-6 	-3.23999
-24.48 	-5.45999 	-7.01999
-22.86 	-5.09999 	-10.8
-21.78 	-5.57999 	-14.1
-21.06 	-6 	-16.92
-20.52 	-6.89999 	-19.02
-20.64 	-8.34 	-21.06
-20.64 	-10.32 	-23.34
-21.36 	-12.12 	-24.84
-22.26 	-14.04 	-25.62
-23.58 	-16.56 	-26.16
-25.14 	-19.62 	-26.7
-26.22 	-23.16 	-27.06
-27.48 	-26.28 	-27.48
-28.32 	-29.28 	-27.6
-29.1 	-32.28 	-27.84
-29.64 	-34.26 	-27.96
-30.12 	-35.76 	-27.96
-30.84 	-36.78 	-27.42
-31.44 	-36.84 	-26.34
-32.52 	-36.78 	-24.84
-33.42 	-36.6 	-23.52
-34.08 	-37.2 	-22.8
-34.5 	-38.52 	-21.84
-34.62 	-40.74 	-20.88
-33.78 	-43.8 	-19.02
-33.72 	-47.4 	-16.5
-32.34 	-51.3 	-15.24
-29.94 	-55.08 	-14.4
-27.48 	-58.8 	-13.68
-24.24 	-61.86 	-13.5
-20.52 	-64.38 	-14.04
-16.32 	-65.94 	-15
-12.84 	-66.9 	-17.1
-7.56 	-66.84 	-20.64
-3.12 	-66.18 	-23.34
0.839996 	-65.28 	-26.16
5.34 	-63.66 	-28.68
9.23999 	-61.62 	-30.54
13.2 	-58.44 	-31.86
17.1 	-54.9 	-32.76
21.12 	-50.22 	-32.82
24.78 	-44.82 	-32.22
28.2 	-38.88 	-30.9
31.08 	-32.28 	-28.38
32.94 	-26.16 	-26.34
34.14 	-20.16 	-24.3
34.44 	-14.76 	-21.84
34.14 	-10.08 	-19.74
33.18 	-6.65999 	-17.88
31.98 	-4.2 	-16.68
30.66 	-2.7 	-15.78
30 	-2.03999 	-15.72
29.82 	-1.43999 	-14.04
30.36 	-0.959991 	-11.58
30.66 	-0.899994 	-9.12
31.02 	-0.959991 	-5.57999
31.26 	-1.14 	-1.01999
31.2 	-2.57999 	4.85999
30.54 	-5.21999 	11.46
28.8 	-8.7 	18.24
26.58 	-14.16 	23.88
23.22 	-21 	28.26
18.72 	-29.28 	32.46
14.1 	-37.98 	33.36
9.42 	-46.98 	31.86
4.73999 	-55.2 	28.26
0.179993 	-61.86 	22.74
-3.84 	-67.26 	16.2
-7.79999 	-70.38 	9.42
-11.58 	-72 	3
-13.86 	-71.88 	-4.01999
-15.84 	-71.58 	-8.15999
-17.1 	-70.98 	-10.68
-17.28 	-70.5 	-11.16
-16.2 	-70.5 	-8.75999
-13.86 	-70.26 	-4.62
-9.78 	-69.18 	1.31999
-4.31999 	-66.12 	8.03999
1.92 	-60.96 	14.82
8.39999 	-53.58 	19.56
15 	-45 	21.66
20.88 	-36.42 	21.54
26.4 	-28.38 	18.06
30.78 	-22.14 	12
33.66 	-18.12 	4.25999
35.34 	-16.86 	-4.37999
36.24 	-18.18 	-13.08
36.3 	-22.08 	-20.16
35.58 	-27.42 	-25.38
34.62 	-32.64 	-29.46
33.06 	-37.32 	-31.86
31.56 	-41.4 	-32.82
30.36 	-45.06 	-33
30 	-48.54 	-32.28
29.64 	-52.14 	-30.54
29.76 	-55.56 	-28.02
30.36 	-58.26 	-24.48
31.26 	-60.66 	-21
32.16 	-63.12 	-17.28
32.82 	-65.22 	-13.68
32.88 	-67.08 	-10.62
32.46 	-68.52 	-7.85999
31.62 	-69.54 	-5.7
30.24 	-70.38 	-4.25999
28.62 	-71.52 	-3.71999
26.58 	-72.6 	-3.89999
24.6 	-73.62 	-4.62
22.38 	-74.34 	-5.34
20.22 	-74.88 	-6.53999
17.88 	-75.24 	-8.21999
15.72 	-75.66 	-9.89999
13.86 	-75.78 	-11.22
11.58 	-75.84 	-12.3
9.59999 	-75.96 	-13.14
6.95999 	-75.84 	-13.86
4.37999 	-75.66 	-14.64
2.45999 	-75.48 	-14.76
0.959991 	-75.6 	-13.92
-0.23999 	-75.66 	-13.14
-1.14 	-75.96 	-12.48
-1.85999 	-75.96 	-11.94
-2.21999 	-76.02 	-11.52
-2.15999 	-76.14 	-11.04
-1.85999 	-76.14 	-10.5
-1.85999 	-76.2 	-10.44
-2.34 	-75.78 	-10.86
-2.93999 	-75.42 	-11.64
-3.95999 	-74.94 	-13.08
-4.92 	-74.34 	-14.76
-5.64 	-73.44 	-16.02
-6.65999 	-72.54 	-17.64
-7.25999 	-71.34 	-19.56
-7.43999 	-69.72 	-21.78
-6.84 	-68.28 	-24.3
-6.29999 	-65.94 	-27.06
-5.45999 	-63.06 	-29.7
-4.67999 	-60.24 	-32.04
-4.37999 	-57.6 	-33.96
-4.56 	-54.72 	-34.32
-5.57999 	-52.02 	-34.14
-8.28 	-49.26 	-32.94
-11.64 	-45.9 	-32.46
-15.24 	-42.36 	-30.84
-19.2 	-38.7 	-27.72
-22.98 	-34.68 	-23.1
-26.16 	-30.48 	-16.68
-27.78 	-26.58 	-10.14
-27.66 	-22.98 	-2.75999
-24.78 	-20.16 	4.67999
-20.1 	-18.54 	13.62
-13.98 	-18.3 	21.72
-6.53999 	-18.3 	27.96
1.14 	-18.54 	32.52
8.39999 	-18.72 	34.86
14.58 	-18.18 	35.64
18.96 	-16.86 	34.74
20.46 	-14.28 	33.54
19.26 	-11.22 	30.18
15.9 	-7.62 	26.34
10.26 	-4.92 	22.44
3.48 	-3.17999 	17.88
-4.14 	-2.93999 	12.96
-11.58 	-4.67999 	7.5
-18.66 	-8.45999 	1.5
-23.4 	-13.92 	-5.34
-25.62 	-20.64 	-11.4
-25.32 	-27.66 	-17.52
-21.78 	-33.66 	-23.16
-16.02 	-37.98 	-27.9
-9.59999 	-40.38 	-32.28
-3.59999 	-40.92 	-35.76
1.56 	-40.14 	-38.46
4.92 	-38.34 	-40.68
5.7 	-36.18 	-41.46
3.71999 	-33.9 	-40.98
-1.67999 	-32.88 	-38.28
-8.51999 	-33.24 	-35.1
-15.66 	-34.8 	-30.66
-22.14 	-36.78 	-25.02
-27.48 	-38.22 	-18.18
-31.56 	-38.58 	-10.44
-33.78 	-37.2 	-2.51999
-34.26 	-34.5 	4.85999
-31.8 	-30.66 	10.5
-27.84 	-25.2 	15.24
-22.62 	-19.2 	18.84
-16.38 	-13.14 	20.52
-9.59999 	-7.73999 	20.94
-2.93999 	-3.29999 	19.92
3.17999 	0.119995 	17.7
8.93999 	2.64 	14.88
13.02 	4.37999 	11.4
15.36 	5.21999 	7.92
16.08 	5.64 	4.43999
15 	5.81999 	1.67999
12.18 	6 	-1.01999
7.98 	5.45999 	-3.59999
2.75999 	4.37999 	-5.75999
-3.59999 	1.73999 	-7.56
-10.32 	-1.85999 	-8.51999
-16.68 	-7.2 	-9.84
-22.08 	-13.74 	-11.4
-25.98 	-21.18 	-13.44
-27.84 	-29.22 	-15.72
-27.84 	-36.84 	-17.88
-26.4 	-44.28 	-20.1
-23.4 	-50.28 	-22.5
-18.9 	-55.08 	-25.44
-14.4 	-58.08 	-27.9
-10.08 	-59.76 	-29.94
-6 	-60.48 	-31.86
-2.64 	-60.12 	-33.3
0.119995 	-59.7 	-34.26
2.64 	-58.44 	-34.32
4.43999 	-57.54 	-34.86
5.93999 	-56.52 	-35.64
7.25999 	-56.1 	-35.82
8.34 	-55.38 	-35.76
9 	-54.72 	-36.06
9.53999 	-54.3 	-36.6
9.71999 	-53.82 	-36.96
8.87999 	-53.64 	-38.22
7.92 	-53.04 	-38.64
6 	-52.68 	-38.58
3.29999 	-51.48 	-38.88
-0.659988 	-50.16 	-38.1
-5.81999 	-48.6 	-36.42
-11.76 	-46.98 	-32.76
-17.64 	-44.64 	-27.54
-22.8 	-42.3 	-20.82
-26.94 	-39.24 	-13.14
-29.58 	-35.4 	-4.79999
-30 	-31.2 	4.14
-27.3 	-26.88 	11.82
-21.78 	-22.14 	18.9
-14.52 	-17.76 	23.58
-5.93999 	-13.8 	25.8
2.93999 	-10.08 	26.04
11.4 	-7.37999 	24.66
19.14 	-5.39999 	22.02
25.32 	-3.95999 	18.3
29.82 	-3.06 	14.1
32.4 	-2.39999 	10.02
33.24 	-1.79999 	6.23999
32.46 	-0.779999 	2.93999
30.78 	0.419998 	-0.0599976
28.02 	1.92 	-1.98
24.24 	3.35999 	-3.42
19.32 	4.37999 	-4.43999
13.5 	5.09999 	-4.98
6 	5.09999 	-4.62
-1.07999 	3.35999 	-5.09999
-8.15999 	-0.299988 	-5.93999
-15.06 	-5.28 	-7.01999
-20.82 	-11.58 	-8.87999
-25.14 	-18.54 	-11.04
-27.48 	-26.04 	-13.56
-28.14 	-33.24 	-16.92
-26.34 	-40.32 	-20.82
-22.98 	-45.66 	-24.24
-18.54 	-49.26 	-27.48
-13.14 	-51.48 	-30.18
-7.92 	-52.68 	-32.82
-2.93999 	-52.56 	-35.1
1.37999 	-51.96 	-37.08
4.73999 	-50.94 	-38.4
7.31999 	-49.62 	-39.78
8.7 	-48.36 	-40.68
8.87999 	-46.32 	-40.32
7.5 	-44.82 	-41.16
5.28 	-42.9 	-41.16
1.56 	-41.46 	-40.86
-2.75999 	-39.48 	-40.02
-7.56 	-37.74 	-38.52
-12.66 	-36.12 	-36.6
-18 	-35.16 	-33.78
-23.7 	-35.16 	-30.78
-28.32 	-35.4 	-25.62
-32.1 	-36.42 	-19.5
-33.78 	-38.52 	-12.36
-33.96 	-41.04 	-4.01999
-32.1 	-43.98 	4.25999
-28.2 	-46.14 	12.78
-22.62 	-47.52 	20.4
-15.3 	-48 	27.18
-7.25999 	-48 	32.4
1.2 	-46.98 	36
8.39999 	-44.7 	39.06
15.3 	-41.4 	39.6
20.46 	-36.9 	39.24
23.52 	-31.98 	37.92
24.48 	-26.58 	36.36
23.4 	-21.54 	34.2
20.52 	-16.2 	31.92
15.9 	-11.22 	29.16
10.62 	-7.01999 	24.72
3.48 	-4.14 	20.46
-3.78 	-2.93999 	16.02
-11.04 	-4.01999 	11.28
-17.94 	-6.89999 	6.48
-24.06 	-10.86 	1.62
-28.92 	-16.74 	-3.06
-32.28 	-23.16 	-7.43999
-33.54 	-29.94 	-11.58
-33.24 	-36.6 	-15.18
-31.74 	-43.02 	-18.66
-29.28 	-48.6 	-20.82
-25.8 	-53.1 	-22.08
-22.08 	-57 	-22.26
-17.4 	-59.58 	-23.1
-13.62 	-61.5 	-24.9
-10.8 	-62.64 	-25.68
-8.64 	-62.94 	-26.58
-7.2 	-62.46 	-27.12
-6.48 	-61.68 	-28.62
-6.29999 	-61.14 	-30.48
-5.93999 	-60.48 	-33
-6.84 	-59.52 	-34.62
-7.07999 	-58.62 	-34.68
-7.25999 	-57.54 	-35.28
-7.43999 	-57.36 	-35.4
-7.62 	-57.24 	-35.4
-7.56 	-57.6 	-35.76
-7.92 	-57.6 	-35.4
-7.92 	-57.78 	-35.16
-8.45999 	-58.32 	-34.44
-9 	-59.22 	-33.9
-9.42 	-60.12 	-33.12
-9.35999 	-61.38 	-32.16
-8.81999 	-62.76 	-31.2
-7.79999 	-64.32 	-29.7
-6 	-66 	-28.44
-4.2 	-67.92 	-26.52
-1.14 	-69.54 	-24.48
2.45999 	-70.8 	-22.38
6.78 	-71.46 	-20.82
11.7 	-70.62 	-20.28
16.74 	-68.28 	-20.1
21.78 	-65.04 	-20.1
26.4 	-60.24 	-20.34
30.78 	-54.36 	-20.88
34.14 	-47.88 	-21.78
37.32 	-41.4 	-22.38
39.48 	-35.16 	-22.38
40.62 	-30 	-21.42
41.28 	-25.86 	-20.1
41.82 	-22.08 	-18.72
42.18 	-19.8 	-17.1
42.9 	-18.96 	-15.96
43.68 	-19.44 	-14.94
44.22 	-21.06 	-14.46
44.82 	-23.88 	-14.28
45.24 	-27.66 	-14.4
45.06 	-32.82 	-14.4
43.8 	-39.12 	-14.58
41.22 	-45.78 	-14.88
36.66 	-52.74 	-14.4
31.02 	-59.28 	-12.72
25.14 	-64.74 	-10.26
18.78 	-69.3 	-6.71999
12.84 	-72.42 	-2.64
6.95999 	-74.58 	1.62
1.14 	-75.12 	6.35999
-4.14 	-75.3 	9.89999
-8.45999 	-74.52 	11.82
-12 	-73.26 	12.36
-15.42 	-72.06 	12.06
-18.54 	-70.62 	10.56
-22.2 	-69.18 	7.92
-25.68 	-67.44 	4.98
-28.32 	-66 	1.07999
-30.3 	-64.2 	-1.62
-31.62 	-62.58 	-3.23999
-32.82 	-60.78 	-4.43999
-33.9 	-58.98 	-5.34
-35.34 	-57.18 	-6.06
-36.24 	-55.44 	-6.12
-36.84 	-54.12 	-6.06
-37.5 	-53.1 	-5.34
-38.22 	-52.14 	-4.01999
-38.58 	-51.3 	-2.7
-39.12 	-50.88 	-1.01999
-39.3 	-50.34 	0.719986
-39.12 	-50.4 	3
-38.28 	-51.06 	5.45999
-37.74 	-51.24 	8.57999
-36.84 	-50.22 	11.52
-36.12 	-47.7 	14.16
-35.16 	-43.44 	16.2
-33.36 	-38.16 	16.92
-31.44 	-32.46 	16.8
-29.82 	-26.52 	15.78
-29.04 	-20.34 	13.92
-28.14 	-14.58 	11.1
-27.6 	-10.26 	7.92
-27.12 	-8.09999 	4.07999
-27.66 	-7.79999 	0
-28.38 	-9.35999 	-3.84
-29.28 	-12 	-7.43999
-29.76 	-14.58 	-10.98
-29.4 	-17.82 	-14.76
-28.2 	-21.6 	-18.66
-26.4 	-25.26 	-22.74
-23.4 	-28.32 	-26.52
-19.26 	-30.9 	-29.94
-15.12 	-32.1 	-32.58
-10.86 	-31.92 	-34.68
-6.53999 	-30.72 	-36.24
-2.93999 	-28.68 	-36.54
0.0599976 	-25.8 	-35.76
2.45999 	-22.62 	-35.22
4.07999 	-19.74 	-34.44
4.85999 	-17.04 	-33.66
5.03999 	-15.12 	-32.82
4.73999 	-14.28 	-32.58
4.31999 	-14.58 	-32.52
3.65999 	-15.3 	-33
3.29999 	-16.56 	-34.08
3.23999 	-17.88 	-34.62
3.65999 	-19.38 	-35.22
4.56 	-21.36 	-36
5.03999 	-22.14 	-36.6
5.28 	-22.14 	-36.42
5.57999 	-21.72 	-36.12
5.57999 	-20.46 	-35.22
5.21999 	-18.72 	-34.2
4.73999 	-16.56 	-32.7
3.65999 	-14.22 	-31.08
2.15999 	-11.16 	-29.28
1.31999 	-9.23999 	-27.84
0.779999 	-7.98 	-26.64
0.23999 	-6.84 	-25.62
0.299988 	-6.35999 	-25.02
0.23999 	-5.93999 	-24.6
0.119995 	-6 	-24.48
-0.119995 	-5.93999 	-24.48
-0.23999 	-6 	-24.3
-0.359985 	-5.93999 	-24.3
-0.23999 	-5.75999 	-24.06
-0.23999 	-5.93999 	-23.88
-0.359985 	-5.81999 	-23.88
-0.539993 	-6 	-24.06
-0.719986 	-6.12 	-24.06
-0.539993 	-6.17999 	-24.12
-0.23999 	-6.17999 	-24.3
-0.119995 	-6.17999 	-24.6
-0.23999 	-6.35999 	-24.78
0.0599976 	-6.48 	-24.78
0.119995 	-6.48 	-24.66
0.419998 	-6.48 	-24.84
0.299988 	-6.65999 	-24.84
0.23999 	-6.65999 	-24.84
0.23999 	-6.71999 	-24.66
0.23999 	-6.84 	-24.66
