-5.96999 	-35.21 	-24.85
-5.62 	-35.22 	-24.86
-5.79999 	-34.61 	-24.57
-5.79999 	-34.61 	-24.57
-6.12999 	-34.61 	-24.56
-6.12999 	-34.61 	-24.56
-6.12999 	-34.61 	-24.56
-5.82999 	-34.31 	-25.19
-5.43999 	-34.92 	-24.58
-5.56999 	-34.02 	-23.1
-5.29999 	-34.31 	-24.91
-5.71999 	-34.62 	-22.77
-6.10999 	-33.41 	-23.4
-5.73 	-34.02 	-22.79
-6.14 	-35.51 	-25.13
-5.95 	-33.41 	-23.71
-5.95 	-34.61 	-24.27
-5.90999 	-35.52 	-23.63
-5.78 	-34.01 	-23.99
-5.98999 	-34.31 	-24.88
-5.79999 	-34.31 	-24.58
-5.23 	-34.02 	-23.11
-5.42999 	-34.32 	-24
-5.54999 	-34.62 	-23.08
-6.10999 	-34.31 	-23.97
-6.26999 	-33.41 	-23.09
-6.98999 	-33.11 	-23.68
-6.64 	-33.41 	-23.68
-5.90999 	-35.22 	-23.64
-6.5 	-32.81 	-24.01
-6.17 	-34.31 	-25.17
-6.31999 	-33.71 	-24.28
-5.79999 	-34.31 	-24.58
-6.32999 	-34.31 	-24.87
-5.39999 	-33.41 	-22.82
-6.31999 	-33.71 	-24.28
-5.09999 	-34.62 	-24.6
-6.07999 	-33.71 	-22.79
-5.56 	-33.41 	-26.44
-5.14 	-34.31 	-25.21
-5.98 	-34.61 	-24.87
-5.45999 	-34.01 	-24.61
-6.17999 	-33.71 	-25.19
-5.60999 	-34.31 	-24.29
-5.39 	-34.92 	-23.37
-6.14 	-33.41 	-24
-5.84 	-34.01 	-25.2
-6.15999 	-32.51 	-24.03
-5.60999 	-34.31 	-24.29
-5.53 	-34.32 	-22.48
-5.81 	-34.01 	-24.6
-5.98 	-33.41 	-24.31
-6.10999 	-34.31 	-23.97
-6.32999 	-33.41 	-24.29
-5.95999 	-33.11 	-23.72
-6.14 	-34.31 	-24.57
-6.37999 	-33.41 	-25.5
-6.67999 	-33.71 	-24.87
-5.42 	-34.62 	-23.99
-6.14999 	-33.71 	-24.59
-5.45999 	-34.01 	-24.61
-5.53 	-34.32 	-22.48
-6.17999 	-33.71 	-25.19
-6.12999 	-33.71 	-23.99
-5.43999 	-34.01 	-24.01
-6.65999 	-32.51 	-23.71
-5.73 	-34.02 	-22.79
-5.82999 	-33.11 	-24.63
-6.23999 	-33.71 	-22.48
-6.12999 	-32.51 	-23.43
-6.04999 	-33.71 	-22.18
-5.92999 	-34.31 	-23.67
-6.17 	-33.11 	-24.61
-5.96999 	-34.01 	-24.29
-6.10999 	-34.31 	-23.97
-5.98999 	-33.11 	-24.32
-5.54999 	-34.62 	-23.08
-5.64 	-33.11 	-24.33
-5.75999 	-35.22 	-23.95
-5.95 	-33.41 	-23.71
-6.31 	-32.81 	-23.71
-5.81 	-34.01 	-24.6
-5.45999 	-33.11 	-24.04
-6.28 	-34.31 	-23.66
-5.95 	-34.61 	-24.27
-5.60999 	-33.41 	-23.72
-5.95 	-33.41 	-23.71
-6.09999 	-33.71 	-23.39
-6.68999 	-33.41 	-24.88
-5.60999 	-33.41 	-23.72
-5.48 	-34.31 	-25.2
-5.98999 	-34.31 	-24.88
-6.37999 	-33.41 	-25.5
-5.96999 	-35.21 	-24.85
-6.75999 	-33.71 	-22.76
-6.14999 	-33.71 	-24.59
-6.00999 	-33.41 	-24.91
-6.09999 	-33.71 	-23.39
-5.78 	-33.11 	-23.42
-6.48 	-33.41 	-23.99
-6.48 	-33.41 	-23.99
-6.31 	-34.31 	-24.26
-5.98 	-33.41 	-24.31
-5.56999 	-34.02 	-23.1
-5.92999 	-34.61 	-23.66
-6.65999 	-33.41 	-24.28
-5.64 	-33.11 	-24.33
-5.92999 	-34.31 	-23.67
-5.92999 	-34.31 	-23.67
-6.14 	-33.41 	-24
-5.81 	-34.01 	-24.6
-5.62999 	-33.41 	-24.32
-5.64999 	-34.01 	-24.9
-6.17 	-33.11 	-24.61
-5.79999 	-34.61 	-24.57
-6.14999 	-33.71 	-24.59
-5.96999 	-34.01 	-24.29
-6.29999 	-33.41 	-23.69
-5.92999 	-34.31 	-23.67
-5.48 	-34.31 	-25.2
-6.42 	-33.71 	-22.77
-6.14999 	-33.71 	-24.59
-5.45999 	-34.01 	-24.61
-5.96999 	-34.01 	-24.29
-6.29999 	-33.41 	-23.69
-6.5 	-32.81 	-24.01
-6.00999 	-33.41 	-24.91
-6.14 	-33.41 	-24
-6.28 	-34.31 	-23.66
-6.32999 	-33.41 	-24.29
-6.48 	-33.41 	-23.99
-5.78 	-34.31 	-23.98
-6.12999 	-33.71 	-23.99
-5.79999 	-34.31 	-24.58
-5.95 	-32.51 	-23.13
-5.92999 	-34.31 	-23.67
-6.45 	-33.71 	-23.37
-6.37 	-32.5 	-24.93
-5.84 	-34.01 	-25.2
-5.98 	-33.41 	-24.31
-6.34999 	-32.51 	-24.33
-6.15999 	-32.21 	-24.04
-6.45999 	-33.41 	-23.38
-6.29999 	-33.41 	-23.69
-6.28 	-34.31 	-23.66
-6.32999 	-33.41 	-24.29
-6.39999 	-32.5 	-25.53
-6.12999 	-33.71 	-23.99
-6.31999 	-33.71 	-24.28
-5.98 	-34.61 	-24.87
-5.76999 	-33.41 	-23.41
-6.00999 	-34.61 	-25.47
-6.06 	-33.41 	-26.12
-6.14 	-33.41 	-24
-6.46999 	-33.71 	-23.98
-5.60999 	-34.31 	-24.29
-5.82999 	-33.41 	-24.62
-5.96999 	-34.01 	-24.29
-5.82999 	-33.11 	-24.63
-5.60999 	-33.11 	-23.73
-5.45999 	-34.01 	-24.61
-5.62999 	-34.91 	-24.87
-6.17 	-34.31 	-25.17
-5.93999 	-34.01 	-23.69
-5.93999 	-34.01 	-23.69
-5.60999 	-33.11 	-23.73
-5.64 	-33.11 	-24.33
-5.60999 	-33.41 	-23.72
-6.14 	-33.41 	-24
-6.37999 	-33.41 	-25.5
-6.03 	-33.41 	-25.51
-5.79999 	-33.41 	-24.01
-5.14 	-34.31 	-25.21
-5.82999 	-33.11 	-24.63
-5.64 	-34.31 	-24.89
-6.32999 	-33.41 	-24.29
-5.48 	-34.31 	-25.2
-5.76999 	-33.41 	-23.41
-6.10999 	-33.41 	-23.4
-5.96999 	-35.21 	-24.85
-6.10999 	-34.31 	-23.97
-5.78 	-34.31 	-23.98
-6.14 	-33.11 	-24.01
-5.98 	-33.41 	-24.31
-6.28999 	-33.71 	-23.68
-6.65999 	-33.71 	-24.27
-6.34999 	-32.51 	-24.33
-5.62999 	-33.41 	-24.32
-5.82999 	-33.11 	-24.63
-6.2 	-33.11 	-25.22
-6.12999 	-33.71 	-23.99
-6.15999 	-33.41 	-24.6
-5.64 	-33.1 	-28.25
-4.68999 	-33.4 	-34.01
-5.62 	-35.22 	-24.86
-5.46999 	-34.91 	-25.18
-5.48 	-33.41 	-24.63
-6.62 	-34.31 	-23.65
-5.82999 	-33.41 	-24.62
-6.28999 	-33.71 	-23.68
-5.60999 	-33.41 	-23.72
-6.65999 	-33.41 	-24.28
-5.45 	-33.41 	-24.03
-5.59 	-35.22 	-24.26
-6.48999 	-34.31 	-24.56
-5.65999 	-33.41 	-24.92
-6.00999 	-33.41 	-24.91
-5.60999 	-34.31 	-24.29
-5.98 	-34.61 	-24.87
-5.76999 	-33.41 	-23.41
-6.15999 	-33.41 	-24.6
-5.78 	-34.01 	-23.99
-6.17999 	-33.71 	-25.19
-5.40999 	-34.32 	-23.39
-5.40999 	-34.32 	-23.39
-5.78 	-34.01 	-23.99
-5.95 	-34.61 	-24.27
-6.53999 	-33.1 	-25.2
-5.59 	-35.22 	-24.26
-5.45999 	-34.01 	-24.61
-5.82999 	-34.31 	-25.19
-5.98999 	-34.31 	-24.88
-6.31999 	-33.71 	-24.28
-6.28999 	-33.71 	-23.68
-5.81 	-33.11 	-24.02
-5.87999 	-33.41 	-25.82
-5.64 	-33.11 	-24.33
-6.15999 	-32.51 	-24.03
-6.14999 	-35.21 	-25.14
-6.71999 	-32.2 	-24.92
-5.48 	-34.31 	-25.2
-6.14999 	-33.71 	-24.59
-5.85999 	-34.31 	-25.79
-5.96999 	-34.01 	-24.29
-5.98999 	-34.31 	-24.88
-6.18999 	-34.31 	-25.78
-5.62 	-34.01 	-24.3
-6.53999 	-33.1 	-25.2
-6.31999 	-33.71 	-24.28
-5.23 	-35.22 	-23.67
-5.60999 	-33.41 	-23.72
-5.82999 	-32.21 	-24.05
-6.00999 	-33.41 	-24.91
-5.68999 	-33.41 	-25.53
-5.78 	-34.31 	-23.98
-6.10999 	-34.31 	-23.97
-6.06 	-34.31 	-22.76
-6.12999 	-34.61 	-24.56
-4.96999 	-33.71 	-24.94
-6.15999 	-32.51 	-24.03
-5.87 	-32.81 	-25.24
-5.39 	-34.92 	-23.37
-6.5 	-32.51 	-24.02
-5.40999 	-35.22 	-23.97
-6.14999 	-33.71 	-24.59
-5.95 	-33.41 	-23.71
-5.78 	-34.01 	-23.99
-5.79999 	-34.61 	-24.57
-5.78 	-34.31 	-23.98
-5.95 	-34.61 	-24.27
-5.48 	-34.31 	-25.2
-6.50999 	-33.41 	-24.59
-5.59 	-34.01 	-23.7
-5.65999 	-33.41 	-24.92
-6.31 	-34.31 	-24.26
-6.60999 	-33.4 	-27
-5.12999 	-33.71 	-24.63
-5.79999 	-34.61 	-24.57
-6.34 	-32.81 	-24.31
-5.64999 	-34.01 	-24.9
-5.95999 	-33.11 	-23.72
-5.85999 	-34.31 	-25.79
-5.50999 	-34.31 	-25.8
-5.92999 	-33.11 	-23.11
-5.96999 	-32.51 	-23.74
-5.78 	-33.11 	-23.42
-6.14999 	-33.71 	-24.59
-6.14 	-33.11 	-24.01
-5.82999 	-33.41 	-24.62
-6.12999 	-33.71 	-23.99
-6.12999 	-33.71 	-23.99
-5.2 	-34.32 	-22.5
-6.14999 	-33.71 	-24.59
-6.21999 	-32.2 	-25.25
-6.50999 	-33.41 	-24.59
-5.45 	-33.41 	-24.03
-5.79999 	-33.41 	-24.01
-5.84 	-34.01 	-25.2
-5.64999 	-34.01 	-24.9
-5.84 	-34.01 	-25.2
-6.28 	-34.31 	-23.66
-5.21999 	-34.32 	-23.1
-5.96999 	-32.51 	-23.74
-5.95 	-33.41 	-23.71
-5.89 	-33.71 	-22.49
-6.14999 	-33.71 	-24.59
-6.10999 	-34.31 	-23.97
-6.31999 	-33.71 	-24.28
-5.62 	-34.01 	-24.3
-5.81 	-33.11 	-24.02
-5.48999 	-33.11 	-24.64
-5.92999 	-34.31 	-23.67
-5.42 	-34.62 	-23.99
-5.57999 	-34.62 	-23.68
-6.28999 	-33.71 	-23.68
-5.82999 	-34.31 	-25.19
-5.81 	-34.01 	-24.6
-6.32999 	-33.41 	-24.29
-5.92999 	-34.31 	-23.67
-5.79999 	-34.31 	-24.58
-5.57999 	-34.62 	-23.68
-6.31 	-34.31 	-24.26
-5.42999 	-33.41 	-23.42
-5.64 	-34.31 	-24.89
-5.79999 	-34.31 	-24.58
-6.14 	-33.41 	-24
-5.62999 	-34.91 	-24.87
-5.79999 	-34.31 	-24.58
-5.46999 	-32.81 	-24.05
-6.28 	-34.31 	-23.66
-5.92999 	-34.31 	-23.67
-5.45999 	-34.01 	-24.61
-6.53999 	-33.1 	-25.2
-6.17 	-34.31 	-25.17
-5.84 	-34.01 	-25.2
-5.42 	-34.62 	-23.99
-6.37 	-33.71 	-25.49
-5.64 	-34.31 	-24.89
-5.40999 	-35.22 	-23.97
-6.37 	-32.5 	-24.93
-6.48 	-33.41 	-23.99
-5.98 	-33.41 	-24.31
-5.98 	-33.41 	-24.31
-6.14 	-33.41 	-24
-5.78 	-34.01 	-23.99
-6.14999 	-35.21 	-25.14
-5.95 	-33.41 	-23.71
-5.98 	-33.41 	-24.31
-5.48 	-34.31 	-25.2
-6.23 	-33.71 	-26.4
-6.10999 	-34.31 	-23.97
-6.14 	-33.41 	-24
-5.79999 	-34.61 	-24.57
-6.00999 	-33.41 	-24.91
-5.64 	-33.11 	-24.33
-6.06 	-33.41 	-26.12
-5.78 	-34.31 	-23.98
-5.54999 	-34.62 	-23.08
-5.95 	-34.61 	-24.27
-5.48 	-33.41 	-24.63
-6.09999 	-33.71 	-23.39
-6.28 	-34.31 	-23.66
-6.12999 	-33.71 	-23.99
-5.60999 	-34.31 	-24.29
-5.78 	-34.31 	-23.98
-6.14 	-33.41 	-24
-5.79999 	-34.31 	-24.58
-5.45 	-33.41 	-24.03
-6.14 	-34.31 	-24.57
-5.75999 	-36.12 	-24.52
-6.31 	-32.81 	-23.71
-5.82999 	-33.41 	-24.62
-5.98 	-33.41 	-24.31
-6.45 	-33.71 	-23.37
-5.95 	-33.41 	-23.71
-6.28 	-34.31 	-23.66
-6.10999 	-33.41 	-23.4
-5.95 	-34.61 	-24.27
-5.64999 	-32.51 	-24.35
-6.00999 	-34.31 	-25.48
-6.89 	-32.8 	-25.2
-6.28999 	-32.51 	-23.12
-6.03 	-32.51 	-24.94
-6.14 	-33.11 	-24.01
-5.39 	-34.92 	-23.37
-5.31999 	-33.71 	-24.93
-5.76999 	-33.41 	-23.41
-5.42 	-34.62 	-23.99
-5.89999 	-34.62 	-23.06
-6.71999 	-33.4 	-25.49
-5.42 	-34.62 	-23.99
-5.48999 	-33.11 	-24.64
-5.81 	-33.11 	-24.02
-5.79999 	-33.41 	-24.01
-5.73 	-35.22 	-23.35
-6.12999 	-33.71 	-23.99
-5.93999 	-34.01 	-23.69
-5.42 	-34.62 	-23.99
-6.14999 	-33.71 	-24.59
-6.14 	-33.41 	-24
-5.82999 	-33.41 	-24.62
-6.12 	-33.11 	-23.41
-5.78 	-34.31 	-23.98
-6.29999 	-33.41 	-23.69
-6.62999 	-33.71 	-23.67
-5.42 	-34.62 	-23.99
-6.82999 	-32.81 	-23.99
-5.73 	-35.22 	-23.35
-5.53999 	-34.02 	-22.49
-6.12999 	-33.71 	-23.99
-6.34999 	-33.71 	-24.89
-6.34999 	-33.71 	-24.89
-6.28999 	-33.71 	-23.68
-5.81 	-34.01 	-24.6
-6.78999 	-33.41 	-23.37
-6.48999 	-34.31 	-24.56
-6.32999 	-34.61 	-24.86
-5.81 	-34.01 	-24.6
-5.90999 	-35.52 	-23.63
-6.48 	-32.51 	-23.42
-6.28 	-34.31 	-23.66
-5.95 	-34.61 	-24.27
-5.81 	-34.01 	-24.6
-6.48 	-34.61 	-24.55
-6.09999 	-33.71 	-23.39
-5.56999 	-35.22 	-23.66
-6.64999 	-32.81 	-23.7
-5.96999 	-34.01 	-24.29
-5.37999 	-34.32 	-22.79
-6.81 	-32.81 	-23.39
-6.40999 	-34.31 	-22.75
-6.50999 	-33.41 	-24.59
-7.01999 	-33.1 	-24.28
-6.28 	-34.31 	-23.66
-5.95 	-33.41 	-23.71
-6.45999 	-33.41 	-23.38
-5.98999 	-34.31 	-24.88
-6.25 	-34.31 	-23.06
-5.78 	-34.01 	-23.99
-6.00999 	-34.31 	-25.48
-6.29999 	-33.41 	-23.69
-6.46999 	-33.71 	-23.98
-6.06 	-34.31 	-22.76
-6.5 	-32.81 	-24.01
-5.09 	-34.02 	-24.02
-5.96999 	-34.01 	-24.29
-6.12999 	-33.71 	-23.99
-6.00999 	-33.41 	-24.91
-5.76999 	-33.41 	-23.41
-6.12 	-33.11 	-23.41
-5.90999 	-34.31 	-23.07
-6.67999 	-32.5 	-24.31
-6.17 	-33.11 	-24.61
-5.79999 	-34.31 	-24.58
-5.45 	-33.41 	-24.03
-6.34 	-32.81 	-24.31
-5.95 	-33.41 	-23.71
-6.45999 	-33.41 	-23.38
-6.46999 	-33.71 	-23.98
-5.29999 	-34.31 	-24.91
-5.81 	-33.11 	-24.02
-6.12999 	-33.71 	-23.99
-5.79999 	-34.31 	-24.58
-6.67999 	-33.71 	-24.87
-6.14999 	-33.71 	-24.59
-5.96999 	-35.21 	-24.85
-5.62999 	-33.41 	-24.32
-5.84 	-34.01 	-25.2
-6.00999 	-34.61 	-25.47
-5.12 	-34.01 	-24.62
-5.81 	-34.01 	-24.6
-6.03 	-33.41 	-25.51
-6.15999 	-33.41 	-24.6
-5.39 	-34.92 	-23.37
-5.78 	-34.01 	-23.99
-5.93999 	-34.01 	-23.69
-6.29999 	-33.41 	-23.69
-5.98 	-34.61 	-24.87
-6.62 	-34.31 	-23.65
-5.64999 	-34.01 	-24.9
-6.28999 	-33.71 	-23.68
-6.32999 	-34.31 	-24.87
-5.79999 	-34.31 	-24.58
-5.98 	-33.41 	-24.31
-6.07999 	-33.71 	-22.79
-5.90999 	-34.31 	-23.07
-6.31999 	-33.71 	-24.28
-6.12999 	-34.61 	-24.56
-6.14 	-33.41 	-24
-5.87999 	-34.32 	-22.47
-6.14 	-34.31 	-24.57
-6.34 	-32.81 	-24.31
-5.79999 	-34.61 	-24.57
-6.31 	-34.31 	-24.26
-5.40999 	-34.32 	-23.39
-5.82999 	-33.11 	-24.63
-6.56 	-32.5 	-25.22
-6.2 	-33.11 	-25.22
-6.29999 	-34.61 	-24.25
-6.14 	-33.41 	-24
-5.42 	-34.62 	-23.99
-6.14 	-33.41 	-24
-5.96999 	-34.01 	-24.29
-5.40999 	-34.32 	-23.39
-6.45999 	-33.41 	-23.38
-5.89999 	-33.41 	-22.5
-5.60999 	-34.31 	-24.29
-5.95 	-34.61 	-24.27
-5.98 	-33.41 	-24.31
-6.14 	-34.31 	-24.57
-5.28999 	-34.92 	-24.89
-5.37999 	-34.32 	-22.79
-6.29999 	-33.41 	-23.69
-5.90999 	-34.31 	-23.07
-6.14 	-33.41 	-24
-5.71999 	-34.62 	-22.77
-5.79999 	-34.61 	-24.57
-6.09999 	-33.71 	-23.39
-5.96999 	-32.51 	-23.74
-5.95 	-33.41 	-23.71
-5.71999 	-34.62 	-22.77
-5.84 	-34.01 	-25.2
-5.56 	-34.32 	-23.09
-5.45999 	-33.11 	-24.04
-4.54999 	-33.42 	-23.16
-3.75 	-34.32 	-24.66
-2.53999 	-33.72 	-24.43
-2.37 	-35.53 	-25.28
-2.32999 	-34.93 	-24.09
-1.7 	-35.83 	-25.9
-1.87 	-34.33 	-25.04
-0.599991 	-34.34 	-23.58
-0.25 	-34.64 	-23.58
-0.0899963 	-34.94 	-23.88
0.369995 	-34.34 	-24.82
0.869995 	-34.34 	-25.14
1.23999 	-34.94 	-25.14
1.96999 	-34.95 	-23.96
2.25 	-34.65 	-25.19
2.31 	-34.95 	-23.97
2.67 	-35.55 	-23.96
2.09999 	-34.95 	-24.87
2.39 	-33.74 	-25.52
2.96999 	-34.65 	-24.61
3.53999 	-35.26 	-23.71
4.00999 	-34.05 	-24.07
4.28 	-34.65 	-25.87
5.53999 	-34.06 	-24.43
5.81 	-32.25 	-25.1
7.57999 	-34.67 	-25.09
8.28 	-33.77 	-24.54
10.06 	-34.38 	-23.38
10.59 	-33.77 	-26.44
11.09 	-32.57 	-26.2
12.66 	-31.98 	-25.38
13.16 	-31.68 	-25.71
14.22 	-31.99 	-25.14
14.49 	-30.78 	-26.39
15.9 	-31.69 	-25.81
17.56 	-29.59 	-25.95
17.97 	-30.8 	-25.32
18.47 	-29.9 	-25.07
18.93 	-29 	-26.02
19.34 	-28.7 	-24.24
19.97 	-29.6 	-26.04
19.61 	-27.8 	-25.49
19.71 	-28.7 	-27.57
20.6 	-28.4 	-26.71
19.94 	-28.4 	-26.08
20.09 	-26.9 	-25.84
20.81 	-28.7 	-25.81
20.49 	-26.9 	-24.65
21.27 	-26.6 	-26.2
21.29 	-26.3 	-25.61
21.63 	-26.3 	-25.62
21.76 	-26.3 	-26.53
22.72 	-27.81 	-25.01
22.78 	-24.8 	-26.02
23 	-26.91 	-26.25
22.64 	-26.3 	-26.26
23.2 	-25.71 	-24.8
23 	-25.7 	-25.69
23.31 	-24.8 	-25.74
23.99 	-24.5 	-25.77
24.17 	-25.11 	-26.06
23.44 	-23.6 	-26.08
24.19 	-25.11 	-25.46
24.46 	-24.2 	-26.71
24.71 	-24.81 	-25.19
24.46 	-24.2 	-26.71
24.96 	-23 	-26.47
24.98 	-23 	-25.86
25.31 	-23.31 	-26.47
25.99 	-23.01 	-26.5
25.86 	-23.31 	-25.58
26.37 	-22.41 	-25.33
26.33 	-21.81 	-25.96
26.87 	-22.11 	-25.66
26.98 	-22.41 	-27.17
26.5 	-21.21 	-25.68
27.7 	-22.11 	-26
27.33 	-21.51 	-26.61
27.17 	-21.51 	-26.3
26.93 	-20.6 	-27.23
27.33 	-20.31 	-26.05
27.28 	-20.6 	-27.24
27.67 	-20.61 	-26.05
28.04 	-20.31 	-25.47
27.25 	-19.1 	-27.29
28.29 	-17.6 	-26.18
28.68 	-18.81 	-25.55
28.08 	-17.6 	-27.07
28.82 	-18.51 	-26.47
29.37 	-18.51 	-25.58
28.44 	-18.5 	-27.06
29.45 	-17.61 	-27.13
29.29 	-17.3 	-26.83
29.13 	-17.6 	-26.51
30 	-17.31 	-26.25
30.07 	-17.91 	-25.03
30.33 	-16.71 	-26.29
30.5 	-16.11 	-26.01
30.59 	-14.6 	-26.97
30.78 	-14.3 	-26.69
30.81 	-14.3 	-26.09
30.96 	-14.3 	-26.4
30.78 	-13.4 	-26.12
30.73 	-13.1 	-27.33
30.83 	-11.89 	-28.28
32.08 	-12.5 	-27.41
31.35 	-11.9 	-28
31.02 	-10.09 	-26.85
31.94 	-11 	-25.94
32.24 	-10.4 	-26.58
32.4 	-10.1 	-26.9
32.68 	-9.18999 	-27.54
32.74 	-9.5 	-26.33
32.63 	-9.18999 	-28.75
31.61 	-7.37999 	-27.57
31.2 	-6.48 	-28.79
32.13 	-7.98999 	-27.87
31.89 	-6.48 	-28.82
32.22 	-5.87999 	-28.85
32.37 	-5.87999 	-29.16
32.07 	-4.37999 	-27.39
32.33 	-4.06999 	-29.22
33.11 	-4.67999 	-27.42
32.96 	-4.98 	-27.1
32.74 	-4.37999 	-28.02
33.43 	-4.67999 	-28.03
32.94 	-2.87999 	-26.57
33.37 	-3.17999 	-28.69
33.17 	-2.26999 	-29.01
32.83 	-1.67 	-28.42
33.15 	-1.37 	-29.04
33.03 	-2.57999 	-28.09
32.77 	-1.37 	-29.63
32.85 	-1.37 	-27.82
33.01 	-0.469986 	-27.56
33.37 	-1.96999 	-28.12
33.2 	-0.469986 	-27.26
32.83 	-1.37 	-28.43
33.48 	-0.169998 	-28.49
32.46 	-0.469986 	-28.44
33.33 	-0.169998 	-28.18
32.76 	0.439987 	-29.09
33.31 	-0.769989 	-28.77
32.57 	0.73999 	-29.39
31.99 	1.64 	-30.31
31.9 	1.03999 	-28.78
31.86 	0.139999 	-29.95
32 	0.139999 	-30.86
31.82 	0.73999 	-30.57
30.97 	0.149994 	-30.82
31.26 	1.04999 	-31.47
30.75 	1.95 	-31.18
30.45 	1.04999 	-30.53
30.03 	1.95999 	-31.75
30.03 	1.95999 	-31.75
29.83 	2.56 	-32.07
28.93 	2.56 	-32.94
28.58 	3.17 	-32.95
27.12 	4.67999 	-34.15
26.96 	3.78 	-34.41
26.22 	4.09 	-35.6
25.53 	4.98999 	-35
23.94 	6.5 	-35.3
22.73 	7.40999 	-34.98
23.05 	5.29999 	-36.73
22.11 	7.10999 	-37.66
21.23 	7.71999 	-37.95
20.34 	8.32999 	-38.24
19.99 	7.42999 	-38.8
18.73 	9.53999 	-39.12
17.49 	9.53999 	-39.98
17.02 	9.23999 	-39.05
15.54 	11.36 	-40.27
14.73 	10.46 	-39.91
14.33 	11.36 	-40.53
12.93 	11.67 	-41.09
13.2 	12.57 	-38.41
11.37 	13.18 	-40.78
11.5 	12.88 	-41.68
10.35 	13.79 	-40.15
10.13 	14.09 	-41.06
9.14 	13.19 	-40.39
7.51999 	15.3 	-41.31
5.64 	16.51 	-40.37
5.34 	16.81 	-39.16
2.7 	18.33 	-40.02
2.31 	19.24 	-40.64
1.04999 	18.63 	-38.15
0.299988 	19.24 	-39.35
-1.00999 	18.04 	-38.66
-1.15999 	21.07 	-48.41
-4.01999 	21.36 	-38.96
-4.98999 	22.27 	-37.14
-4.50999 	24.1 	-52.61
-7.54999 	22.28 	-36.74
-10.56 	23.79 	-34.27
-11.67 	25 	-35.47
-12.49 	26.22 	-41.82
-13.95 	24.4 	-32.95
-15.3 	25.61 	-31.73
-15.91 	25.61 	-29.9
-16.88 	25.61 	-28.66
-17.37 	27.41 	-27.19
-18.05 	29.22 	-26.02
-19.59 	29.53 	-25.67
-20.22 	29.53 	-24.44
-21.49 	30.13 	-22
-23.57 	31.03 	-21.95
-24.93 	30.43 	-21.88
-26.25 	30.44 	-20.62
-26.7 	30.44 	-19.09
-27.74 	28.64 	-16.28
-29.44 	28.05 	-16.19
-30.19 	28.65 	-17.39
-31.63 	26.85 	-15.76
-32.24 	25.05 	-15.07
-32.74 	23.85 	-15.31
-34.06 	23.55 	-14.04
-35.25 	21.45 	-14.83
-35.63 	20.54 	-12.07
-36.96 	19.95 	-11.39
-36.87 	19.65 	-13.5
-37.36 	20.55 	-12.61
-36.78 	19.34 	-11.68
-36.98 	18.44 	-12.55
-37.01 	18.44 	-13.15
-37.22 	17.55 	-14.62
-36.52 	17.84 	-14.05
-37.14 	18.75 	-16.17
-36.94 	16.95 	-16.42
-37.05 	15.74 	-15.47
-37.02 	15.74 	-14.87
-36.72 	15.44 	-16.07
-37.56 	15.44 	-15.74
-36.86 	15.74 	-15.17
-37.27 	16.35 	-16.39
-38.1 	16.95 	-15.47
-38.07 	16.95 	-14.87
-37.79 	16.95 	-16.09
-38.04 	16.95 	-14.27
-37.86 	16.95 	-13.97
-37.69 	16.34 	-14.26
-37.89 	16.04 	-15.14
-37.84 	14.84 	-14.5
-37.38 	14.24 	-16.01
-37.72 	12.74 	-16.54
-38.77 	12.44 	-17.1
-38.2 	10.63 	-16.75
-38.47 	9.12999 	-16.09
-39.07 	8.82999 	-18.17
-39.14 	7.03 	-16.59
-39.64 	7.03 	-16.27
-39.22 	5.81999 	-15.04
-40.3 	7.03 	-15.64
-39.71 	5.51999 	-14.71
-39.97 	6.42999 	-16.24
-39.38 	3.71999 	-15.87
-39.51 	1.00999 	-16.07
-39.47 	-0.48999 	-16.02
-40 	0.709991 	-15.74
-38.8 	-1.7 	-17.21
-38.65 	-1.7 	-17.52
-39.13 	-2.59999 	-17.16
-38.43 	-3.5 	-17.16
-38.96 	-3.2 	-17.45
-39.23 	-2.59999 	-15.65
-38.52 	-5.00999 	-16.2
-38.68 	-5.00999 	-15.89
-38.87 	-5.00999 	-16.18
-38.87 	-6.20999 	-16.75
-39.26 	-3.79999 	-16.82
-38.89 	-4.10999 	-16.22
-38.84 	-5.00999 	-15.58
-38.53 	-5.60999 	-16.78
-38.84 	-5.00999 	-15.58
-38.45 	-6.81999 	-15.53
-38.11 	-6.81999 	-15.55
-37.94 	-5.92 	-15.28
-37.81 	-7.42 	-16.75
-38.53 	-6.81 	-17.34
-37.57 	-9.53 	-16.38
-37.56 	-7.71999 	-15.24
-37.45 	-8.92 	-17.31
-37.79 	-10.73 	-17.84
-37.41 	-9.53 	-16.69
-38.25 	-10.13 	-16.33
-37.72 	-11.33 	-16.61
-37.31 	-10.73 	-14.84
-37.99 	-10.73 	-14.81
-37.98 	-10.13 	-14.23
-37.96 	-12.24 	-14.76
-37.1 	-12.84 	-15.08
-37.79 	-12.84 	-15.05
-37.68 	-14.04 	-13.2
-36.94 	-15.25 	-12.58
-37.12 	-14.35 	-12.31
-36.53 	-17.06 	-11.93
-36.52 	-17.36 	-11.92
-35.93 	-17.97 	-10.42
-35.6 	-19.77 	-11.57
-35.58 	-20.68 	-11.54
-35.16 	-21.58 	-10.32
-34.78 	-21.89 	-9.71999
-33.4 	-23.7 	-10.32
-32.81 	-26.41 	-9.93999
-32.26 	-26.41 	-9.06
-31.2 	-27.62 	-9.06
-27.67 	-31.54 	-9.06
-26.38 	-32.75 	-7.56
-25.28 	-33.66 	-10.28
-23.26 	-35.17 	-8.18999
-21.01 	-37.89 	-9.09
-19.5 	-36.09 	-8.90999
-17.23 	-39.71 	-9.78
-16.4 	-39.41 	-10.12
-13.93 	-40.93 	-9.56
-12.55 	-41.53 	-9.59
-10.56 	-40.94 	-10.9
-8.84 	-40.94 	-10.96
-6.81 	-40.05 	-11.07
-6.01999 	-40.65 	-13.19
-5.35999 	-40.95 	-13.81
-5.32999 	-41.25 	-13.2
-4.64999 	-39.75 	-12.67
-4.78999 	-40.66 	-12.34
-4.59999 	-43.06 	-13.16
-4.67999 	-40.96 	-13.84
-5.42999 	-40.35 	-15.04
-4.46999 	-39.45 	-16.31
-3.89 	-40.35 	-15.4
-3.45 	-40.05 	-16.93
-2.45999 	-39.75 	-17.59
-3.00999 	-38.55 	-17.91
-2.64999 	-40.35 	-18.46
-2.78 	-39.45 	-16.98
-3.5 	-39.15 	-17.57
-4.85999 	-38.84 	-16.92
-4.89 	-39.74 	-18.1
-6.82999 	-37.63 	-18.4
-7 	-38.23 	-18.67
-6.43999 	-38.53 	-17.78
-6.12999 	-38.23 	-18.4
-5.39 	-38.54 	-17.21
-6.18999 	-37.93 	-19.62
-4.48999 	-37.34 	-19.7
-3.26999 	-37.64 	-19.44
-1.10999 	-37.35 	-21.04
-0.119995 	-37.05 	-21.69
1.95999 	-37.66 	-21.75
2.43999 	-37.06 	-22.09
3.09 	-36.76 	-22.73
3.81 	-37.06 	-22.14
3.46999 	-37.36 	-22.12
2.95999 	-37.06 	-21.81
2.25 	-37.06 	-22.39
1.75 	-37.06 	-22.07
1.62 	-38.26 	-21.72
0.789993 	-37.66 	-20.8
0.73999 	-37.65 	-22.01
0.539993 	-37.05 	-22.32
1.57999 	-37.36 	-22.35
2.65999 	-37.36 	-21.18
2.12999 	-37.36 	-21.47
2.76999 	-36.46 	-22.13
4.85999 	-36.77 	-21.59
5.75 	-37.37 	-21.3
6.2 	-35.27 	-21.7
7.31999 	-37.08 	-20.47
8.06999 	-36.48 	-22.63
8.79999 	-36.18 	-21.46
9.68999 	-36.79 	-21.17
8.46999 	-37.69 	-22
7.89 	-36.48 	-22.93
7.06999 	-37.68 	-22.55
6.39999 	-36.17 	-21.37
5.73 	-36.47 	-21.33
6.45 	-39.18 	-21.87
5.78 	-37.68 	-20.69
6.10999 	-38.28 	-21.29
7.37999 	-38.89 	-19.81
7.35999 	-38.89 	-20.41
8.45999 	-38.59 	-18.65
10.19 	-38.9 	-18.71
11.17 	-38.3 	-19.37
11.96 	-38 	-20.92
12.78 	-36.8 	-21.29
13.31 	-35.9 	-20.44
14.59 	-34.4 	-21.75
15.35 	-32.9 	-23.34
17.78 	-33.21 	-22.82
19.24 	-31.11 	-23.85
21.4 	-29.91 	-24.88
23.54 	-26.91 	-25.37
27.1 	-23.02 	-24.74
29.41 	-20.32 	-25.52
30.1 	-16.1 	-27.2
31.05 	-12.8 	-27.36
30.88 	-9.78 	-29.87
31 	-6.78 	-29.68
29.41 	-1.95 	-32.2
27.39 	1.96999 	-33.16
24.64 	5.89999 	-35.3
21.57 	10.72 	-36.26
18.4 	13.45 	-36.83
14.17 	14.97 	-38.53
9.89 	16.49 	-37.52
0.98999 	17.73 	-39.93
-3.04999 	17.45 	-38.56
-6.82999 	17.46 	-38.41
-10.05 	14.47 	-39.09
-12.41 	12.37 	-38.93
-14.69 	10.87 	-36.98
-17.43 	8.48 	-37.99
-18.23 	3.96999 	-38.71
-19.27 	0.959991 	-36.46
-21 	-2.93999 	-34.74
-22.18 	-5.64 	-35.51
-23.22 	-8.34999 	-33.26
-25.42 	-13.76 	-31.18
-25.28 	-16.47 	-29.28
-24.95 	-19.19 	-27.09
-23.83 	-21.3 	-25.85
-23.77 	-22.5 	-25.21
-23.71 	-23.11 	-23.98
-23.44 	-25.52 	-23
-24.12 	-25.52 	-22.98
-24.35 	-27.02 	-21.11
-24.5 	-27.32 	-20.79
-24.99 	-27.62 	-20.46
-25.13 	-27.92 	-19.54
-25.78 	-27.02 	-18.34
-27.02 	-25.51 	-18.64
-26.93 	-27.32 	-17.38
-26.64 	-27.32 	-18.59
-26.2 	-25.81 	-19.57
-26.71 	-25.81 	-19.25
-26.2 	-25.81 	-19.57
-25.51 	-27.02 	-20.16
-25.62 	-27.02 	-18.64
-25.31 	-26.72 	-19.27
-24.51 	-29.43 	-18
-24.15 	-30.04 	-17.99
-23.39 	-30.04 	-16.21
-23.68 	-30.65 	-15.58
-23.21 	-30.95 	-16.49
-21.91 	-30.93 	-26.19
-22.29 	-31.85 	-15.59
-21.55 	-31.86 	-14.41
-21.38 	-32.46 	-14.7
-20.85 	-33.37 	-14.99
-21.4 	-32.76 	-15.29
-21.16 	-32.76 	-13.79
-21.38 	-33.36 	-15.27
-21.89 	-33.06 	-14.96
-22.26 	-32.16 	-14.98
-22.69 	-33.06 	-13.42
-23.43 	-31.55 	-14.05
-23.85 	-30.64 	-15.27
-24.13 	-30.95 	-14.04
-24.69 	-29.44 	-14.37
-24.71 	-30.64 	-15.54
-25.46 	-28.23 	-15.59
-25.5 	-27.93 	-16.2
-26.23 	-27.02 	-16.81
-26.93 	-26.12 	-16.82
-26.27 	-26.42 	-17.43
-26.67 	-26.11 	-18.64
-26.58 	-25.21 	-20.18
-26.28 	-24.61 	-20.81
-25.92 	-25.51 	-20.8
-25.86 	-23.7 	-22.37
-26.17 	-23.7 	-21.76
-26.28 	-24.91 	-20.8
-26.95 	-23.1 	-19.63
-27.06 	-24.91 	-19.27
-27.44 	-23.4 	-19.3
-27.79 	-23.4 	-19.29
-27.76 	-23.4 	-18.69
-27.58 	-23.1 	-18.4
-27.45 	-24.3 	-19.88
-26.16 	-22.8 	-21.18
-26.75 	-21.29 	-22.12
-26.51 	-22.8 	-21.17
-26.3 	-24.01 	-20.84
-25.84 	-23.4 	-21.78
-25.46 	-24.61 	-21.75
-25.26 	-25.51 	-21.43
-24.6 	-25.21 	-22.07
-23.55 	-26.42 	-22.06
-23.15 	-27.63 	-21.43
-23.72 	-24.92 	-21.2
-23.82 	-27.02 	-20.83
-23.49 	-26.73 	-20.85
-24.27 	-27.03 	-19.3
-24.12 	-26.72 	-19.62
-23.84 	-27.63 	-21.41
-23.3 	-26.73 	-20.55
-23.04 	-26.72 	-22.37
-22.84 	-26.13 	-21.5
-23.35 	-25.82 	-21.19
-23.18 	-26.42 	-21.47
-24.16 	-26.12 	-20.24
-24.9 	-24.91 	-20.86
-24.87 	-26.12 	-20.82
-24.89 	-25.22 	-20.85
-24.51 	-27.02 	-20.8
-24.87 	-25.22 	-20.24
-25.02 	-25.52 	-19.93
-25.19 	-26.12 	-20.2
-26.41 	-25.81 	-20.47
-26.01 	-26.12 	-19.26
-26.34 	-26.72 	-19.23
-25.98 	-26.12 	-18.66
-26.18 	-27.02 	-19.53
-25.86 	-27.02 	-20.14
-25.17 	-27.32 	-20.16
-25.32 	-26.42 	-19.28
-25.65 	-26.72 	-19.26
-25.19 	-26.42 	-20.19
-24.92 	-27.33 	-18.66
-24.66 	-26.42 	-19.91
-24.47 	-27.32 	-20.19
-23.96 	-27.93 	-20.49
-23.74 	-28.23 	-19.58
-23.94 	-27.63 	-19.9
-22.62 	-29.13 	-21.7
-20.65 	-29.45 	-20.26
-19.68 	-29.15 	-21.51
-18.23 	-29.45 	-23.67
-15.73 	-31.27 	-22.5
-12.54 	-31.28 	-24.13
-10.33 	-32.49 	-25.08
-7.32999 	-32.8 	-23.67
-5.62 	-34.01 	-24.3
-3.34 	-34.63 	-23.46
-1.01999 	-34.93 	-25.35
0.219986 	-34.34 	-24.51
2.62 	-34.65 	-24.6
4.57999 	-35.86 	-23.72
5.92 	-34.96 	-23.81
8.95 	-36.78 	-22.35
10.36 	-36.19 	-21.22
14.39 	-37.11 	-19.84
15.07 	-37.72 	-16.52
14.51 	-38.93 	-14.04
14.42 	-40.44 	-9.15999
13.07 	-42.85 	-5.70999
12.92 	-45.27 	1.31999
13.19 	-45.58 	7.35999
15.22 	-44.69 	11.17
15.5 	-41.69 	14.98
12.86 	-41.99 	17.5
8.87 	-42.57 	16.17
7.42 	-43.76 	13.85
8.12 	-44.37 	13.84
12.46 	-43.79 	15.17
13.46 	-42.29 	15.07
14.93 	-42.6 	17.44
16.12 	-42 	17.07
18.45 	-41.41 	19.68
19.82 	-40.21 	16.27
21.33 	-38.71 	16.46
23.58 	-39.92 	16.11
24.65 	-38.12 	13.9
25.97 	-37.52 	13.22
26.57 	-37.82 	10.79
27.94 	-38.13 	10.75
27.68 	-36.92 	9.20999
27.48 	-39.62 	7.2
27.82 	-37.52 	8.31999
27.82 	-37.52 	8.31999
27.09 	-36.61 	7.71999
26.91 	-37.81 	6.85999
26.88 	-37.51 	6.25
26.02 	-38.11 	6
25.56 	-39.01 	6.95
25.64 	-38.71 	8.75
24.57 	-38.11 	12.09
24.07 	-39.31 	11.85
23.84 	-37.52 	15.41
24.08 	-39.62 	15.78
22.82 	-39.01 	14.9
22.98 	-40.22 	14.03
22.73 	-40.82 	15.87
23.36 	-40.82 	14.64
23.22 	-39.02 	16.09
24.42 	-41.13 	15.22
24.87 	-38.72 	14.81
25.69 	-38.72 	13.88
26.23 	-37.22 	11.39
27.29 	-38.42 	11.39
27.65 	-38.73 	11.39
27.74 	-37.22 	10.43
27.92 	-38.43 	10.16
28.34 	-38.12 	8.01999
28.29 	-37.22 	7.39
29.24 	-37.22 	5.53999
28.57 	-37.82 	5.59
29.19 	-37.22 	4.34
28.34 	-36.91 	4.65999
29.17 	-36.61 	4.31999
27.92 	-37.21 	2.87999
27.85 	-37.2 	1.06999
27.74 	-38.11 	2.00999
26.54 	-38.7 	-2.14999
25.48 	-38.69 	-2.70999
24.22 	-37.48 	-3.60999
23.72 	-38.98 	-3.84
22.89 	-39.88 	-3.46999
21.81 	-39.88 	-4.64
21.81 	-40.78 	-5.20999
20.44 	-41.07 	-5.14999
20.89 	-40.17 	-6.09999
21.21 	-38.97 	-6.15999
21.77 	-41.38 	-6.39999
22.25 	-39.27 	-6.17999
22.61 	-39.88 	-6.17999
23.44 	-39.58 	-6.51999
23.24 	-38.98 	-6.84
23.41 	-39.28 	-7.12999
22.29 	-37.77 	-8.34999
23.13 	-37.47 	-8.7
22.82 	-38.07 	-8.06
23.01 	-37.77 	-7.78
23.36 	-38.37 	-7.76999
23.48 	-37.47 	-8.70999
24.51 	-38.08 	-8.73
24.77 	-38.68 	-7.20999
24.02 	-37.17 	-7.82999
24.13 	-36.27 	-8.78
24.33 	-37.17 	-8.45
24.52 	-37.17 	-8.15999
24.48 	-36.57 	-8.78
24.48 	-36.87 	-8.76999
24.43 	-35.97 	-9.39999
25.16 	-37.48 	-9.37999
24.11 	-36.57 	-9.37
23.95 	-37.47 	-9.62999
23.8 	-36.87 	-8.73999
22.76 	-37.47 	-9.28
22.43 	-36.86 	-8.68999
21.7 	-37.46 	-9.84999
21.87 	-39.87 	-11.28
20.89 	-38.66 	-9.46999
19.86 	-38.66 	-9.42999
18.8 	-38.35 	-10.01
17.94 	-40.15 	-10.82
16.39 	-39.24 	-10.49
15.69 	-39.84 	-11.04
14.39 	-41.34 	-10.34
12.64 	-41.33 	-10.87
12.82 	-42.24 	-11.15
11.91 	-40.73 	-11.47
11.62 	-41.93 	-10.81
10.08 	-41.32 	-14.39
9.53999 	-40.71 	-14.7
9.26999 	-40.1 	-16.82
9.10999 	-39.5 	-15.93
8.21999 	-39.5 	-16.8
8.35999 	-38.9 	-17.13
6.42 	-37.68 	-18
6.78999 	-39.19 	-17.96
5.51999 	-37.98 	-18.86
5.21999 	-40.08 	-18.78
5.40999 	-39.78 	-18.49
5.40999 	-38.88 	-17.92
4.85999 	-37.98 	-18.23
5.34 	-37.98 	-19.15
4.95 	-37.07 	-19.77
5.82999 	-38.58 	-20.06
6.65999 	-38.28 	-20.4
6.37999 	-36.47 	-21.96
6.92999 	-35.88 	-21.1
7.42 	-35.58 	-21.43
8.42 	-35.58 	-22.07
10.94 	-35.29 	-23.08
11.36 	-32.88 	-24.09
13.68 	-33.49 	-22.65
14.05 	-31.08 	-24.86
13.83 	-31.38 	-25.75
15.72 	-30.49 	-25.55
16.31 	-29.89 	-27.4
15.69 	-28.08 	-28.95
15.43 	-25.06 	-29.35
15.96 	-24.77 	-29.07
15.9 	-24.76 	-30.28
16.3 	-22.36 	-31.89
16.86 	-19.35 	-33.22
15.35 	-17.23 	-35.04
15.86 	-17.53 	-35.36
15.72 	-15.73 	-33.9
15.49 	-14.83 	-34.83
15.77 	-14.82 	-36.05
15.38 	-13.62 	-36.68
15.71 	-13.32 	-36.7
15.7 	-12.72 	-36.72
14.77 	-10.91 	-37.66
14.55 	-9.7 	-37.99
13.7 	-9.39999 	-37.67
14.95 	-8.78 	-47.99
11.84 	-7.57999 	-40.07
10.77 	-4.56999 	-39.53
9.64999 	-3.95999 	-41.32
8.53999 	-1.84999 	-41.95
7.06999 	-0.939987 	-39.82
4.75999 	-0.0299988 	-41.27
4.14999 	1.5 	-50.65
0.959991 	3.31999 	-51.8
-3.45 	5.71999 	-41.45
-6.00999 	5.73 	-41.05
-9.78999 	7.25 	-40.36
-13.19 	8.76999 	-39.07
-21.5 	12.1 	-34.95
-25.44 	12.42 	-34.5
-26.84 	11.52 	-31.7
-27.25 	12.12 	-28.99
-26.99 	12.12 	-30.81
-26.16 	11.51 	-31.73
-26.67 	10.61 	-31.98
-24.9 	7.29999 	-32.54
-23.73 	7.59 	-32.89
-23.46 	7.59999 	-34.71
-22.43 	5.18999 	-35.88
-21.61 	6.39 	-36.25
-22.29 	6.09 	-36.22
-22.54 	6.68999 	-33.81
-22.87 	6.09 	-33.78
-22.25 	5.48999 	-35.59
-21.04 	5.78 	-35.35
-21.25 	6.68999 	-35.67
-19.93 	6.67999 	-36.93
-19.53 	6.37999 	-35.73
-19.93 	6.67999 	-36.93
-19.01 	5.48 	-36.02
-19.04 	5.78 	-36.63
-19.07 	6.98 	-36.67
-18.03 	6.37 	-36.69
-16.89 	8.78 	-37.12
-15.53 	9.06999 	-37.18
-14.92 	9.98 	-38.45
-13.35 	10.57 	-37.62
-12.32 	10.87 	-37.67
-11.47 	10.56 	-38
-10.93 	9.95999 	-37.69
-9.79999 	11.46 	-38.69
-8.62999 	12.06 	-39.06
-7.39999 	12.35 	-38.21
-6.73999 	13.55 	-38.28
-4.92999 	13.85 	-39.87
-2.45 	11.73 	-39.29
0.389999 	14.13 	-39.78
2.28 	13.82 	-40.15
4.87999 	14.11 	-39.35
7.12999 	14.1 	-39.14
9.40999 	14.69 	-37.74
12.04 	14.98 	-36.34
14.33 	14.06 	-35.49
16.93 	14.35 	-34.7
19.19 	14.94 	-33.9
21.97 	14.33 	-33.38
24.78 	15.82 	-31.13
27.44 	14.9 	-29.69
32.15 	14.27 	-24.42
35.02 	14.25 	-21.51
36.64 	13.94 	-20.05
37.97 	13.33 	-17.37
39.33 	10.61 	-15.22
40.74 	11.21 	-14.08
41.94 	9.68999 	-11.06
42.56 	7.57999 	-9.5
43.77 	5.76999 	-6.46999
45.29 	3.64999 	-4.03999
45.64 	2.43999 	-0.689987
45.27 	1.23 	2.07999
45.36 	-4.2 	9.5
44.19 	-6.60999 	12.65
42.84 	-7.81 	16.67
41.35 	-11.72 	19.88
39.94 	-14.73 	21.54
37.51 	-16.83 	23.82
35.9 	-20.43 	24.61
34.59 	-23.14 	24.76
32.1 	-26.13 	25.26
29.59 	-28.23 	25.73
27.21 	-30.33 	25.29
22.95 	-30.91 	25.78
20.02 	-33.31 	28.39
12.23 	-35.99 	29.38
7.43999 	-35.37 	30.15
4.06999 	-36.86 	30.94
-0.569992 	-36.84 	30.81
-3.87 	-35.92 	30.61
-7.12999 	-36.51 	30.45
-9.7 	-35.6 	30.82
-12.56 	-34.08 	29.07
-14.83 	-32.87 	28.81
-16.79 	-32.56 	27.37
-18.87 	-31.65 	27.41
-20.15 	-32.84 	24.79
-22.96 	-32.52 	19.76
-23.61 	-34.02 	19.84
-23.35 	-34.02 	18.02
-22.89 	-36.72 	15.38
-22.51 	-37.32 	12.06
-20.76 	-37.63 	12.61
-18.25 	-39.14 	10.45
-17.47 	-40.64 	7.75999
-14.58 	-41.55 	6.78
-11.52 	-43.67 	4.92
-9.14999 	-43.37 	0.299988
-4.51999 	-43.37 	-11.35
-1.79999 	-43.08 	-12.07
5.40999 	-43.7 	-16.24
6.42 	-43.72 	-9.03999
9.40999 	-41.92 	-10.43
12.45 	-40.13 	-10.6
15.3 	-39.84 	-12.23
18.74 	-38.35 	-11.21
21.41 	-36.25 	-11.99
25.06 	-35.37 	-10.65
27.7 	-33.27 	-12.03
30.57 	-31.78 	-8.57999
32.96 	-31.49 	-8.67999
36.03 	-26.09 	-6.56999
36.84 	-25.79 	-7.51999
38.21 	-24.6 	-7.00999
38.69 	-21.59 	-6.23
39.58 	-22.2 	-5.93999
39.65 	-19.79 	-6.92999
40.14 	-19.19 	-7.26999
40.6 	-17.08 	-7.65999
41.3 	-17.99 	-7.65999
42.17 	-16.49 	-6.84
42.38 	-15.59 	-5.37
43.22 	-14.09 	-5.14999
42.54 	-12.89 	-4.56999
43.21 	-12.59 	-4.59999
43.39 	-12.59 	-4.31
43.79 	-12.59 	-3.12
43.51 	-13.2 	-1.87999
43.82 	-14.71 	0.279999
42.96 	-14.1 	0.589996
43.67 	-15.31 	4.53
43.21 	-14.71 	6.03
43.44 	-15.62 	6.95999
43.59 	-17.73 	9.43999
42.66 	-16.22 	8.51999
42.32 	-18.33 	11.32
42.32 	-18.33 	11.32
41.38 	-20.13 	12.63
40.84 	-22.84 	14.55
40.49 	-22.84 	14.56
39.65 	-21.94 	15.47
38.83 	-22.84 	15.83
39.32 	-23.44 	14.93
39.12 	-24.34 	14.07
38.55 	-24.63 	12.59
38.68 	-25.53 	11.11
38.68 	-25.53 	11.11
38.85 	-25.84 	10.81
38.29 	-24.63 	10.49
37.32 	-27.93 	6.10999
36.56 	-27.62 	4.92999
37.21 	-28.82 	3.12999
36.82 	-29.42 	1.95999
35.71 	-31.52 	-0.939987
34.56 	-30.91 	-3.32999
33.13 	-30.9 	-4.48
30.78 	-32.09 	-7.67
27.23 	-33.57 	-11.1
24.19 	-34.45 	-14.27
19.88 	-36.54 	-15.54
15.97 	-36.22 	-18.42
10.91 	-36.19 	-20.34
0.459991 	-34.64 	-23
-5.70999 	-31.3 	-24.99
-10.32 	-29.48 	-27.29
-15.6 	-24.64 	-27.86
-19.84 	-21.61 	-29.01
-24.01 	-16.78 	-27.81
-27.63 	-9.54999 	-28.53
-29.8 	-4.71999 	-28.61
-31.39 	1.29999 	-26.65
-31.46 	7.90999 	-25.07
-30.18 	13.02 	-24.69
-29.3 	19.64 	-24.95
-24.15 	29.54 	-20.07
-21.95 	31.62 	-19.92
-18.71 	32.81 	-15.86
-17.45 	35.51 	-17.21
-15.75 	37.01 	-16.73
-13.09 	37.29 	-14.73
-12.62 	38.8 	-15.1
-10.38 	37.88 	-15.46
-8.70999 	39.38 	-15.57
-7.37999 	39.08 	-16.82
-5.81999 	39.07 	-16.58
-5.00999 	39.37 	-17.52
-3.29999 	38.16 	-18.15
-2.14 	37.56 	-19.68
-1.34 	36.96 	-21.2
-1.21999 	35.15 	-23.26
-0.439987 	35.45 	-24.81
0.399994 	32.45 	-26.84
1.70999 	30.34 	-29.24
3.28999 	27.03 	-30.09
5.84 	25.22 	-31.63
7.50999 	21.31 	-34.57
9.84 	17.39 	-34.23
13.46 	13.77 	-35.75
15.77 	9.53999 	-35.99
21.48 	2.29999 	-34.75
23.32 	-1.01999 	-33.5
25.75 	-4.64999 	-30.75
26.92 	-9.46999 	-30.03
28.43 	-12.18 	-28.18
29.33 	-15.5 	-25.08
30.94 	-20.33 	-21.96
31.31 	-22.44 	-18.58
31.38 	-26.96 	-15.11
31.3 	-27.87 	-9.64999
31.53 	-32.09 	-6.48999
30.45 	-31.19 	-3.15999
27.13 	-35.61 	1.15999
26.25 	-37.42 	3.67
24.81 	-36.82 	10.34
23.21 	-36.22 	13.4
21.39 	-33.81 	16.1
20.59 	-34.42 	20.98
19.85 	-32.01 	24.84
18.19 	-28.7 	27.81
16.84 	-25.39 	30.16
17.31 	-22.69 	34.27
16.25 	-18.78 	35.38
16.57 	-14.27 	37.02
17.54 	-10.97 	37.47
19.3 	-4.45999 	38.79
19.79 	-1.75 	39.58
20.79 	2.75999 	37.27
22.66 	3.04999 	36.89
24.54 	5.15999 	33.73
26.05 	6.95999 	33.91
28.25 	6.95 	32.92
29.8 	6.64 	33.17
31.03 	6.34 	29.51
32.52 	6.93999 	28.53
32.65 	6.64 	27.63
34.53 	5.73 	26.69
36.59 	4.21999 	26.05
37.26 	2.71999 	24.87
37.86 	2.71999 	23.04
37.38 	1.81 	23.39
38.68 	-0.899994 	24.34
37.82 	-2.39999 	23.52
39.14 	-6.00999 	20.58
38.76 	-5.39 	12.13
39.18 	-8.7 	12.23
37.97 	-11.92 	22.67
37.42 	-15.53 	24.03
35.88 	-19.44 	22.11
34.03 	-25.44 	20.28
30.48 	-29.34 	19.64
27.73 	-32.63 	18.06
23.67 	-35.62 	17.71
19.99 	-37.71 	15.21
16.07 	-41.6 	13.99
10.17 	-43.08 	11.85
4.7 	-43.65 	8.15999
0.269989 	-44.13 	4.67
-4.67 	-44.1 	1.84999
-9.28999 	-42.57 	-1.04999
-13.2 	-41.35 	-3.34999
-15.85 	-39.83 	-8.12999
-20.72 	-35.28 	-15.34
-22.98 	-31.36 	-17.8
-24.26 	-28.33 	-22.08
-24.26 	-25.02 	-24.31
-25.36 	-20.5 	-27.74
-25.28 	-16.28 	-31.51
-24.46 	-11.46 	-34.13
-24.02 	-6.95 	-37.32
-21.28 	-2.73999 	-39.68
-19.71 	2.06999 	-40.51
-16.36 	5.65999 	-40.77
-13.41 	9.25999 	-42.21
-8.56 	14.36 	-42.88
-6.42 	18.56 	-42.8
-3.84999 	19.45 	-42.63
-1.25999 	20.04 	-41.85
1.29999 	21.24 	-41.69
3.93999 	20.92 	-40.27
6.35999 	21.21 	-39.77
8.95 	21.2 	-39.57
11.37 	21.49 	-39.07
13.79 	21.48 	-38.56
15.9 	19.37 	-38.56
17.14 	19.36 	-37.71
21.2 	16.03 	-36.84
22.29 	15.72 	-35.67
24.16 	13.61 	-37.17
24.52 	12.71 	-37.16
25.98 	10.9 	-35.94
27.41 	7.57999 	-36.48
27.98 	6.67 	-35.57
29.51 	4.56 	-33.14
29.86 	3.04999 	-33.71
30.46 	0.0399933 	-33.32
31.4 	-0.869995 	-31.82
30.93 	-3.26999 	-32.02
32.01 	-5.98 	-31.97
32.24 	-10.2 	-28.81
31.76 	-11.7 	-29.04
31.98 	-13.51 	-28.69
31.91 	-16.22 	-27.68
31.53 	-17.73 	-25.51
30.94 	-20.13 	-24.19
31.74 	-22.55 	-22.93
29.72 	-22.84 	-22.24
29.84 	-25.85 	-20.93
29.63 	-28.56 	-19.02
28.7 	-29.16 	-17.15
28.52 	-31.57 	-14.65
26.69 	-33.38 	-10.29
25.84 	-35.49 	-7.17
25.82 	-37.3 	-4.39
25.31 	-37.9 	-0.729996
24.78 	-37.61 	2.89999
23.89 	-37.01 	6.53
23.92 	-37.02 	11.06
22.94 	-34.92 	17.36
22.52 	-33.72 	20.05
21.94 	-30.11 	24.17
22.04 	-27.71 	27.7
21.53 	-23.8 	29.7
22.23 	-19.9 	31.95
21.86 	-10.28 	35.85
22.17 	-6.96999 	36.93
22.1 	-2.75999 	37.39
21.79 	1.75999 	36.34
23.1 	4.75999 	36.18
21.7 	10.18 	34.54
22.81 	11.39 	32.95
23.79 	14.69 	33.4
24.69 	16.8 	31.48
24.81 	18.6 	31.11
26.71 	19.5 	27.99
26.71 	23.12 	25.75
28.06 	25.22 	22.31
29.38 	26.12 	21.62
29.85 	25.22 	20.13
30.61 	26.72 	18.54
31.21 	27.02 	16.7
32.14 	25.52 	17.62
33.09 	25.51 	15.77
32.62 	25.51 	16.69
34.21 	25.21 	17.55
34.78 	23.4 	17.89
35.46 	22.19 	17.3
36.16 	21.59 	17.3
38.17 	17.97 	18.25
39.08 	14.66 	18.03
39.86 	12.24 	18.69
40.34 	9.53 	20.57
40.94 	6.21999 	20.97
40.11 	3.51999 	20.19
41.63 	-1.00999 	21.49
41.03 	-3.40999 	22.2
40.87 	-5.51999 	21.38
39.75 	-7.62 	22.4
38.85 	-11.83 	23.18
38.6 	-14.54 	23.89
36.77 	-17.84 	23.77
32.64 	-22.63 	21.08
31.9 	-26.24 	22.14
30.03 	-29.54 	20.82
27.43 	-31.33 	19.47
24.88 	-34.03 	18.76
22.79 	-36.12 	17.1
20.19 	-37.91 	15.76
17.22 	-40.3 	13.24
14.68 	-41.5 	13.68
12 	-41.78 	11.08
9.53 	-43.27 	8.81
7.39 	-44.17 	10.43
2.87 	-44.74 	4.89999
0.759995 	-44.73 	3.76999
-1.39 	-44.42 	2.03
-3.04999 	-44.41 	-0.619995
-4.59999 	-43.79 	-4.2
-5.54999 	-43.78 	-6.28
-7.62 	-42.27 	-9.56999
-9.03999 	-39.85 	-13.52
-9.46999 	-41.04 	-15.87
-9.67 	-37.73 	-19
-10.18 	-35.91 	-22.06
-11.61 	-33.49 	-26.01
-12.12 	-31.08 	-28.49
-12.95 	-24.75 	-32.6
-12.33 	-21.74 	-36.65
-11.95 	-18.43 	-38.29
-12.11 	-13.91 	-39.64
-11.12 	-8.79999 	-41.97
-9.67 	-3.98999 	-41.89
-9.5 	0.829987 	-43.27
-7.53 	4.73 	-43.49
-5.78 	9.23999 	-44.62
-4.12999 	13.14 	-44.21
-1.75999 	17.34 	-42.64
1.7 	20.03 	-41.06
6.00999 	26.32 	-37.52
8.79999 	28.72 	-35.3
11.1 	29.6 	-33.3
13.94 	29.89 	-31.01
16.84 	30.18 	-31.43
19.51 	31.07 	-28.85
22.55 	30.75 	-26.24
24.65 	29.24 	-26.27
27.13 	28.92 	-24.55
28.94 	26.81 	-23.33
30.91 	25.29 	-22.45
33.09 	24.38 	-20.09
35.59 	21.06 	-19.47
37.03 	19.54 	-18.87
38.69 	17.13 	-17.34
39.05 	15.02 	-17.88
40.33 	12.61 	-17.55
41.51 	9.89 	-15.09
42.1 	7.48 	-14.72
42.31 	6.57999 	-14.4
43.64 	2.65999 	-13.41
43.34 	-0.649994 	-13.88
43.56 	-3.35999 	-10.18
44.14 	-5.46999 	-9.81999
43.52 	-7.28 	-9.12999
42.73 	-14.2 	-7.04999
41.85 	-16 	-4.53999
40.59 	-19.61 	-3.76999
39.04 	-21.41 	-0.62999
37.67 	-25.62 	1.07999
35.71 	-27.72 	2.43999
33.96 	-29.83 	4.68999
30.74 	-32.83 	7.92999
28.08 	-33.12 	9.85999
24.9 	-33.71 	11.51
21.56 	-35.21 	12.9
19.47 	-36.1 	15.72
13.01 	-37.29 	20.54
10.31 	-34.88 	22.97
6.75999 	-33.96 	24.59
4.64 	-33.36 	27.36
1.60999 	-31.54 	29.83
-1.14999 	-29.43 	30.46
-4.03 	-27.01 	32.6
-6.62999 	-26.7 	32.39
-9.03 	-22.78 	34.16
-13.93 	-15.24 	35.89
-13.93 	-15.24 	35.89
-15.56 	-11.03 	36.11
-16.82 	-4.10999 	38.03
-17.82 	0.109985 	37.02
-17.18 	3.42 	37.48
-17.43 	6.12999 	37.1
-17.02 	10.34 	36.63
-16.38 	10.94 	35.98
-16.13 	15.15 	35.83
-14.25 	16.35 	36.01
-13.53 	19.05 	34.38
-12.19 	20.55 	34.28
-10.53 	22.65 	34.14
-8.7 	24.45 	33.71
-3.45999 	25.94 	32.55
-1.09 	27.73 	32.4
1.50999 	27.12 	32.62
3.84 	28.61 	31.87
6.07999 	28.6 	32.09
8.45999 	30.1 	31.95
11.31 	29.79 	30.34
13.52 	29.78 	29.95
15.88 	30.68 	29.23
18.12 	28.56 	28.31
20.15 	28.55 	27.63
22.36 	28.55 	27.24
26.31 	25.22 	25.7
27.94 	24.61 	27.16
29.84 	22.2 	26.27
32.18 	19.18 	27.19
32.63 	15.87 	27.89
34.59 	10.75 	27.09
35.47 	6.53 	29.61
35.31 	3.21999 	28.23
35.95 	-1.59999 	28.67
36.06 	-6.10999 	28.82
36.41 	-10.02 	27.14
36.82 	-14.23 	26.66
35.99 	-17.84 	25.31
34.11 	-25.95 	21.74
31.2 	-29.84 	19.88
28.17 	-34.03 	15.62
24.79 	-38.23 	14.69
20.76 	-40.61 	11.61
15.77 	-43.89 	5.87999
11.52 	-45.07 	2.45999
6.73999 	-45.05 	-0.669998
1.93999 	-44.42 	-4.42999
-1.64 	-44.1 	-7.31999
-5.64999 	-42.87 	-12.04
-9.26999 	-41.04 	-15.58
-14.86 	-34.69 	-22.22
-16.41 	-31.07 	-24.7
-17.52 	-27.75 	-28.7
-16.43 	-23.52 	-40.95
-18.51 	-20.21 	-35.86
-18.26 	-17.2 	-36.58
-16.67 	-14.2 	-37.95
-14.89 	-9.06 	-53.58
-13.64 	-6.06 	-54.94
-15.05 	-0.959991 	-41.49
-12.93 	2.34 	-42.59
-9.70999 	6.56999 	-57.04
-8.7 	9.84999 	-44.22
-3.76999 	18.25 	-41.39
-1.2 	20.94 	-40.07
0.949997 	26.05 	-39.43
3.21999 	26.34 	-38.62
5.68999 	27.53 	-36.34
7.90999 	29.32 	-35.58
10.99 	28.71 	-36.29
13.91 	30.21 	-43.39
15.6 	28.68 	-32.84
17.54 	29.58 	-31.44
19.71 	30.46 	-28.54
22.34 	32.24 	-26.59
26.99 	30.42 	-23.08
28.47 	30.11 	-20.72
30.29 	29.2 	-18.94
31.89 	27.99 	-18.06
33.36 	27.68 	-16.29
35.33 	25.86 	-15.4
36.62 	24.65 	-13.9
37.83 	22.24 	-14.77
38.97 	21.03 	-12.96
39.22 	19.22 	-12
40.08 	17.41 	-12.88
41.54 	13.2 	-12.79
42.62 	9.87999 	-13.32
42.92 	6.56999 	-12.31
42.76 	3.87 	-13.11
43.31 	0.559998 	-13.92
42.81 	-3.65999 	-11.95
43.5 	-8.48 	-10.3
41.65 	-12.08 	-11.01
40.97 	-15.69 	-8.73999
40.31 	-20.51 	-6.43999
37.66 	-23.2 	-5.64
36.49 	-27.11 	-3.04999
33.15 	-28.01 	-1.07999
31.53 	-32.82 	2.46999
25.8 	-36.42 	7.34
22.54 	-37.91 	10.54
19.96 	-37.91 	14.26
16.47 	-37.9 	17.11
13.05 	-36.69 	21.72
9.81 	-34.87 	23.29
6.64999 	-33.06 	26.67
4.54999 	-30.96 	30.6
1.10999 	-28.24 	31.84
-1.25 	-25.22 	34.24
-3.48 	-21.31 	36.31
-5.39999 	-18.89 	36.6
-8.39999 	-11.66 	38.57
-8.96999 	-7.45 	39.35
-10.08 	-2.62999 	39.83
-10.14 	-0.219986 	39.75
-9.00999 	3.98 	39.86
-8.62 	8.79999 	39.38
-7.50999 	11.8 	38.93
-6.67999 	16.31 	36.33
-4.81 	19.31 	37.66
-3.06 	21.42 	35.41
-1.78 	23.22 	34.09
0.709991 	25.92 	33.6
2.87999 	26.81 	32.58
7.53999 	28.6 	29.92
9.78 	28.29 	30.15
11.84 	28.58 	30.06
13.48 	29.48 	28.76
15.45 	27.67 	29.65
16.86 	29.47 	27.42
19.73 	27.35 	29.19
21.54 	26.44 	27.04
24.46 	26.73 	27.22
26.35 	24.92 	26.31
28.59 	23.11 	25.38
32.41 	18.58 	24.18
33.94 	14.96 	26.06
35.24 	11.05 	26.45
36.53 	8.03 	26.8
37.11 	4.42 	26.61
37.57 	0.199997 	27.34
37.43 	-4.00999 	25.98
37.36 	-8.51999 	25.84
37.93 	-13.03 	25.07
36.72 	-15.73 	23.7
35.56 	-21.14 	21.82
34.53 	-25.94 	19.62
33.42 	-29.24 	16.15
29.39 	-36.44 	10.83
25.54 	-37.32 	8.59
22.03 	-40.91 	5.23
17.35 	-43.89 	2.79999
12.43 	-44.47 	-0.00999451
6.82999 	-43.84 	-2.23
2 	-44.72 	-3.21999
-2.35999 	-44.7 	-4.56
-7.84 	-43.77 	-7.7
-10.63 	-41.65 	-7.65999
-14.13 	-41.04 	-8.75999
-18 	-38.91 	-9.89
-20.11 	-38 	-10.44
-24.52 	-32.86 	-14.67
-27.43 	-29.23 	-16.5
-28.77 	-27.12 	-18.63
-34.32 	-23.91 	-15.95
-36.74 	-19.38 	-18.12
-37.05 	-17.27 	-20.29
-38.34 	-13.05 	-20.09
-39.31 	-8.53 	-20.51
-38.8 	-5.51999 	-23.05
-38.68 	-1.60999 	-22.28
-38.19 	3.79999 	-24.3
-38.25 	8.31999 	-27.17
-34.61 	14.32 	-27.52
-33.1 	17.63 	-26.79
-30.83 	20.63 	-28.19
-28.62 	24.53 	-26.9
-25.69 	27.03 	-27.33
-22.17 	30.62 	-27.29
-19.04 	32.4 	-25.67
-16 	35.4 	-25.28
-12.01 	37.48 	-23.4
-8.53 	38.97 	-21.77
-5.60999 	41.36 	-20.46
-3.15999 	41.65 	-19.36
1.56 	42.53 	-16.86
4.37999 	42.52 	-15.15
6.81 	42.81 	-14.65
9.12 	43.09 	-12.64
11.79 	41.88 	-11.19
13.77 	40.36 	-9.70999
16.09 	40.35 	-7.68999
18.4 	40.03 	-6.25
19.79 	37.92 	-4.84999
22.47 	37.3 	-2.81999
24.27 	35.79 	-1.62999
24.95 	35.79 	-1.64999
26.85 	34.88 	-2
29.73 	32.15 	-0.199997
30.81 	30.05 	-0.169998
32.39 	27.64 	-0.449997
32.65 	25.83 	0.509995
33.29 	25.23 	-0.699997
35.65 	23.41 	1.37999
36.92 	21 	1.71999
37.14 	19.8 	2.04999
37.68 	17.09 	1.21999
38.22 	16.18 	1.53
39.18 	12.27 	1.93999
40.54 	10.76 	0.729996
41.34 	5.64 	0.87999
40.91 	2.32999 	1.31
41.6 	-0.37999 	0.169998
41.19 	-3.68999 	0.599991
40.9 	-6.09 	0.699997
40.29 	-8.5 	1.40999
39.46 	-11.2 	0.62999
38.88 	-14.81 	1.37999
38.1 	-17.51 	1.81
36.58 	-20.52 	1.06
34.6 	-23.82 	1.25999
32.42 	-24.41 	2.26999
30.37 	-29.22 	4.01999
26.47 	-32.82 	7.31
24.13 	-35.22 	11.41
21.81 	-36.42 	12.75
19.6 	-36.71 	13.14
16.5 	-37.31 	16.6
14.21 	-37.6 	19.11
12.05 	-37.9 	20.72
8.64 	-37.29 	25.35
5.92 	-36.08 	26.62
4.09999 	-34.87 	28.76
1.09 	-33.66 	31.25
0.269989 	-30.95 	33.3
-2.01999 	-27.94 	37.5
-2.17999 	-26.74 	38.37
-3.37999 	-25.23 	39.27
-4.43999 	-22.52 	39.82
-5.12 	-20.72 	40.99
-6.31999 	-18.91 	41.88
-5.95 	-17.71 	43.03
-5.75999 	-14.4 	45.02
-6.06 	-10.49 	43.99
-4.17999 	-7.48999 	45.32
-3.90999 	-2.98 	45.76
-2.34999 	-0.87999 	47.13
1.73 	6.31999 	45.82
3.37999 	9.32999 	45.65
5.7 	11.42 	44.89
8.00999 	14.42 	44.09
10.28 	16.22 	42.13
11.89 	18.02 	40.2
14.26 	18.92 	40.07
15.85 	21.02 	38.13
18.05 	20.41 	37.16
19.24 	21.62 	33.45
20.96 	22.51 	33.96
21.96 	22.51 	33.32
23.95 	22.2 	31.44
26.22 	23.1 	28.91
27.28 	21.59 	28.92
28.44 	20.99 	27.39
29.51 	20.68 	28.56
30.45 	17.97 	28.92
30.8 	16.77 	28.35
31.89 	16.16 	29.53
32.22 	14.35 	28.38
33.01 	12.54 	29.62
32.72 	10.14 	29.71
33.69 	7.12 	30.69
33.84 	6.21999 	29.81
34.14 	3.20999 	31.41
33.62 	2.90999 	31.14
33.8 	0.799988 	30.3
34.56 	-2.50999 	30.38
33.97 	-6.42 	30.54
34.85 	-10.63 	29.15
32.81 	-12.73 	28.69
32.13 	-16.03 	27.03
31.99 	-21.45 	29.03
29.35 	-24.74 	25.93
27.62 	-26.84 	24.86
26.5 	-30.44 	24.73
23.83 	-31.63 	22.16
19.79 	-34.62 	22.41
17.7 	-36.72 	20.76
14.77 	-39.11 	19.45
11.16 	-40.3 	18.72
7.87999 	-41.79 	17.39
2.81999 	-42.36 	15.49
-1.35999 	-43.85 	13.29
-7.21999 	-43.82 	12.91
-11.4 	-43.2 	11.85
-15.43 	-42.28 	10.46
-18.92 	-41.06 	9.95
-22.05 	-39.84 	9.42999
-27.84 	-36.2 	4.7
-31.2 	-33.48 	3.81999
-33.14 	-31.36 	3.51999
-35.99 	-28.94 	2.34
-37.89 	-26.83 	3.25
-38.55 	-25.92 	0.529999
-41.13 	-21.39 	-1.34
-41.85 	-20.19 	-1.35999
-43.57 	-14.16 	-2.39999
-44.09 	-11.75 	-5.48999
-44.26 	-9.03 	-7.98999
-42.98 	-5.10999 	-19.94
-43.48 	0.599991 	-12.88
-43.98 	4.81 	-14.21
-42.92 	7.21999 	-16.45
-42.56 	9.62 	-14.73
-41 	11.73 	-17.28
-39.77 	13.53 	-19.81
-38.27 	16.23 	-19.66
-35.7 	18.03 	-22.83
-33.14 	21.33 	-21.54
-30.57 	24.03 	-24.15
-28.24 	27.03 	-24.34
-26.88 	30.03 	-23.29
-23.82 	31.22 	-23.45
-19.09 	35.71 	-23.18
-15.42 	36.29 	-21.23
-12.95 	38.09 	-22.9
-10.03 	38.38 	-22.72
-7.07999 	38.66 	-21.94
-3.31 	39.55 	-21.51
-1.18999 	39.24 	-20.38
0.729996 	41.03 	-19
2.98999 	40.12 	-18.76
4.28999 	39.81 	-16.68
7.20999 	41 	-15.93
8.82999 	40.39 	-14.47
11.98 	38.87 	-13.93
13.1 	39.47 	-15.5
14.2 	38.86 	-14.32
15.39 	38.56 	-14.66
18 	36.44 	-14.98
19.54 	35.83 	-15.32
21.06 	35.53 	-16.28
22.35 	33.12 	-15.34
25.16 	32.5 	-14.22
25.83 	30.1 	-15.97
28.34 	28.28 	-14.19
29.79 	27.37 	-13.01
31.77 	24.66 	-12.09
34.72 	20.43 	-9.64
36.12 	18.32 	-10.22
37.65 	15.6 	-7.78
38.08 	13.19 	-7.09999
39.35 	10.78 	-6.76999
39.76 	7.76999 	-6.67999
40.11 	6.56 	-7.25
40.21 	3.25 	-6.53999
40.23 	1.14999 	-7.06999
40.46 	-0.959991 	-6.7
40.92 	-4.87999 	-5.98
40.51 	-6.37999 	-4.40999
39.58 	-10.59 	-4.21999
39.3 	-13.6 	-4.10999
37.97 	-15.4 	-3.98999
37.4 	-18.41 	-2.65999
35.71 	-20.5 	-3.12999
34.95 	-21.71 	-1.54999
33.34 	-24.11 	-0.189987
32.54 	-26.81 	-0.369995
31.38 	-28.31 	0.0299988
28.88 	-29.51 	1.06999
28.27 	-30.71 	2.34
26.7 	-33.72 	4.31999
25.4 	-35.52 	5.03
21.05 	-37.01 	7.06
18.14 	-37.61 	10.82
16.47 	-37.3 	12.08
14.7 	-39.1 	13.72
12.42 	-40 	16.25
10.43 	-38.49 	18.69
8.29999 	-38.49 	20.88
6.84 	-36.98 	23.6
4.92999 	-36.98 	27.29
2.21999 	-36.07 	28.57
1.26999 	-34.87 	30.98
-1.37999 	-29.45 	35.72
-1.39999 	-27.34 	36.25
-2.92 	-25.83 	37.77
-3.45 	-22.22 	39.17
-3.95999 	-20.42 	40.03
-3.85999 	-17.72 	43.55
-3.23 	-16.52 	42.89
-3.73999 	-12.61 	44.88
-3.14 	-10.2 	44.17
-1.98999 	-6.59999 	44.91
-0.62999 	-5.7 	44.82
0.019989 	-3 	45.31
2.21999 	-0.299988 	46.03
2.78999 	2.70999 	44.7
6.26999 	7.20999 	44.11
8.78999 	9.90999 	44.22
10.58 	11.71 	42.58
11.67 	14.41 	41.54
13.58 	16.52 	38.98
15.61 	17.71 	38.86
17.27 	17.71 	37.59
18.94 	18.3 	36.9
19.85 	20.11 	34.99
21.19 	20.4 	34.32
23 	19.5 	32.17
24.44 	21.3 	30.55
26.67 	19.49 	29.62
27.99 	19.48 	28.36
29.58 	17.97 	28.66
31.33 	15.26 	28.08
31.87 	13.75 	27.81
32.41 	12.25 	27.54
33.42 	11.64 	26.92
33.98 	8.92999 	26.69
33.85 	8.92999 	27.6
34.44 	7.42 	28.53
35.14 	4.40999 	27.4
35.07 	0.799988 	27.83
34.99 	-2.50999 	28.25
34.6 	-8.51999 	28.18
34.12 	-11.83 	27.41
32.81 	-16.03 	27
31.68 	-19.34 	26.86
29.67 	-23.84 	25.88
27.82 	-27.14 	25.16
24.91 	-30.44 	23.88
21.13 	-33.43 	22.32
17.68 	-37.02 	20.17
12.35 	-39.1 	18.94
8.68999 	-40.89 	17.03
5.06 	-42.37 	15.71
-3.25 	-45.64 	12.52
-8.70999 	-42.31 	11.11
-12.17 	-44.1 	9.48999
-16.65 	-40.76 	6.84
-21.04 	-40.44 	4.87999
-24.69 	-38.01 	1.31999
-27.56 	-35.89 	-0.459991
-30.8 	-33.77 	-2.81999
-32.95 	-30.75 	-3.43999
-35.54 	-28.33 	-6.43999
-37.56 	-24.1 	-11.34
-38.76 	-19.88 	-13.25
-39.18 	-15.36 	-16.71
-38.86 	-12.04 	-19.55
-37.97 	-8.12999 	-20.93
-38.28 	-5.42 	-22.52
-37.32 	-3.62 	-23.22
-36.36 	1.79999 	-26.17
-34.87 	4.5 	-26.02
-34.12 	7.81 	-27.06
-32.51 	11.11 	-27.84
-30.21 	14.41 	-28.65
-27.91 	17.41 	-29.45
-25.62 	21.32 	-30.27
-22.22 	23.71 	-29.89
-17.31 	31.51 	-27.63
-14.65 	33.59 	-28.41
-11.4 	35.98 	-23.79
-8.5 	37.47 	-23.65
-5.39 	39.56 	-22.04
-2.90999 	40.75 	-19.76
0.479996 	40.13 	-17.15
2.67 	42.22 	-17.01
5.31 	41.31 	-16.17
6.84999 	41 	-16.52
9.65999 	40.39 	-15.4
12.27 	40.38 	-14.6
16.07 	39.16 	-14.7
18.76 	37.64 	-12.64
20.36 	36.73 	-11.77
22.18 	36.11 	-10
24.15 	34 	-9.09999
25.71 	33.69 	-8.84999
27.27 	32.48 	-9.17
29.31 	31.28 	-10.41
31.1 	27.66 	-10.36
32.34 	25.25 	-10.62
34.06 	23.74 	-11.24
35.78 	19.22 	-9.64
37.08 	16.51 	-8.68999
38.72 	11.69 	-8.89
39.19 	8.67 	-7.59
40.32 	5.06 	-6.90999
40.09 	1.45 	-6.17
40.4 	-1.56999 	-4.56999
40.63 	-5.78 	-5.34
40.23 	-8.18999 	-3.73
39.4 	-12.1 	-1.14999
39.05 	-14.5 	-2.25999
37.13 	-17.81 	-0.859985
36.73 	-19.91 	0.73999
35.41 	-22.31 	0.869995
33.03 	-26.82 	3.23
31.72 	-28.92 	3.34999
21.7 	-37.32 	9.75999
21.7 	-37.32 	9.75999
19.52 	-37.91 	10.77
17.56 	-38.81 	12.69
15.56 	-40.01 	13.41
13 	-40.3 	13.82
10.81 	-39.99 	14.8
7.46999 	-39.38 	17.32
7.06 	-40.88 	18.9
4.84 	-40.57 	19.28
3.48 	-40.27 	19.92
2.06 	-40.26 	18.77
0.589996 	-40.56 	20.34
-0.0699921 	-41.46 	20.4
-2.67999 	-39.34 	20.73
-3.46999 	-40.54 	21.71
-5.70999 	-39.63 	22.06
-7.50999 	-40.53 	23.67
-9.45999 	-38.42 	23.37
-10.24 	-39.02 	24.93
-13.21 	-38.1 	24.11
-15.09 	-36.59 	25.03
-16.89 	-36.58 	23.29
-16.85 	-37.18 	23.92
-18.85 	-35.97 	21.84
-20.12 	-34.76 	20.94
-21.48 	-36.26 	20.44
-23.12 	-33.84 	19.52
-24.33 	-35.04 	18.7
-24.71 	-35.64 	17.53
-25.42 	-35.93 	16.96
-26 	-34.73 	16.04
-26.7 	-35.02 	15.47
-26.21 	-35.93 	14.58
-26.68 	-35.92 	11.58
-26.78 	-35.31 	9.75
-26.78 	-35.01 	9.73999
-26.87 	-35.91 	7.35999
-27.25 	-36.81 	6.2
-27.32 	-35.9 	4.96999
-27.01 	-35.6 	4.34
-27.45 	-36.2 	1.95999
-27.15 	-35 	1.31
-27.73 	-36.19 	-0.73999
-27.64 	-34.69 	-1.7
-27.85 	-34.68 	-2.59999
-28 	-33.78 	-5.64
-27.36 	-34.38 	-6.84999
-28.23 	-34.07 	-7.12999
-28.44 	-34.07 	-8.03
-28.79 	-33.77 	-8.01999
-28.51 	-32.56 	-8.67999
-28.12 	-32.26 	-11.42
-28.61 	-31.66 	-10.52
-27.62 	-31.96 	-11.75
-27.93 	-31.96 	-11.14
-27.61 	-32.26 	-11.74
-27.7 	-30.76 	-13
-28.03 	-32.26 	-13.54
-28.2 	-31.05 	-12.67
-28.75 	-30.15 	-12.98
-28.93 	-30.15 	-13.27
-29.18 	-29.24 	-14.8
-29.01 	-27.72 	-25.72
-29.5 	-26.82 	-24.83
-31.22 	-26.82 	-16.92
-31.7 	-25.32 	-15.45
-32.04 	-27.42 	-16.57
-32.44 	-24.11 	-16.06
-32.32 	-25.01 	-17.54
-30.86 	-21.99 	-29.77
-30.05 	-23.81 	-20.09
-29.6 	-23.51 	-21.62
-27.54 	-24.12 	-21.68
-27.73 	-25.02 	-22.55
-27.17 	-26.23 	-22.23
-27.12 	-27.13 	-21.59
-27.28 	-27.13 	-21.29
-27.88 	-27.43 	-19.44
-28.29 	-28.04 	-17.29
-29.36 	-28.33 	-18.45
-29.75 	-28.64 	-15.71
-31.62 	-28.64 	-11.41
-32.72 	-28.94 	-9.25
-34.46 	-29.24 	-5.84999
-34.88 	-29.24 	-3.71999
-35.7 	-29.24 	1.14
-35.07 	-30.15 	3.25
-34.48 	-30.77 	8.67999
-33.58 	-31.08 	13.49
-31.13 	-30.8 	18.51
-28.75 	-31.11 	21.75
-25.48 	-31.14 	25.85
-22.19 	-29.65 	31.1
-13.21 	-26.69 	37.59
-9.21999 	-23.41 	40.04
-4.39999 	-20.72 	41.57
-0.929993 	-18.03 	43.75
2.95999 	-12.93 	44.94
6.2 	-11.44 	45.06
8.87999 	-6.34 	45.99
9.98999 	-2.73999 	45.52
11.03 	2.37999 	44.39
11.63 	4.48 	43.69
12.05 	8.09 	43.25
11.28 	12 	43.14
10.58 	15.92 	40.92
7.60999 	21.35 	38.43
5.12999 	24.67 	38.42
3.28999 	26.79 	36.6
0.909988 	27.4 	37.28
-2.48999 	29.53 	35.22
-4.65999 	31.94 	34.01
-8.10999 	31.66 	33.55
-11.26 	32.26 	32.45
-13.09 	30.17 	32.89
-15.5 	29.88 	32.39
-17.94 	28.99 	31.31
-19.29 	28.4 	31.38
-24.23 	26.01 	31.35
-25.02 	24.81 	32.33
-25.96 	22.1 	33.06
-27.42 	19.1 	33.53
-27.47 	16.69 	35.12
-28.81 	13.09 	34.09
-29.9 	10.08 	35.14
-30.37 	7.37999 	34.95
-29.82 	1.65999 	36.94
-31.47 	0.459991 	33.73
-31.35 	-3.75 	34.47
-31.65 	-7.95999 	33.42
-31.84 	-12.47 	30.87
-31.65 	-18.48 	28.36
-31.54 	-22.38 	25.17
-31.25 	-24.49 	22.82
-30.39 	-28.4 	20.81
-30.27 	-30.49 	14.85
-29.51 	-31.09 	12.12
-28.92 	-33.8 	8.57999
-29.08 	-32.89 	5.53
-28.78 	-33.18 	0.399994
-28.81 	-34.08 	-0.769989
-28.97 	-32.87 	-3.81999
-28.48 	-31.36 	-7.51999
-30.27 	-26.53 	-14.86
-31.52 	-23.81 	-18.52
-32.15 	-20.8 	-19.51
-30.52 	-18.98 	-25.39
-30.64 	-15.07 	-26.12
-30.9 	-12.06 	-26.52
-32.44 	-7.84 	-28.41
-33.21 	-4.51999 	-28.5
-34.86 	0 	-28.9
-35.2 	3 	-27.18
-35.28 	6.62 	-27.3
-35.97 	9.01999 	-26.15
-35.62 	13.23 	-23.9
-36.35 	16.24 	-23.37
-36.97 	18.04 	-20.99
-36.56 	17.14 	-19.77
-37.63 	19.25 	-19.8
-37.89 	18.04 	-18.55
-38.98 	19.55 	-19.16
-39.08 	18.35 	-18.21
-39.87 	15.64 	-17.78
-40 	14.74 	-17.44
-40.16 	15.34 	-16.55
-40.97 	13.24 	-16.75
-41.62 	11.44 	-16.66
-42.48 	8.42999 	-14.11
-42.97 	6.01999 	-14.92
-43.9 	3.92 	-13.6
-42.19 	-0.48999 	-13.92
-42.07 	-3.5 	-12.61
-41.97 	-7.71999 	-12.47
-41.41 	-10.12 	-12.71
-40.24 	-14.04 	-11.41
-38.51 	-19.17 	-9.78999
-36.85 	-22.79 	-8.81999
-34.45 	-27.31 	-7.25
-31.16 	-32.14 	-4.79999
-22.05 	-40.31 	-0.939987
-16.96 	-41.54 	1.01999
-12.36 	-44.27 	2.75
-7.73999 	-44.5 	5.5
-3.53 	-45.72 	7.18999
0.889999 	-46.04 	9.73999
4.62 	-45.46 	12.9
7.87 	-42.17 	14.17
10.85 	-41.88 	15.55
14.27 	-40.4 	19.89
16.71 	-38.91 	21.56
18.16 	-35.31 	25
20.56 	-33.22 	26.04
23.04 	-24.81 	31.68
24.74 	-20.91 	33.29
25.3 	-17.61 	35.87
25.42 	-13.7 	36.64
21.92 	-6.28 	39.13
21.32 	-2.96999 	38.74
19.02 	1.54999 	39.57
17.08 	6.06999 	40.39
13.91 	9.39999 	40.4
11.7 	15.12 	39.68
9.20999 	16.34 	38.53
6.34999 	20.26 	37.9
1.89999 	24.49 	36.42
0.019989 	27.52 	33.97
-2.84 	29.03 	32.22
-4.62999 	31.44 	31.6
-7.15999 	32.06 	29.26
-9.48999 	32.67 	27.22
-12.43 	33.29 	27.01
-15.18 	32.7 	26.53
-17.78 	32.11 	25.75
-20.31 	31.51 	26.77
-23 	28.53 	26.38
-25.38 	28.23 	27.08
-26.36 	25.53 	26.61
-30.13 	20.43 	28.44
-31.64 	18.63 	28.26
-32.07 	15.32 	28.69
-32.03 	13.52 	28.75
-33.14 	10.21 	29.21
-33.12 	8.40999 	28.67
-33.15 	6.29999 	30.86
-32.92 	2.98999 	30.66
-31.62 	-0.62999 	31.04
-30.78 	-3.64 	32.92
-30.21 	-6.95999 	32.71
-28.39 	-10.27 	33.36
-26.04 	-17.2 	32.61
-24.23 	-20.42 	32.01
-23.1 	-23.72 	28.77
-22.63 	-25.53 	26.7
-21.26 	-29.14 	24.96
-20.64 	-30.94 	22.59
-20.53 	-33.35 	19.95
-19.93 	-34.55 	17.56
-18.48 	-37.56 	13.68
-20.01 	-36.94 	10.71
-19.6 	-37.24 	7.98
-20.16 	-39.34 	5.96999
-21.96 	-38.72 	0.279999
-22.83 	-36.91 	-2.75999
-25.36 	-34.49 	-4.56
-26.83 	-33.87 	-6.34
-28.1 	-32.36 	-7.23999
-29.84 	-29.94 	-10.58
-32 	-26.93 	-11.2
-34.71 	-23.9 	-12.94
-36.53 	-21.49 	-14.17
-37.82 	-18.17 	-14.53
-39.86 	-14.25 	-16.1
-41.44 	-9.73 	-14.69
-42.02 	-7.31999 	-15.05
-44.05 	0.509995 	-14.34
-44.57 	3.50999 	-12.92
-44.54 	5.62 	-11.18
-44.4 	6.81999 	-11.53
-44.78 	9.23 	-10.99
-44.25 	10.43 	-10.15
-44.44 	10.73 	-10.46
-44.26 	11.03 	-10.17
-44.1 	11.63 	-9.89999
-44.37 	11.03 	-8.65999
-44.91 	11.63 	-8.95999
-44.45 	9.81999 	-7.10999
-45.71 	9.82999 	-8.56999
-45.32 	7.71999 	-8.50999
-46.09 	8.62999 	-9.71999
-45.3 	5.62 	-9.03999
-45.5 	4.71999 	-9.89999
-45.29 	2.00999 	-10.72
-44.52 	-1 	-10.05
-45.19 	-2.5 	-10.57
-44.99 	-5.50999 	-11.38
-44.08 	-9.73 	-12.17
-42.29 	-13.94 	-12.7
-41.16 	-17.26 	-12.02
-38.66 	-21.78 	-10.67
-33.3 	-29.93 	-9.98999
-30.64 	-31.75 	-9.12999
-27.65 	-34.77 	-8.84
-23.89 	-37.5 	-6.76999
-19.02 	-41.73 	-3.5
-14.8 	-42.96 	-1.81
-9.57999 	-43.88 	-0.769989
-4.10999 	-45.42 	1.78999
1.39999 	-45.45 	6.09999
6.37999 	-43.96 	6.75999
12.01 	-44.29 	9.59
17.26 	-41.91 	12.93
24.55 	-35.62 	13.94
27.4 	-32.33 	17.94
30.12 	-28.43 	18.9
33.05 	-25.44 	20.8
34.15 	-19.43 	21.45
35.92 	-16.43 	24.3
35.86 	-10.12 	25.89
34.8 	-5 	27.56
34.59 	-1.68999 	28.36
32.45 	2.42 	30.08
29.96 	7.54999 	30.6
28.07 	11.76 	32.64
22.93 	14.79 	34.54
20.49 	17.81 	35.13
16.6 	19.63 	33.41
13.83 	23.25 	34.6
10.97 	24.77 	32.84
7.7 	26.89 	33.8
4.31999 	29.61 	32.33
0.639999 	31.12 	31.51
-2.71999 	31.74 	29.51
-7.18999 	31.76 	29.68
-9.89999 	31.77 	30.39
-13.2 	30.88 	29.04
-15.97 	29.69 	31.9
-20 	26.12 	20.42
-22.68 	24.33 	21.18
-26.13 	20.71 	30.79
-27.54 	18.01 	32.45
-28.9 	14.71 	31.41
-30.25 	13.21 	30.91
-30.73 	11.1 	30.7
-32.22 	10.21 	31.7
-32.22 	7.79999 	30.57
-32.16 	6.29999 	31.23
-32.28 	4.48999 	31.6
-32.01 	1.17999 	32
-31.32 	-4.84 	33.09
-31.67 	-6.93999 	31.97
-30.71 	-9.65999 	32.93
-29.62 	-14.47 	31.85
-28.53 	-16.59 	32.49
-27.12 	-20.2 	31.35
-25.95 	-22.91 	29.29
-25.2 	-26.82 	28.79
-23.71 	-28.93 	26.7
-23.1 	-31.93 	23.16
-21.85 	-34.65 	22.9
-21.19 	-35.84 	17.79
-19.68 	-37.65 	16.29
-17.9 	-40.65 	8.48
-17.69 	-41.55 	4.87999
-17.23 	-40.94 	0.00999451
-16.14 	-41.24 	-2.73
-15.95 	-41.24 	-6.35999
-15.23 	-39.43 	-8.56
-16.01 	-37.61 	-13.72
-15.97 	-37.01 	-16.46
-16.73 	-33.99 	-20.46
-17.38 	-31.88 	-22.62
-17.71 	-28.86 	-24.82
-18.13 	-25.84 	-28.83
-19.79 	-18.91 	-32.03
-20.54 	-14.7 	-31.54
-22.59 	-11.98 	-33.67
-23.39 	-6.85999 	-33.82
-24.7 	-3.53999 	-34.79
-26.1 	-0.229996 	-33.64
-27.06 	3.68999 	-34.04
-28.24 	6.7 	-31.99
-30.67 	10.61 	-30.83
-31.13 	12.42 	-28.76
-33.17 	14.83 	-26.96
-35.01 	17.84 	-24.27
-37.64 	17.54 	-17.83
-38.82 	17.24 	-17.47
-39.49 	17.54 	-16.85
-40.06 	17.24 	-14.4
-40.4 	17.24 	-14.39
-40.38 	17.54 	-13.8
-41.33 	15.44 	-13.09
-42.52 	16.35 	-12.17
-41.76 	14.54 	-11.53
-42.94 	13.94 	-11.16
-42.89 	11.53 	-11.08
-43.87 	9.73 	-10.98
-44.34 	7.32999 	-11.18
-44.73 	0.109985 	-11.82
-44.64 	-2.59999 	-11.12
-44.44 	-6.81 	-12.49
-44.55 	-9.81999 	-12.69
-42.74 	-13.14 	-12.04
-42 	-15.55 	-11.98
-41.72 	-18.56 	-10.98
-40.08 	-20.07 	-9.48999
-38.63 	-24.29 	-10
-35.86 	-28.82 	-7.84
-33.72 	-30.63 	-6.64999
-30.31 	-33.66 	-5.17
-22.52 	-40.01 	-2.82999
-18.02 	-42.14 	-2.92999
-12.52 	-45.77 	-0.899994
-7.12 	-45.8 	1
-0.639999 	-45.23 	4.04999
5.25 	-45.86 	5.04999
10.67 	-46.18 	6.96999
15.32 	-42 	9.35999
20.55 	-40.82 	11.53
24.91 	-38.13 	10.66
28.52 	-35.44 	11.94
31.69 	-31.24 	11.97
34.43 	-27.64 	13.55
37.65 	-18.33 	17.03
38.59 	-14.43 	16.85
39.25 	-9.92 	18.48
39.72 	-5.40999 	19.81
39.68 	-1.2 	20.88
38.03 	3.92 	21.06
36.6 	9.03999 	22.15
35.33 	13.56 	22.94
32.9 	15.07 	22.99
30.4 	20.19 	23.51
27.56 	24.42 	23.47
24.73 	27.14 	22.88
18.5 	33.47 	20.79
15.93 	33.79 	21.18
13.63 	36.5 	20.87
11.77 	37.12 	17.9
10.05 	37.12 	17.97
7.92999 	38.64 	17.39
4.98 	40.76 	17.74
1.84999 	40.47 	16.66
0.139999 	41.08 	17.31
-2.53 	41.99 	15.27
-4.53 	40.2 	16.01
-7.25999 	41.11 	16.69
-8.73 	38.41 	17.14
-14.65 	37.83 	18.9
-16.66 	36.63 	19.62
-17.93 	35.73 	21.51
-20.2 	33.63 	23.48
-22.02 	32.43 	24.5
-23.13 	30.04 	25.53
-25.27 	27.94 	26.59
-25.82 	23.43 	27.37
-27.64 	18.61 	30.62
-27.64 	18.61 	30.62
-28.81 	15.31 	29.88
-29.14 	11.4 	32.14
-30.9 	5.39 	32.11
-31.47 	1.78 	32.87
-31.36 	-1.82999 	33.59
-31.12 	-5.75 	33.42
-30.6 	-8.75 	31.99
-30.69 	-11.76 	32.4
-29.65 	-15.68 	30.69
-28.95 	-18.68 	29.56
-27.86 	-23.5 	28.48
-27.61 	-25.3 	25.51
-25.94 	-27.71 	23.12
-25.02 	-31.32 	22.91
-22.37 	-35.23 	14.8
-20.68 	-38.85 	12.44
-19.28 	-39.75 	8.5
-17.67 	-41.25 	5.46999
-16.59 	-42.45 	2.14999
-15.76 	-41.85 	-2.12
-13.59 	-42.15 	-3.7
-13.78 	-40.64 	-7.37
-12.67 	-42.15 	-10.08
-12.25 	-40.94 	-11.64
-12.34 	-39.13 	-12.91
-12.59 	-38.23 	-14.44
-12.85 	-38.52 	-16.53
-14.23 	-35.81 	-19.29
-14.19 	-34.3 	-21.45
-14.94 	-32.19 	-22.1
-15.96 	-29.47 	-24.27
-17.26 	-27.05 	-29.13
-17.72 	-24.04 	-30.42
-19.5 	-18.61 	-33.26
-22.41 	-14.08 	-34.51
-24.39 	-10.16 	-34.87
-29.29 	-2.82999 	-34.18
-29.29 	-2.82999 	-34.18
-32.26 	1.09 	-33.3
-34.99 	2.89999 	-28.13
-37.74 	4.70999 	-27.48
-38.77 	6.81999 	-26.31
-39.93 	7.73 	-24.79
-39.69 	8.92999 	-22.73
-40.87 	9.82999 	-21.81
-41.12 	9.23 	-19.97
-41.98 	10.73 	-19.08
-42.11 	11.03 	-18.18
-42.62 	11.04 	-17.86
-42.03 	9.82999 	-16.94
-42.37 	10.73 	-16.35
-42.92 	10.43 	-17.23
-43.75 	10.14 	-16.88
-43.38 	7.42999 	-17.4
-43.92 	8.03 	-17.71
-43.69 	5.01999 	-17.91
-43.36 	4.12 	-18.5
-42.62 	2.31 	-18.46
-42.69 	0.809998 	-20.82
-42.27 	-0.699997 	-19.58
-41.9 	-3.09999 	-20.11
-38.42 	-10.03 	-22.42
-38.42 	-10.03 	-22.42
-34.92 	-16.56 	-20.1
-33.17 	-21.38 	-21.81
-30.81 	-25.6 	-20.85
-27.48 	-30.43 	-17.79
-24.69 	-34.66 	-15.03
-19.95 	-37.99 	-14.2
-16.27 	-41.62 	-10.59
-10.55 	-44.06 	-6.5
-6.46999 	-43.78 	-3.34999
-2.57999 	-46.52 	1.71999
1.17 	-44.73 	4.59
5.32999 	-45.66 	8.98999
8 	-43.58 	16.05
8.07999 	-42.68 	18.43
8.35999 	-40.88 	21.68
7 	-39.07 	22.87
6.92 	-38.17 	25.56
4.95999 	-36.67 	28.6
2.71999 	-35.45 	28.94
0.439987 	-34.85 	32.03
-2.31999 	-31.83 	33.24
-5.62 	-31.51 	32.45
-9.2 	-29.7 	34.03
-11.98 	-27.88 	34.07
-15.84 	-25.46 	33.54
-21.27 	-22.12 	32.72
-24.5 	-18.2 	31.5
-26.42 	-17.29 	31.25
-28.02 	-17.58 	29.81
-30.44 	-14.86 	27.09
-32.21 	-14.55 	25.94
-32.97 	-13.34 	24.72
-35.01 	-14.53 	20.92
-36.22 	-14.52 	20.67
-37.24 	-13.31 	17.34
-37.21 	-16.01 	16.83
-38.57 	-16.6 	12.99
-38.68 	-17.8 	10.01
-38.94 	-19 	7.34999
-39.03 	-18.39 	5.51999
-37.55 	-20.8 	2.82999
-36.78 	-22 	0.12999
-36.09 	-24.71 	-1.00999
-34.58 	-25.02 	-1.95999
-33.47 	-26.22 	-4.67999
-31.46 	-28.63 	-7.07999
-30.54 	-28.33 	-9.53999
-28.48 	-29.84 	-10.17
-26.53 	-29.84 	-12.66
-23.86 	-32.26 	-15.7
-20.14 	-31.06 	-20.41
-17.4 	-32.27 	-21.07
-14.72 	-32.88 	-22.97
-12.19 	-33.79 	-24.54
-10.68 	-31.99 	-24.36
-6.92 	-33.81 	-25.65
-5.10999 	-34.42 	-27.81
-2.93999 	-32.32 	-28.27
0.0699921 	-31.73 	-29.61
2.98 	-31.74 	-30.02
4.84999 	-30.54 	-29.84
7.09 	-29.04 	-32.99
10.11 	-25.44 	-32.63
12.15 	-25.75 	-33.3
12.54 	-22.14 	-34.35
13.72 	-21.54 	-34.71
15.55 	-19.75 	-35.15
15.45 	-17.64 	-36.43
16.06 	-15.83 	-37.11
14.59 	-12.52 	-37.78
13.95 	-11 	-43.84
12.15 	-8.26999 	-52.31
8.40999 	-6.15999 	-42.59
4.10999 	-4.93999 	-42.16
-6.67 	-0.98999 	-43.09
-11.44 	0.229996 	-41.74
-16.74 	0.849991 	-40.66
-23.26 	-0.929993 	-37.63
-28.59 	-0.909988 	-33.8
-33.48 	-3.60999 	-29.3
-36.43 	-7.21999 	-23.93
-37.93 	-12.34 	-17.36
-40.29 	-16.55 	-10.48
-38.21 	-23.2 	-1.57999
-35.07 	-26.83 	5.65999
-30.73 	-31.07 	12.58
-24.43 	-35.02 	17
-13.27 	-39.59 	22.46
-9.45999 	-41.41 	22.38
-5.10999 	-40.23 	24.28
-1.10999 	-42.35 	24.5
3.31999 	-40.86 	24.28
7.82999 	-39.68 	25.88
12.31 	-39.4 	26.3
15.13 	-37.9 	24.63
18.33 	-36.41 	24.15
21.41 	-36.12 	24.02
23.81 	-37.03 	23.36
24.53 	-33.73 	21.71
28.68 	-34.34 	18.25
30.89 	-32.84 	18.42
32.83 	-31.34 	16.48
34.23 	-30.44 	13.68
35.74 	-28.64 	13.86
37.58 	-28.05 	12.86
37.63 	-25.64 	11.27
38.9 	-24.74 	9.37999
40.12 	-25.04 	9.64
40.54 	-23.84 	8.07999
40.37 	-22.03 	8.92999
40.86 	-21.43 	8.57999
40.91 	-20.23 	6.42999
41.03 	-21.13 	4.95
41.78 	-22.94 	5.57999
39.9 	-22.33 	5.93999
41.11 	-24.44 	5.06
39.9 	-23.23 	5.37
39.5 	-23.53 	4.17999
39.35 	-24.73 	3.92999
39.34 	-25.63 	3.35999
38.82 	-25.63 	3.07999
38.64 	-25.63 	2.78
38.07 	-25.02 	1.87999
37.87 	-25.92 	1.00999
37.39 	-25.31 	-2.00999
37.97 	-25.61 	-4.42999
38.42 	-25.61 	-5.95999
37.69 	-24.7 	-6.56999
38.29 	-23.2 	-7.84999
37.7 	-24.09 	-9.90999
38.36 	-24.1 	-10.53
37.77 	-22.89 	-11.46
36.85 	-22.58 	-12.94
36.78 	-22.88 	-14.74
35.74 	-23.78 	-15.27
35.07 	-24.38 	-15.23
33.06 	-24.36 	-17.86
31.28 	-24.65 	-19.59
30.26 	-26.15 	-20.11
28.99 	-24.94 	-21.01
27.54 	-26.13 	-23.32
24.73 	-26.72 	-25
24.16 	-25.82 	-25.92
21.54 	-28.21 	-27.84
18.38 	-26.99 	-28.97
15.97 	-27.58 	-29.46
12.36 	-29.07 	-30.18
10.08 	-28.76 	-31
3.89 	-26.62 	-34.16
1.59 	-25.1 	-35.03
-0.859985 	-24.49 	-35.56
-2.96999 	-22.08 	-35.56
-5.07999 	-21.76 	-36.7
-5.98999 	-21.16 	-37.59
-7.03999 	-19.35 	-37.01
-7.70999 	-19.95 	-36.96
-7.17999 	-19.95 	-36.68
-6.07999 	-23.26 	-36.61
-5.15999 	-22.97 	-35.14
-4.09999 	-23.58 	-34.56
-2.26999 	-25.99 	-33.34
-0.439987 	-28.41 	-32.12
0.809998 	-30.22 	-31.8
1.48 	-29.92 	-31.84
1.73999 	-30.83 	-30.31
3.79999 	-30.84 	-30.39
4.10999 	-30.54 	-31.01
5.89 	-31.15 	-29.85
6.76999 	-32.66 	-30.14
7.67999 	-32.36 	-28.68
8.73999 	-32.37 	-28.11
10.93 	-33.58 	-25.74
12.05 	-31.78 	-26.75
15.41 	-33.6 	-25.31
16.98 	-32.71 	-24.5
19.04 	-32.72 	-24.57
20.63 	-32.12 	-23.15
23.03 	-32.73 	-23.82
25.02 	-31.24 	-20.63
26.03 	-30.34 	-20.7
26.68 	-28.84 	-20.78
28.62 	-28.25 	-19.37
30.17 	-27.96 	-19.14
31.24 	-27.36 	-17.99
32.15 	-27.07 	-16.53
32.84 	-25.27 	-15.41
34.73 	-24.37 	-15.21
35.39 	-23.47 	-15.27
35.57 	-23.17 	-14.98
36.82 	-23.78 	-14.11
37.5 	-22.28 	-13.58
38.22 	-21.69 	-12.42
38.75 	-19.58 	-11.01
39.46 	-17.78 	-9.89
40.47 	-16.89 	-9.95999
41.38 	-16.59 	-8.5
42.13 	-16.3 	-6.73
42.96 	-14.19 	-6.53
43.57 	-13 	-3.87999
43.91 	-10.59 	-2.76999
44.02 	-12.1 	-0.909988
44.29 	-11.21 	1.75999
44.69 	-10.01 	3.50999
44.26 	-8.81 	6.2
44.53 	-7.90999 	8.87999
44.28 	-7.31 	11.28
43.97 	-7.31 	11.9
42.62 	-5.2 	13.68
42.9 	-4.90999 	16.38
41.94 	-4.60999 	18.21
41.14 	-3.7 	19.72
38.9 	-2.79999 	24
38.09 	-1.89999 	25.51
37.21 	-1.59 	25.23
36.43 	-0.689987 	27.34
35.5 	-1.59 	29.22
34.86 	-2.78999 	29.89
34.36 	-1.89 	30.78
33.39 	-2.78999 	31.45
33.42 	-2.78999 	32.06
33.29 	-5.5 	31.85
32.23 	-5.18999 	31.28
33.49 	-7 	31.6
32.77 	-8.2 	30.46
33.86 	-10.91 	30.51
33.01 	-11.51 	30.26
32.96 	-12.71 	28.5
33 	-15.42 	27.99
33.55 	-18.73 	27.18
32.13 	-20.53 	25.48
31.78 	-23.83 	23.8
31.25 	-25.93 	22.39
30.9 	-28.94 	20.69
29.64 	-30.73 	18.69
28.04 	-32.83 	16.11
27.81 	-35.83 	13.51
23.46 	-37.91 	7.10999
21.49 	-39.4 	4.53
19.32 	-40.29 	1.62
16.87 	-41.78 	-0.0399933
13.5 	-41.76 	-2.62999
10.73 	-43.24 	-7.59999
7.56999 	-43.53 	-9.28
4.48 	-41.7 	-12.54
0.689987 	-40.18 	-15.76
-2.39 	-40.16 	-19.57
-6.50999 	-36.53 	-21.65
-9.29999 	-33.5 	-24.96
-15.71 	-27.45 	-27.34
-17.53 	-25.04 	-28.56
-19.05 	-22.32 	-30.41
-20.72 	-18.7 	-31.37
-22.2 	-15.99 	-32.62
-22.77 	-14.18 	-32.96
-24.14 	-12.07 	-31.78
-24.92 	-9.04999 	-32.45
-25.31 	-8.14999 	-33.07
-25.34 	-6.95 	-33.11
-26 	-6.93999 	-32.49
-25.74 	-5.14 	-33.76
-26.2 	-4.84 	-32.25
-26.35 	-5.43999 	-31.92
-26.66 	-6.64 	-31.87
-27.43 	-6.64 	-33.65
-28.27 	-5.73 	-32.74
-28.4 	-6.92999 	-32.39
-28.4 	-6.92999 	-32.39
-27.98 	-8.14 	-31.16
-28.32 	-8.43999 	-31.14
-28.84 	-8.43999 	-31.42
-28.76 	-9.64 	-30.17
-29.14 	-9.03999 	-30.78
-29.54 	-11.15 	-29.19
-29.72 	-14.76 	-27.24
-29.86 	-15.66 	-26.9
-28.45 	-20.79 	-24.67
-28.45 	-20.79 	-24.67
-26.66 	-24.1 	-24.62
-25.13 	-27.72 	-22.75
-22.59 	-30.14 	-20.95
-18.77 	-35.58 	-18.79
-14.71 	-38.01 	-17.36
-10.6 	-40.13 	-14.73
-5.31999 	-42.87 	-13.03
1.03 	-43.2 	-9.64
11.04 	-44.15 	-4.85999
16.13 	-44.18 	-2.34
20.96 	-42.09 	-0.789993
25.18 	-40.61 	2.00999
28.55 	-37.02 	6.28
31.64 	-35.83 	6.73
33.37 	-32.23 	8.95
34.64 	-30.14 	11.54
36.52 	-26.54 	12.85
37.04 	-24.14 	14.26
37.33 	-19.63 	19.22
37.33 	-19.63 	19.22
37.61 	-18.74 	21.89
36.3 	-16.03 	24.86
35.19 	-16.93 	26.45
34.21 	-16.93 	27.69
33.38 	-17.53 	28.04
31.49 	-17.82 	27.83
29.3 	-17.51 	28.8
28.13 	-19.62 	32.54
25.41 	-19.61 	33.25
23.26 	-18.7 	35.41
21.44 	-18.1 	37.58
18.7 	-16.88 	38.24
16.51 	-15.67 	39.79
11.9 	-12.65 	41.98
9.57999 	-12.34 	43.87
6.54999 	-11.42 	41.84
4.65999 	-9.60999 	42.75
2.53999 	-8.09999 	42.18
0.509995 	-8.09 	42.86
-1.14999 	-8.09 	44.13
-3.09999 	-8.37999 	42.71
-5.2 	-8.67 	41.59
-7.04999 	-9.56 	42
-9.64999 	-10.45 	41.22
-11.57 	-11.65 	39.83
-14.97 	-16.44 	38.32
-16.05 	-17.64 	36.59
-16.74 	-19.44 	35.47
-18.49 	-20.33 	34.36
-18.18 	-22.14 	32.61
-17.78 	-22.72 	22.05
-19.07 	-24.84 	30.62
-19.08 	-26.64 	29.48
-19.49 	-28.74 	27.15
-19.05 	-28.44 	25.62
-18.3 	-30.55 	25.66
-18.03 	-32.35 	23.3
-18.08 	-32.35 	22.1
-17.31 	-35.05 	18.84
-18.56 	-35.65 	17.4
-17.74 	-37.15 	15.91
-18.09 	-37.45 	15.33
-18.62 	-38.64 	10.57
-19.4 	-36.83 	9.32999
-19.6 	-38.93 	7.89999
-19.92 	-38.63 	4.59
-20.02 	-37.72 	2.75
-20.23 	-38.62 	1.28
-21.6 	-36.8 	-1.45
-20.88 	-36.8 	-4.78999
-21.14 	-36.79 	-6.89999
-20.87 	-36.49 	-8.12
-20.87 	-34.98 	-11.49
-20.94 	-35.28 	-13.29
-21.13 	-34.38 	-13.01
-21.27 	-34.98 	-12.69
-21.02 	-34.07 	-14.54
-20.82 	-34.68 	-14.22
-20.42 	-34.98 	-13.02
-21.16 	-34.07 	-13.63
-20.66 	-34.08 	-13.95
-20.48 	-34.68 	-14.24
-20.28 	-35.58 	-13.91
-21.58 	-33.77 	-15.43
-19.98 	-35.58 	-15.13
-20.53 	-33.77 	-14.87
-20.27 	-33.77 	-16.69
-20.6 	-34.97 	-17.24
-19.69 	-34.68 	-15.77
-20.61 	-33.47 	-16.69
-20.59 	-33.47 	-16.08
-20.28 	-33.17 	-16.71
-20.66 	-32.57 	-17.32
-20.36 	-32.27 	-17.94
-19.57 	-31.66 	-19.5
-20.01 	-30.16 	-20.75
-19.72 	-29.85 	-21.97
-19.2 	-31.66 	-22.84
-19.08 	-30.16 	-23.2
-19.59 	-29.85 	-22.88
-19.13 	-28.35 	-23.26
-18.9 	-30.46 	-22.89
-18.43 	-30.16 	-23.82
-18.43 	-30.16 	-23.82
-18.35 	-29.86 	-22.03
-17.97 	-31.37 	-21.99
-17.29 	-32.28 	-18.67
-18.15 	-33.18 	-18.9
-17.62 	-33.18 	-18.62
-16.84 	-33.78 	-20.74
-15.63 	-32.58 	-19.93
-14.82 	-33.18 	-21.44
-13.47 	-33.49 	-22.09
-12.27 	-33.79 	-22.43
-11.48 	-34.1 	-23.95
-10.44 	-33.2 	-23.42
-10.38 	-31.39 	-25
-8.59999 	-32.9 	-24.41
-7.76999 	-32.61 	-24.75
-6.78 	-32.91 	-25.99
-5.75 	-32.91 	-26.03
-4.85999 	-33.52 	-25.74
-4.65999 	-33.22 	-24.85
-4.31999 	-34.12 	-25.44
-3.45999 	-33.83 	-25.18
-3.45999 	-32.92 	-24.61
-2.00999 	-32.93 	-26.77
-1.25 	-33.83 	-25.56
1.48 	-34.15 	-26.26
2.04999 	-34.15 	-24.78
2.37 	-33.85 	-25.4
1.2 	-34.45 	-25.03
0.949997 	-32.94 	-25.98
1.37 	-35.35 	-25.31
1.85999 	-33.55 	-25.09
1.53 	-33.85 	-25.07
1.7 	-34.45 	-25.35
1.78999 	-34.15 	-26.88
