364.570312, -85.781235, -3.445312
357.421875, -85.781235, 3.445312
343.125000, -71.484360, -10.335938
350.273438, -78.632797, -3.445312
343.125000, -85.781235, -10.335938
364.570312, -78.632797, -3.445312
343.125000, -85.781235, -3.445312
357.421875, -78.632797, 3.445312
357.421875, -85.781235, -3.445312
364.570312, -57.187500, 3.445312
350.273438, -78.632797, -3.445312
371.718750, -92.929672, 3.445312
350.273438, -71.484360, -3.445312
357.421875, -78.632797, -3.445312
357.421875, -78.632797, -3.445312
357.421875, -92.929672, 10.335938
357.421875, -71.484360, -10.335938
357.421875, -92.929672, -3.445312
364.570312, -64.335922, 3.445312
350.273438, -92.929672, 3.445312
335.976562, -78.632797, -10.335938
357.421875, -57.187500, -3.445312
350.273438, -85.781235, 10.335938
357.421875, -85.781235, 17.226562
350.273438, -85.781235, -10.335938
364.570312, -78.632797, -3.445312
364.570312, -78.632797, -3.445312
335.976562, -78.632797, -10.335938
343.125000, -100.078110, 10.335938
343.125000, -92.929672, -3.445312
357.421875, -85.781235, -3.445312
357.421875, -64.335922, -3.445312
350.273438, -71.484360, 17.226562
364.570312, -85.781235, 3.445312
350.273438, -78.632797, 10.335938
350.273438, -78.632797, 3.445312
350.273438, -71.484360, -10.335938
350.273438, -85.781235, -3.445312
350.273438, -85.781235, -3.445312
357.421875, -85.781235, 10.335938
350.273438, -78.632797, -3.445312
357.421875, -71.484360, 3.445312
357.421875, -92.929672, -3.445312
343.125000, -85.781235, 3.445312
350.273438, -92.929672, -10.335938
357.421875, -92.929672, 3.445312
357.421875, -85.781235, 10.335938
371.718750, -85.781235, 10.335938
343.125000, -78.632797, 17.226562
343.125000, -85.781235, 3.445312
357.421875, -71.484360, -10.335938
343.125000, -78.632797, 10.335938
357.421875, -78.632797, -3.445312
357.421875, -78.632797, -3.445312
364.570312, -71.484360, -3.445312
335.976562, -78.632797, -3.445312
357.421875, -78.632797, 3.445312
350.273438, -85.781235, -3.445312
343.125000, -85.781235, -3.445312
350.273438, -71.484360, -17.226562
357.421875, -85.781235, 10.335938
350.273438, -78.632797, 10.335938
357.421875, -85.781235, 3.445312
343.125000, -78.632797, 3.445312
357.421875, -85.781235, 3.445312
350.273438, -85.781235, -3.445312
364.570312, -78.632797, -3.445312
357.421875, -71.484360, 3.445312
371.718750, -64.335922, 17.226562
350.273438, -85.781235, 3.445312
343.125000, -78.632797, 3.445312
357.421875, -78.632797, -3.445312
357.421875, -71.484360, 3.445312
328.828125, -71.484360, 3.445312
357.421875, -78.632797, -3.445312
343.125000, -78.632797, -3.445312
357.421875, -78.632797, 3.445312
350.273438, -85.781235, -3.445312
357.421875, -85.781235, 10.335938
335.976562, -78.632797, -3.445312
357.421875, -64.335922, 3.445312
350.273438, -78.632797, 3.445312
350.273438, -78.632797, 17.226562
357.421875, -71.484360, 10.335938
350.273438, -78.632797, 3.445312
343.125000, -57.187500, -10.335938
343.125000, -35.742188, -3.445312
357.421875, -21.445312, -24.117157
364.570312, 14.296875, 3.445312
357.421875, 21.445312, 3.445312
350.273438, 21.445312, -17.226562
350.273438, 50.039062, -17.226562
343.125000, 28.593750, 10.335938
350.273438, 21.445312, 3.445312
335.976562, 28.593750, 24.117188
335.976562, 28.593750, 24.117188
350.273438, 35.742188, 44.789062
335.976562, -14.296875, 51.679688
328.828125, -92.929672, 51.679688
357.421875, -64.335922, 31.007812
343.125000, -57.187500, 51.679688
357.421875, -92.929672, 65.460938
350.273438, -107.226547, 72.351562
357.421875, -135.820312, 79.242188
357.421875, -121.523422, 72.351562
343.125000, -128.671875, 79.242188
335.976562, -114.374985, 86.132812
350.273438, -121.523422, 86.132812
328.828125, -142.968750, 86.132812
328.828125, -142.968750, 72.351562
343.125000, -150.117188, 58.570312
307.382812, -164.414062, 72.351562
314.531250, -185.859375, 58.570312
314.531250, -185.859375, 37.898438
314.531250, -193.007812, 37.898438
307.382812, -200.156250, 51.679688
307.382812, -193.007812, 65.460938
328.828125, -193.007812, 65.460938
307.382812, -185.859375, 72.351562
300.234375, -185.859375, 79.242188
300.234375, -193.007812, 72.351562
321.679688, -193.007812, 72.351562
307.382812, -200.156250, 65.460938
307.382812, -200.156250, 79.242188
314.531250, -207.304688, 86.132812
293.085938, -207.304688, 86.132812
307.382812, -193.007812, 79.242188
300.234375, -214.453125, 86.132812
314.531250, -214.453125, 58.570312
314.531250, -221.601562, 44.789062
307.382812, -243.046875, 72.351562
321.679688, -221.601562, 58.570312
307.382812, -235.898438, 31.007812
307.382812, -235.898438, 31.007812
300.234375, -235.898438, 31.007812
300.234375, -257.343750, 24.117188
307.382812, -250.195312, 17.226562
300.234375, -257.343750, 10.335938
300.234375, -264.492188, 17.226562
307.382812, -250.195312, 17.226562
300.234375, -257.343750, 17.226562
293.085938, -257.343750, 24.117188
293.085938, -257.343750, 31.007812
300.234375, -271.640625, 37.898438
300.234375, -264.492188, 31.007812
278.789062, -257.343750, 24.117188
293.085938, -264.492188, 24.117188
278.789062, -285.937500, 31.007812
300.234375, -271.640625, 37.898438
278.789062, -271.640625, 44.789062
293.085938, -271.640625, 44.789062
293.085938, -257.343750, 31.007812
278.789062, -278.789062, 31.007812
285.937500, -271.640625, 24.117188
307.382812, -271.640625, 31.007812
300.234375, -271.640625, 31.007812
300.234375, -264.492188, 31.007812
293.085938, -257.343750, 31.007812
285.937500, -278.789062, 31.007812
293.085938, -264.492188, 31.007812
293.085938, -250.195312, 31.007812
293.085938, -257.343750, 31.007812
293.085938, -243.046875, 24.117188
293.085938, -264.492188, 31.007812
285.937500, -264.492188, 24.117188
300.234375, -271.640625, 3.445312
307.382812, -250.195312, 10.335938
293.085938, -264.492188, 17.226562
293.085938, -264.492188, 3.445312
285.937500, -264.492188, 3.445312
293.085938, -264.492188, 10.335938
285.937500, -271.640625, 3.445312
278.789062, -278.789062, -3.445312
271.640625, -285.937500, 10.335938
257.343750, -300.234375, -24.117157
278.789062, -293.085938, -17.226562
257.343750, -293.085938, -24.117157
250.195297, -293.085938, -24.117157
264.492188, -314.531250, -37.898407
250.195297, -321.679688, -37.898407
257.343750, -307.382812, -44.789032
250.195297, -307.382812, -44.789032
250.195297, -328.828125, -44.789032
243.046860, -314.531250, -44.789032
235.898422, -328.828125, -79.242157
235.898422, -343.125000, -58.570282
221.601547, -321.679688, -51.679657
235.898422, -343.125000, -58.570282
221.601547, -328.828125, -79.242157
207.304672, -343.125000, -86.132782
200.156235, -350.273438, -79.242157
200.156235, -357.421875, -99.914032
178.710922, -350.273438, -99.914032
178.710922, -378.867188, -99.914032
142.968750, -371.718750, -127.476532
135.820312, -393.164062, -134.367157
107.226562, -386.015625, -141.257782
92.929672, -378.867188, -175.710907
71.484360, -371.718750, -189.492157
50.039047, -393.164062, -203.273407
28.593742, -378.867188, -217.054657
28.593742, -378.867188, -223.945282
7.148422, -393.164062, -223.945282
7.148422, -371.718750, -237.726532
21.445305, -357.421875, -203.273407
50.039047, -371.718750, -217.054657
57.187485, -364.570312, -189.492157
92.929672, -357.421875, -168.820282
142.968750, -350.273438, -155.039032
200.156235, -314.531250, -127.476532
257.343750, -293.085938, -79.242157
321.679688, -221.601562, -37.898407
371.718750, -150.117188, -3.445312
378.867188, -42.890625, 17.226562
364.570312, 64.335938, 58.570312
335.976562, 157.265656, 93.023438
293.085938, 257.343750, 120.585968
214.453110, 293.085938, 161.929718
171.562485, 335.976562, 189.492218
114.375000, 335.976562, 217.054718
57.187485, 350.273438, 230.835968
28.593742, 335.976562, 223.945343
21.445305, 307.382812, 230.835968
28.593742, 300.234375, 210.164093
21.445305, 300.234375, 203.273468
21.445305, 293.085938, 210.164093
50.039047, 293.085938, 196.382843
57.187485, 264.492188, 189.492218
57.187485, 257.343750, 182.601593
64.335922, 264.492188, 182.601593
57.187485, 250.195312, 168.820343
78.632797, 257.343750, 161.929718
85.781235, 264.492188, 182.601593
121.523438, 243.046875, 161.929718
142.968750, 235.898438, 155.039093
164.414062, 207.304688, 155.039093
214.453110, 171.562531, 148.148468
243.046860, 142.968781, 120.585968
293.085938, 92.929718, 134.367218
307.382812, 42.890625, 113.695343
335.976562, 21.445312, 65.460938
343.125000, -35.742188, 51.679688
350.273438, -85.781235, 24.117188
364.570312, -128.671875, -10.335938
335.976562, -164.414062, -37.898407
314.531250, -207.304688, -72.351532
307.382812, -228.750000, -86.132782
271.640625, -250.195312, -120.585907
271.640625, -264.492188, -127.476532
250.195297, -285.937500, -155.039032
228.749985, -271.640625, -196.382782
214.453110, -278.789062, -217.054657
178.710922, -293.085938, -251.507782
135.820312, -321.679688, -272.179657
100.078110, -300.234375, -285.960968
85.781235, -307.382812, -285.960968
57.187485, -300.234375, -306.632843
42.890610, -285.937500, -299.742218
42.890610, -300.234375, -320.414093
50.039047, -293.085938, -306.632843
57.187485, -293.085938, -313.523468
57.187485, -285.937500, -306.632843
64.335922, -271.640625, -313.523468
57.187485, -285.937500, -292.851593
78.632797, -300.234375, -292.851593
92.929672, -307.382812, -272.179657
100.078110, -314.531250, -272.179657
128.671875, -300.234375, -265.289032
150.117188, -300.234375, -251.507782
164.414062, -300.234375, -244.617157
171.562485, -300.234375, -223.945282
193.007797, -278.789062, -217.054657
221.601547, -300.234375, -196.382782
228.749985, -285.937500, -196.382782
250.195297, -271.640625, -182.601532
257.343750, -264.492188, -155.039032
264.492188, -257.343750, -148.148407
293.085938, -271.640625, -134.367157
293.085938, -257.343750, -113.695282
307.382812, -235.898438, -106.804657
314.531250, -221.601562, -99.914032
307.382812, -207.304688, -93.023407
335.976562, -221.601562, -93.023407
328.828125, -193.007812, -65.460907
335.976562, -171.562500, -65.460907
335.976562, -164.414062, -37.898407
335.976562, -150.117188, -37.898407
335.976562, -157.265625, -17.226562
335.976562, -142.968750, 3.445312
328.828125, -135.820312, 3.445312
335.976562, -114.374985, 24.117188
343.125000, -114.374985, 31.007812
343.125000, -107.226547, 58.570312
335.976562, -78.632797, 58.570312
328.828125, -64.335922, 72.351562
335.976562, -42.890625, 79.242188
314.531250, -50.039062, 93.023438
321.679688, -28.593750, 113.695343
307.382812, -21.445312, 127.476593
285.937500, 0.000000, 155.039093
293.085938, 14.296875, 168.820343
271.640625, 14.296875, 175.710968
264.492188, 35.742188, 196.382843
243.046860, 21.445312, 189.492218
221.601547, 50.039062, 203.273468
200.156235, 50.039062, 210.164093
200.156235, 92.929718, 223.945343
150.117188, 92.929718, 258.398438
135.820312, 121.523468, 258.398438
100.078110, 114.375031, 265.289062
64.335922, 157.265656, 285.960938
42.890610, 150.117218, 292.851562
21.445305, 171.562531, 272.179688
-21.445328, 178.710968, 292.851562
-42.890640, 185.859406, 285.960938
-57.187515, 178.710968, 299.742188
-71.484390, 164.414093, 279.070312
-92.929703, 171.562531, 285.960938
-92.929703, 178.710968, 279.070312
-100.078140, 171.562531, 285.960938
-100.078140, 171.562531, 272.179688
-100.078140, 171.562531, 272.179688
-78.632828, 171.562531, 306.632843
-85.781265, 164.414093, 292.851562
-78.632828, 178.710968, 299.742188
-50.039078, 157.265656, 285.960938
-42.890640, 142.968781, 299.742188
-42.890640, 157.265656, 285.960938
-21.445328, 142.968781, 299.742188
-0.000015, 121.523468, 320.414093
14.296867, 142.968781, 313.523468
21.445305, 128.671906, 313.523468
35.742180, 135.820343, 313.523468
35.742180, 128.671906, 299.742188
42.890610, 114.375031, 306.632843
64.335922, 121.523468, 292.851562
85.781235, 135.820343, 299.742188
85.781235, 114.375031, 285.960938
100.078110, 121.523468, 306.632843
78.632797, 107.226593, 285.960938
107.226562, 100.078156, 285.960938
121.523438, 85.781281, 292.851562
128.671875, 78.632843, 306.632843
135.820312, 92.929718, 265.289062
150.117188, 78.632843, 292.851562
135.820312, 92.929718, 279.070312
142.968750, 85.781281, 272.179688
164.414062, 92.929718, 279.070312
142.968750, 85.781281, 299.742188
171.562485, 92.929718, 279.070312
171.562485, 92.929718, 285.960938
185.859360, 85.781281, 279.070312
178.710922, 85.781281, 279.070312
164.414062, 78.632843, 272.179688
178.710922, 85.781281, 272.179688
157.265625, 85.781281, 272.179688
178.710922, 100.078156, 285.960938
178.710922, 71.484406, 265.289062
178.710922, 71.484406, 272.179688
185.859360, 64.335938, 258.398438
178.710922, 78.632843, 258.398438
185.859360, 71.484406, 244.617203
185.859360, 64.335938, 258.398438
207.304672, 64.335938, 251.507828
193.007797, 71.484406, 251.507828
200.156235, 64.335938, 251.507828
178.710922, 71.484406, 237.726578
200.156235, 78.632843, 258.398438
193.007797, 85.781281, 237.726578
193.007797, 57.187500, 251.507828
200.156235, 64.335938, 265.289062
207.304672, 57.187500, 258.398438
193.007797, 64.335938, 265.289062
214.453110, 71.484406, 251.507828
200.156235, 71.484406, 258.398438
214.453110, 64.335938, 244.617203
193.007797, 71.484406, 237.726578
193.007797, 64.335938, 244.617203
193.007797, 78.632843, 244.617203
214.453110, 85.781281, 251.507828
193.007797, 107.226593, 237.726578
178.710922, 107.226593, 251.507828
178.710922, 114.375031, 244.617203
185.859360, 107.226593, 244.617203
171.562485, 107.226593, 230.835968
178.710922, 128.671906, 244.617203
178.710922, 128.671906, 244.617203
200.156235, 142.968781, 223.945343
221.601547, 128.671906, 230.835968
243.046860, 114.375031, 203.273468
257.343750, 85.781281, 182.601593
257.343750, 42.890625, 189.492218
235.898422, 64.335938, 175.710968
221.601547, 100.078156, 217.054718
214.453110, 107.226593, 223.945343
207.304672, 92.929718, 230.835968
221.601547, 100.078156, 210.164093
228.749985, 92.929718, 203.273468
264.492188, 85.781281, 175.710968
264.492188, 71.484406, 161.929718
300.234375, 57.187500, 155.039093
307.382812, 42.890625, 141.257843
307.382812, 35.742188, 134.367218
285.937500, 42.890625, 134.367218
293.085938, 71.484406, 141.257843
285.937500, 64.335938, 155.039093
293.085938, 50.039062, 168.820343
271.640625, 57.187500, 161.929718
264.492188, 57.187500, 182.601593
271.640625, 64.335938, 175.710968
264.492188, 71.484406, 161.929718
271.640625, 64.335938, 182.601593
300.234375, 71.484406, 141.257843
293.085938, 85.781281, 148.148468
285.937500, 78.632843, 134.367218
307.382812, 71.484406, 134.367218
293.085938, 78.632843, 148.148468
307.382812, 85.781281, 134.367218
293.085938, 92.929718, 141.257843
293.085938, 78.632843, 141.257843
264.492188, 71.484406, 134.367218
285.937500, 92.929718, 134.367218
293.085938, 100.078156, 134.367218
293.085938, 92.929718, 113.695343
293.085938, 85.781281, 134.367218
300.234375, 71.484406, 113.695343
307.382812, 85.781281, 120.585968
307.382812, 78.632843, 120.585968
314.531250, 57.187500, 127.476593
307.382812, 71.484406, 113.695343
300.234375, 64.335938, 127.476593
307.382812, 57.187500, 113.695343
307.382812, 64.335938, 120.585968
307.382812, 64.335938, 127.476593
300.234375, 64.335938, 106.804688
314.531250, 64.335938, 127.476593
314.531250, 57.187500, 113.695343
307.382812, 64.335938, 120.585968
285.937500, 64.335938, 127.476593
293.085938, 64.335938, 127.476593
300.234375, 71.484406, 141.257843
293.085938, 71.484406, 134.367218
307.382812, 71.484406, 127.476593
300.234375, 78.632843, 120.585968
300.234375, 57.187500, 120.585968
314.531250, 64.335938, 113.695343
300.234375, 64.335938, 106.804688
307.382812, 64.335938, 106.804688
293.085938, 64.335938, 120.585968
307.382812, 78.632843, 120.585968
293.085938, 78.632843, 134.367218
300.234375, 78.632843, 134.367218
300.234375, 92.929718, 134.367218
314.531250, 57.187500, 141.257843
300.234375, 50.039062, 148.148468
293.085938, 64.335938, 148.148468
285.937500, 42.890625, 148.148468
285.937500, 57.187500, 155.039093
293.085938, 71.484406, 148.148468
293.085938, 71.484406, 155.039093
285.937500, 64.335938, 161.929718
278.789062, 57.187500, 148.148468
293.085938, 64.335938, 148.148468
300.234375, 71.484406, 148.148468
307.382812, 78.632843, 141.257843
300.234375, 78.632843, 148.148468
293.085938, 78.632843, 168.820343
285.937500, 78.632843, 175.710968
271.640625, 64.335938, 168.820343
257.343750, 42.890625, 155.039093
293.085938, 42.890625, 168.820343
293.085938, 28.593750, 141.257843
285.937500, 35.742188, 141.257843
293.085938, 50.039062, 141.257843
300.234375, 64.335938, 141.257843
307.382812, 78.632843, 127.476593
300.234375, 71.484406, 141.257843
300.234375, 71.484406, 134.367218
285.937500, 71.484406, 141.257843
278.789062, 64.335938, 141.257843
278.789062, 71.484406, 148.148468
285.937500, 57.187500, 155.039093
285.937500, 71.484406, 155.039093
278.789062, 85.781281, 155.039093
293.085938, 78.632843, 134.367218
293.085938, 71.484406, 141.257843
278.789062, 78.632843, 161.929718
285.937500, 92.929718, 148.148468
278.789062, 92.929718, 168.820343
228.749985, 135.820343, 182.601593
221.601547, 142.968781, 189.492218
214.453110, 135.820343, 196.382843
221.601547, 164.414093, 203.273468
200.156235, 171.562531, 196.382843
171.562485, 185.859406, 189.492218
164.414062, 207.304688, 189.492218
157.265625, 214.453125, 189.492218
135.820312, 228.750000, 217.054718
135.820312, 250.195312, 230.835968
107.226562, 250.195312, 223.945343
78.632797, 271.640625, 244.617203
42.890610, 293.085938, 217.054718
7.148422, 300.234375, 217.054718
-7.148453, 328.828125, 189.492218
-50.039078, 343.125000, 203.273468
-64.335953, 350.273438, 168.820343
-57.187515, 350.273438, 161.929718
-85.781265, 350.273438, 155.039093
-85.781265, 357.421875, 155.039093
-100.078140, 335.976562, 148.148468
-107.226578, 350.273438, 168.820343
-78.632828, 343.125000, 182.601593
-64.335953, 343.125000, 189.492218
-21.445328, 335.976562, 203.273468
-14.296890, 335.976562, 210.164093
35.742180, 314.531250, 210.164093
85.781235, 321.679688, 196.382843
114.375000, 293.085938, 230.835968
164.414062, 250.195312, 230.835968
193.007797, 221.601562, 237.726578
228.749985, 193.007843, 230.835968
257.343750, 107.226593, 230.835968
278.789062, 42.890625, 217.054718
293.085938, -35.742188, 196.382843
307.382812, -71.484360, 175.710968
278.789062, -150.117188, 127.476593
293.085938, -221.601562, 72.351562
250.195297, -278.789062, 58.570312
228.749985, -321.679688, 24.117188
185.859360, -350.273438, -37.898407
142.968750, -371.718750, -65.460907
85.781235, -400.312500, -99.914032
35.742180, -386.015625, -134.367157
-7.148453, -393.164062, -141.257782
-21.445328, -378.867188, -175.710907
-64.335953, -386.015625, -189.492157
-71.484390, -357.421875, -203.273407
-92.929703, -364.570312, -223.945282
-114.375015, -357.421875, -237.726532
-121.523453, -343.125000, -237.726532
-142.968765, -328.828125, -265.289032
-121.523453, -328.828125, -272.179657
-121.523453, -328.828125, -272.179657
-92.929703, -314.531250, -292.851593
-71.484390, -307.382812, -306.632843
-42.890640, -321.679688, -299.742218
7.148422, -307.382812, -285.960968
50.039047, -307.382812, -292.851593
85.781235, -321.679688, -299.742218
150.117188, -307.382812, -251.507782
164.414062, -307.382812, -251.507782
178.710922, -300.234375, -230.835907
200.156235, -293.085938, -244.617157
214.453110, -271.640625, -223.945282
243.046860, -250.195312, -203.273407
250.195297, -243.046875, -196.382782
271.640625, -235.898438, -182.601532
278.789062, -228.750000, -168.820282
285.937500, -221.601562, -168.820282
285.937500, -207.304688, -141.257782
293.085938, -193.007812, -127.476532
314.531250, -193.007812, -134.367157
314.531250, -193.007812, -127.476532
314.531250, -178.710938, -113.695282
314.531250, -164.414062, -113.695282
328.828125, -157.265625, -93.023407
328.828125, -157.265625, -99.914032
335.976562, -150.117188, -93.023407
350.273438, -150.117188, -93.023407
357.421875, -114.374985, -86.132782
335.976562, -107.226547, -72.351532
350.273438, -114.374985, -79.242157
357.421875, -100.078110, -79.242157
350.273438, -92.929672, -72.351532
357.421875, -85.781235, -79.242157
357.421875, -85.781235, -65.460907
350.273438, -100.078110, -72.351532
357.421875, -100.078110, -72.351532
350.273438, -92.929672, -51.679657
343.125000, -100.078110, -79.242157
343.125000, -92.929672, -65.460907
343.125000, -107.226547, -65.460907
343.125000, -100.078110, -58.570282
335.976562, -100.078110, -65.460907
357.421875, -114.374985, -65.460907
357.421875, -114.374985, -44.789032
343.125000, -107.226547, -72.351532
357.421875, -121.523422, -58.570282
350.273438, -114.374985, -58.570282
343.125000, -128.671875, -65.460907
350.273438, -121.523422, -65.460907
357.421875, -135.820312, -65.460907
343.125000, -128.671875, -72.351532
335.976562, -150.117188, -72.351532
343.125000, -150.117188, -86.132782
343.125000, -135.820312, -86.132782
343.125000, -164.414062, -72.351532
328.828125, -142.968750, -79.242157
335.976562, -150.117188, -72.351532
343.125000, -150.117188, -86.132782
343.125000, -150.117188, -93.023407
343.125000, -157.265625, -79.242157
321.679688, -171.562500, -93.023407
328.828125, -178.710938, -93.023407
314.531250, -200.156250, -93.023407
314.531250, -207.304688, -99.914032
314.531250, -228.750000, -93.023407
293.085938, -243.046875, -99.914032
285.937500, -257.343750, -99.914032
278.789062, -271.640625, -120.585907
264.492188, -285.937500, -134.367157
243.046860, -293.085938, -127.476532
235.898422, -300.234375, -120.585907
243.046860, -314.531250, -120.585907
235.898422, -321.679688, -127.476532
221.601547, -307.382812, -134.367157
221.601547, -321.679688, -134.367157
228.749985, -321.679688, -141.257782
243.046860, -314.531250, -134.367157
235.898422, -314.531250, -134.367157
257.343750, -307.382812, -113.695282
271.640625, -293.085938, -106.804657
264.492188, -285.937500, -93.023407
264.492188, -300.234375, -86.132782
285.937500, -278.789062, -72.351532
300.234375, -271.640625, -79.242157
293.085938, -250.195312, -65.460907
307.382812, -243.046875, -44.789032
307.382812, -221.601562, -37.898407
321.679688, -207.304688, -24.117157
328.828125, -200.156250, -3.445312
328.828125, -171.562500, 10.335938
321.679688, -157.265625, 37.898438
335.976562, -142.968750, 51.679688
307.382812, -128.671875, 72.351562
321.679688, -107.226547, 79.242188
300.234375, -107.226547, 106.804688
300.234375, -100.078110, 134.367218
271.640625, -92.929672, 155.039093
243.046860, -78.632797, 182.601593
228.749985, -78.632797, 203.273468
200.156235, -64.335922, 223.945343
193.007797, -57.187500, 244.617203
135.820312, -64.335922, 251.507828
114.375000, -78.632797, 272.179688
85.781235, -42.890625, 292.851562
50.039047, -28.593750, 313.523468
7.148422, 14.296875, 320.414093
7.148422, 35.742188, 313.523468
-7.148453, 42.890625, 313.523468
-7.148453, 71.484406, 313.523468
-14.296890, 92.929718, 320.414093
-42.890640, 92.929718, 320.414093
-35.742199, 121.523468, 320.414093
-35.742199, 128.671906, 306.632843
-21.445328, 128.671906, 299.742188
-0.000015, 157.265656, 313.523468
28.593742, 185.859406, 320.414093
57.187485, 200.156250, 306.632843
85.781235, 207.304688, 306.632843
114.375000, 207.304688, 285.960938
150.117188, 228.750000, 258.398438
207.304672, 228.750000, 223.945343
228.749985, 207.304688, 210.164093
250.195297, 214.453125, 182.601593
300.234375, 178.710968, 134.367218
335.976562, 142.968781, 86.132812
364.570312, 50.039062, 31.007812
364.570312, -35.742188, -24.117157
335.976562, -142.968750, -44.789032
271.640625, -235.898438, -99.914032
178.710922, -300.234375, -175.710907
100.078110, -321.679688, -251.507782
35.742180, -314.531250, -279.070343
7.148422, -293.085938, -299.742218
-7.148453, -264.492188, -327.304718
-42.890640, -257.343750, -320.414093
-21.445328, -228.750000, -292.851593
-28.593761, -228.750000, -251.507782
-21.445328, -221.601562, -258.398407
-0.000015, -207.304688, -299.742218
21.445305, -207.304688, -313.523468
114.375000, -185.859375, -306.632843
164.414062, -150.117188, -299.742218
243.046860, -114.374985, -265.289032
278.789062, -28.593750, -223.945282
300.234375, 35.742188, -182.601532
293.085938, 121.523468, -93.023407
285.937500, 193.007843, -51.679657
264.492188, 250.195312, 17.226562
235.898422, 300.234375, 72.351562
185.859360, 328.828125, 127.476593
150.117188, 328.828125, 168.820343
135.820312, 314.531250, 182.601593
107.226562, 271.640625, 189.492218
64.335922, 235.898438, 230.835968
28.593742, 214.453125, 244.617203
7.148422, 193.007843, 244.617203
-14.296890, 178.710968, 251.507828
-7.148453, 150.117218, 265.289062
-7.148453, 142.968781, 258.398438
-0.000015, 121.523468, 251.507828
7.148422, 121.523468, 258.398438
-0.000015, 142.968781, 237.726578
28.593742, 157.265656, 251.507828
35.742180, 171.562531, 237.726578
64.335922, 185.859406, 217.054718
92.929672, 221.601562, 210.164093
121.523438, 243.046875, 189.492218
142.968750, 264.492188, 175.710968
178.710922, 250.195312, 148.148468
243.046860, 235.898438, 127.476593
293.085938, 193.007843, 86.132812
314.531250, 135.820343, 44.789062
343.125000, 57.187500, 10.335938
357.421875, -35.742188, -17.226562
343.125000, -128.671875, -37.898407
321.679688, -207.304688, -86.132782
243.046860, -278.789062, -168.820282
185.859360, -293.085938, -223.945282
121.523438, -314.531250, -265.289032
71.484360, -300.234375, -313.523468
35.742180, -271.640625, -334.195343
-14.296890, -228.750000, -361.757843
-28.593761, -185.859375, -361.757843
-42.890640, -164.414062, -368.648468
-35.742199, -142.968750, -375.539093
-28.593761, -142.968750, -354.867218
-0.000015, -142.968750, -334.195343
14.296867, -178.710938, -347.976593
64.335922, -178.710938, -320.414093
114.375000, -178.710938, -313.523468
193.007797, -157.265625, -292.851593
243.046860, -64.335922, -244.617157
307.382812, -7.148438, -196.382782
293.085938, 85.781281, -148.148407
285.937500, 185.859406, -86.132782
235.898422, 264.492188, -31.007782
193.007797, 307.382812, 17.226562
142.968750, 357.421875, 58.570312
92.929672, 364.570312, 93.023438
14.296867, 393.164062, 141.257843
-42.890640, 371.718750, 189.492218
-78.632828, 350.273438, 251.507828
-107.226578, 321.679688, 292.851562
-128.671890, 285.937500, 306.632843
-142.968765, 250.195312, 299.742188
-150.117203, 250.195312, 258.398438
-128.671890, 243.046875, 251.507828
-114.375015, 243.046875, 223.945343
-78.632828, 235.898438, 223.945343
-92.929703, 235.898438, 230.835968
-71.484390, 228.750000, 217.054718
-28.593761, 221.601562, 230.835968
7.148422, 214.453125, 223.945343
42.890610, 207.304688, 244.617203
64.335922, 171.562531, 230.835968
107.226562, 157.265656, 237.726578
150.117188, 150.117218, 244.617203
164.414062, 121.523468, 210.164093
207.304672, 100.078156, 203.273468
257.343750, 71.484406, 203.273468
271.640625, 57.187500, 189.492218
314.531250, 42.890625, 155.039093
314.531250, 14.296875, 127.476593
321.679688, 14.296875, 99.914062
335.976562, -35.742188, 72.351562
335.976562, -71.484360, 44.789062
357.421875, -128.671875, 17.226562
343.125000, -142.968750, -24.117157
314.531250, -200.156250, -51.679657
278.789062, -271.640625, -113.695282
200.156235, -314.531250, -161.929657
150.117188, -328.828125, -189.492157
85.781235, -350.273438, -230.835907
42.890610, -364.570312, -265.289032
-0.000015, -343.125000, -306.632843
-50.039078, -314.531250, -306.632843
-85.781265, -285.937500, -334.195343
-92.929703, -271.640625, -347.976593
-78.632828, -264.492188, -347.976593
-85.781265, -271.640625, -347.976593
-64.335953, -257.343750, -347.976593
-50.039078, -278.789062, -327.304718
7.148422, -285.937500, -292.851593
71.484360, -300.234375, -292.851593
114.375000, -293.085938, -272.179657
178.710922, -250.195312, -244.617157
243.046860, -243.046875, -223.945282
264.492188, -193.007812, -196.382782
300.234375, -142.968750, -175.710907
314.531250, -121.523422, -148.148407
343.125000, -85.781235, -120.585907
343.125000, -50.039062, -99.914032
350.273438, -7.148438, -65.460907
343.125000, 0.000000, -44.789032
343.125000, 50.039062, -37.898407
321.679688, 64.335938, -3.445312
328.828125, 85.781281, 3.445312
314.531250, 114.375031, 31.007812
307.382812, 128.671906, 37.898438
300.234375, 142.968781, 51.679688
293.085938, 164.414093, 86.132812
271.640625, 185.859406, 99.914062
257.343750, 214.453125, 99.914062
243.046860, 235.898438, 113.695343
221.601547, 235.898438, 120.585968
207.304672, 235.898438, 134.367218
214.453110, 250.195312, 134.367218
207.304672, 250.195312, 141.257843
185.859360, 264.492188, 155.039093
178.710922, 271.640625, 134.367218
171.562485, 264.492188, 155.039093
164.414062, 264.492188, 175.710968
171.562485, 264.492188, 168.820343
185.859360, 235.898438, 175.710968
207.304672, 221.601562, 189.492218
228.749985, 185.859406, 175.710968
235.898422, 193.007843, 175.710968
221.601547, 157.265656, 189.492218
228.749985, 142.968781, 203.273468
214.453110, 107.226593, 189.492218
235.898422, 121.523468, 189.492218
243.046860, 128.671906, 189.492218
250.195297, 114.375031, 175.710968
271.640625, 107.226593, 155.039093
278.789062, 142.968781, 120.585968
314.531250, 64.335938, 120.585968
307.382812, 71.484406, 93.023438
343.125000, 64.335938, 58.570312
335.976562, 78.632843, 51.679688
343.125000, 64.335938, 31.007812
343.125000, 71.484406, 10.335938
328.828125, 64.335938, 10.335938
343.125000, 78.632843, 17.226562
343.125000, 78.632843, 10.335938
343.125000, 78.632843, 17.226562
335.976562, 85.781281, 31.007812
343.125000, 78.632843, 37.898438
321.679688, 100.078156, 44.789062
321.679688, 100.078156, 58.570312
328.828125, 85.781281, 58.570312
321.679688, 107.226593, 51.679688
343.125000, 92.929718, 37.898438
328.828125, 71.484406, 31.007812
350.273438, 78.632843, 24.117188
335.976562, 92.929718, 31.007812
335.976562, 85.781281, 24.117188
343.125000, 85.781281, 3.445312
343.125000, 85.781281, 37.898438
328.828125, 71.484406, 31.007812
335.976562, 64.335938, 17.226562
350.273438, 78.632843, 37.898438
328.828125, 92.929718, 44.789062
335.976562, 78.632843, 72.351562
328.828125, 85.781281, 72.351562
314.531250, 85.781281, 79.242188
321.679688, 107.226593, 93.023438
328.828125, 92.929718, 106.804688
314.531250, 114.375031, 113.695343
328.828125, 50.039062, 99.914062
321.679688, 78.632843, 79.242188
335.976562, 71.484406, 79.242188
343.125000, 78.632843, 37.898438
350.273438, 57.187500, 3.445312
371.718750, 50.039062, -10.335938
371.718750, 50.039062, -37.898407
343.125000, 21.445312, -51.679657
371.718750, 21.445312, -58.570282
364.570312, 7.148438, -99.914032
357.421875, 0.000000, -99.914032
357.421875, -14.296875, -120.585907
350.273438, -28.593750, -141.257782
343.125000, -35.742188, -141.257782
343.125000, -64.335922, -155.039032
343.125000, -71.484360, -168.820282
328.828125, -64.335922, -182.601532
328.828125, -71.484360, -196.382782
335.976562, -71.484360, -189.492157
321.679688, -71.484360, -182.601532
314.531250, -92.929672, -182.601532
321.679688, -114.374985, -196.382782
314.531250, -121.523422, -189.492157
307.382812, -121.523422, -210.164032
321.679688, -135.820312, -189.492157
321.679688, -92.929672, -182.601532
350.273438, -100.078110, -127.476532
335.976562, -142.968750, -99.914032
350.273438, -128.671875, -106.804657
335.976562, -114.374985, -113.695282
350.273438, -121.523422, -106.804657
350.273438, -121.523422, -106.804657
350.273438, -107.226547, -120.585907
343.125000, -114.374985, -127.476532
350.273438, -107.226547, -120.585907
350.273438, -92.929672, -127.476532
343.125000, -114.374985, -106.804657
350.273438, -100.078110, -120.585907
335.976562, -92.929672, -113.695282
343.125000, -78.632797, -120.585907
350.273438, -85.781235, -113.695282
343.125000, -78.632797, -113.695282
357.421875, -78.632797, -134.367157
357.421875, -64.335922, -120.585907
343.125000, -78.632797, -120.585907
350.273438, -78.632797, -127.476532
350.273438, -64.335922, -113.695282
335.976562, -42.890625, -113.695282
350.273438, -35.742188, -113.695282
343.125000, -28.593750, -113.695282
335.976562, -14.296875, -106.804657
350.273438, -14.296875, -106.804657
335.976562, -21.445312, -99.914032
357.421875, -21.445312, -99.914032
357.421875, -50.039062, -99.914032
350.273438, -78.632797, -127.476532
350.273438, -78.632797, -134.367157
343.125000, -85.781235, -148.148407
335.976562, -71.484360, -155.039032
343.125000, -35.742188, -161.929657
350.273438, -57.187500, -155.039032
343.125000, -50.039062, -148.148407
343.125000, -42.890625, -141.257782
350.273438, -57.187500, -120.585907
357.421875, -50.039062, -79.242157
350.273438, -28.593750, -51.679657
343.125000, 50.039062, -31.007782
357.421875, 0.000000, 3.445312
371.718750, -35.742188, -10.335938
371.718750, -100.078110, -3.445312
350.273438, -128.671875, -10.335938
343.125000, -121.523422, -17.226562
328.828125, -142.968750, -44.789032
335.976562, -157.265625, -58.570282
321.679688, -157.265625, -72.351532
314.531250, -178.710938, -72.351532
321.679688, -164.414062, -51.679657
321.679688, -193.007812, -31.007782
343.125000, -193.007812, -17.226562
328.828125, -171.562500, -3.445312
343.125000, -164.414062, -31.007782
343.125000, -157.265625, -31.007782
335.976562, -114.374985, -37.898407
350.273438, -107.226547, -10.335938
335.976562, -64.335922, 24.117188
343.125000, -35.742188, 51.679688
328.828125, -42.890625, 58.570312
321.679688, -57.187500, 93.023438
335.976562, -50.039062, 79.242188
328.828125, -57.187500, 65.460938
328.828125, -78.632797, 65.460938
328.828125, -57.187500, 79.242188
328.828125, -64.335922, 79.242188
321.679688, -57.187500, 86.132812
328.828125, -28.593750, 79.242188
314.531250, -28.593750, 86.132812
307.382812, -42.890625, 86.132812
328.828125, -21.445312, 79.242188
335.976562, -28.593750, 58.570312
335.976562, -35.742188, 44.789062
357.421875, -35.742188, 24.117188
357.421875, -35.742188, 10.335938
357.421875, -35.742188, 10.335938
350.273438, -35.742188, 17.226562
343.125000, -50.039062, 3.445312
350.273438, -50.039062, 3.445312
350.273438, -71.484360, 3.445312
364.570312, -50.039062, 24.117188
335.976562, -35.742188, 10.335938
335.976562, -35.742188, 24.117188
350.273438, -50.039062, 10.335938
343.125000, -64.335922, 17.226562
321.679688, -78.632797, 3.445312
335.976562, -71.484360, 17.226562
328.828125, -92.929672, 24.117188
343.125000, -64.335922, 31.007812
343.125000, -64.335922, 31.007812
343.125000, -57.187500, 10.335938
350.273438, -57.187500, 10.335938
335.976562, -57.187500, 3.445312
335.976562, -50.039062, 24.117188
350.273438, -57.187500, 10.335938
335.976562, -71.484360, -3.445312
343.125000, -85.781235, -3.445312
328.828125, -85.781235, -3.445312
335.976562, -71.484360, -24.117157
350.273438, -92.929672, -10.335938
321.679688, -100.078110, -17.226562
350.273438, -78.632797, -10.335938
343.125000, -85.781235, -17.226562
357.421875, -85.781235, -3.445312
343.125000, -78.632797, -3.445312
335.976562, -64.335922, 10.335938
335.976562, -64.335922, 17.226562
335.976562, -71.484360, 24.117188
343.125000, -71.484360, 24.117188
343.125000, -78.632797, 17.226562
335.976562, -71.484360, 10.335938
335.976562, -92.929672, 24.117188
335.976562, -78.632797, 17.226562
328.828125, -85.781235, 17.226562
328.828125, -85.781235, 31.007812
328.828125, -64.335922, 24.117188
335.976562, -92.929672, 24.117188
343.125000, -100.078110, 24.117188
335.976562, -100.078110, 24.117188
335.976562, -92.929672, 37.898438
328.828125, -92.929672, 31.007812
314.531250, -114.374985, 31.007812
321.679688, -92.929672, 31.007812
328.828125, -114.374985, 58.570312
314.531250, -92.929672, 51.679688
321.679688, -92.929672, 58.570312
328.828125, -92.929672, 65.460938
321.679688, -107.226547, 65.460938
314.531250, -85.781235, 58.570312
314.531250, -100.078110, 51.679688
314.531250, -107.226547, 65.460938
321.679688, -128.671875, 72.351562
321.679688, -128.671875, 72.351562
314.531250, -135.820312, 51.679688
307.382812, -128.671875, 51.679688
314.531250, -142.968750, 51.679688
300.234375, -142.968750, 58.570312
300.234375, -142.968750, 51.679688
307.382812, -157.265625, 65.460938
314.531250, -142.968750, 51.679688
307.382812, -142.968750, 65.460938
300.234375, -142.968750, 65.460938
300.234375, -157.265625, 51.679688
314.531250, -142.968750, 51.679688
307.382812, -150.117188, 58.570312
293.085938, -150.117188, 58.570312
321.679688, -157.265625, 65.460938
314.531250, -164.414062, 58.570312
307.382812, -157.265625, 72.351562
307.382812, -150.117188, 44.789062
314.531250, -142.968750, 58.570312
307.382812, -164.414062, 51.679688
300.234375, -150.117188, 51.679688
300.234375, -157.265625, 58.570312
321.679688, -157.265625, 65.460938
314.531250, -135.820312, 72.351562
307.382812, -164.414062, 51.679688
314.531250, -150.117188, 58.570312
307.382812, -164.414062, 44.789062
300.234375, -142.968750, 58.570312
300.234375, -142.968750, 51.679688
314.531250, -157.265625, 51.679688
307.382812, -164.414062, 51.679688
300.234375, -157.265625, 51.679688
307.382812, -171.562500, 44.789062
307.382812, -150.117188, 72.351562
307.382812, -164.414062, 51.679688
314.531250, -164.414062, 51.679688
307.382812, -150.117188, 65.460938
300.234375, -135.820312, 58.570312
307.382812, -150.117188, 65.460938
328.828125, -142.968750, 58.570312
314.531250, -142.968750, 58.570312
307.382812, -135.820312, 65.460938
307.382812, -150.117188, 51.679688
307.382812, -142.968750, 72.351562
321.679688, -142.968750, 44.789062
307.382812, -142.968750, 51.679688
314.531250, -157.265625, 37.898438
307.382812, -135.820312, 58.570312
314.531250, -142.968750, 51.679688
314.531250, -142.968750, 65.460938
321.679688, -142.968750, 58.570312
314.531250, -150.117188, 58.570312
307.382812, -135.820312, 65.460938
314.531250, -135.820312, 37.898438
307.382812, -128.671875, 51.679688
307.382812, -157.265625, 44.789062
314.531250, -150.117188, 58.570312
314.531250, -128.671875, 44.789062
300.234375, -142.968750, 44.789062
314.531250, -157.265625, 44.789062
307.382812, -157.265625, 44.789062
321.679688, -135.820312, 37.898438
307.382812, -142.968750, 37.898438
314.531250, -150.117188, 58.570312
314.531250, -142.968750, 44.789062
321.679688, -135.820312, 58.570312
307.382812, -142.968750, 31.007812
307.382812, -157.265625, 44.789062
321.679688, -150.117188, 44.789062
300.234375, -150.117188, 58.570312
307.382812, -142.968750, 31.007812
307.382812, -135.820312, 44.789062
314.531250, -157.265625, 51.679688
300.234375, -135.820312, 58.570312
300.234375, -157.265625, 51.679688
307.382812, -142.968750, 51.679688
314.531250, -128.671875, 44.789062
314.531250, -150.117188, 58.570312
314.531250, -135.820312, 51.679688
300.234375, -150.117188, 44.789062
314.531250, -150.117188, 44.789062
307.382812, -142.968750, 65.460938
307.382812, -135.820312, 58.570312
314.531250, -150.117188, 58.570312
314.531250, -150.117188, 37.898438
300.234375, -150.117188, 24.117188
321.679688, -128.671875, 51.679688
314.531250, -142.968750, 51.679688
321.679688, -142.968750, 37.898438
321.679688, -150.117188, 44.789062
293.085938, -142.968750, 44.789062
321.679688, -135.820312, 58.570312
314.531250, -142.968750, 51.679688
314.531250, -142.968750, 51.679688
314.531250, -150.117188, 44.789062
321.679688, -135.820312, 58.570312
314.531250, -135.820312, 58.570312
300.234375, -142.968750, 58.570312
314.531250, -135.820312, 51.679688
307.382812, -142.968750, 51.679688
307.382812, -142.968750, 58.570312
307.382812, -142.968750, 51.679688
321.679688, -142.968750, 58.570312
321.679688, -150.117188, 51.679688
307.382812, -128.671875, 37.898438
307.382812, -128.671875, 58.570312
307.382812, -150.117188, 51.679688
314.531250, -142.968750, 44.789062
314.531250, -142.968750, 51.679688
307.382812, -150.117188, 44.789062
307.382812, -142.968750, 51.679688
314.531250, -142.968750, 44.789062
314.531250, -150.117188, 44.789062
314.531250, -135.820312, 37.898438
314.531250, -150.117188, 51.679688
328.828125, -135.820312, 51.679688
321.679688, -142.968750, 51.679688
328.828125, -142.968750, 65.460938
307.382812, -142.968750, 44.789062
321.679688, -142.968750, 44.789062
321.679688, -150.117188, 58.570312
321.679688, -142.968750, 51.679688
314.531250, -142.968750, 44.789062
314.531250, -135.820312, 44.789062
307.382812, -150.117188, 51.679688
321.679688, -150.117188, 65.460938
307.382812, -142.968750, 58.570312
307.382812, -150.117188, 51.679688
307.382812, -150.117188, 37.898438
307.382812, -150.117188, 51.679688
307.382812, -128.671875, 44.789062
314.531250, -128.671875, 51.679688
314.531250, -142.968750, 51.679688
321.679688, -150.117188, 37.898438
300.234375, -142.968750, 44.789062
321.679688, -142.968750, 51.679688
321.679688, -150.117188, 58.570312
307.382812, -142.968750, 31.007812
307.382812, -150.117188, 37.898438
307.382812, -135.820312, 44.789062
307.382812, -157.265625, 44.789062
307.382812, -142.968750, 31.007812
307.382812, -157.265625, 44.789062
314.531250, -142.968750, 31.007812
321.679688, -142.968750, 37.898438
307.382812, -150.117188, 37.898438
307.382812, -142.968750, 44.789062
307.382812, -142.968750, 51.679688
307.382812, -142.968750, 58.570312
321.679688, -142.968750, 31.007812
307.382812, -150.117188, 51.679688
314.531250, -150.117188, 44.789062
314.531250, -150.117188, 31.007812
307.382812, -135.820312, 44.789062
300.234375, -128.671875, 51.679688
293.085938, -150.117188, 31.007812
328.828125, -135.820312, 65.460938
314.531250, -157.265625, 37.898438
307.382812, -142.968750, 51.679688
307.382812, -142.968750, 44.789062
314.531250, -150.117188, 58.570312
307.382812, -142.968750, 58.570312
314.531250, -142.968750, 51.679688
285.937500, -142.968750, 44.789062
314.531250, -142.968750, 44.789062
321.679688, -135.820312, 58.570312
300.234375, -135.820312, 65.460938
314.531250, -142.968750, 58.570312
321.679688, -150.117188, 58.570312
328.828125, -142.968750, 58.570312
314.531250, -135.820312, 58.570312
307.382812, -150.117188, 51.679688
307.382812, -150.117188, 65.460938
300.234375, -135.820312, 51.679688
307.382812, -128.671875, 65.460938
307.382812, -157.265625, 51.679688
314.531250, -135.820312, 65.460938
300.234375, -128.671875, 65.460938
293.085938, -150.117188, 58.570312
314.531250, -142.968750, 51.679688
328.828125, -142.968750, 65.460938
300.234375, -142.968750, 65.460938
300.234375, -142.968750, 58.570312
307.382812, -142.968750, 58.570312
314.531250, -135.820312, 65.460938
307.382812, -142.968750, 72.351562
307.382812, -142.968750, 65.460938
314.531250, -128.671875, 58.570312
314.531250, -135.820312, 58.570312
300.234375, -142.968750, 51.679688
307.382812, -142.968750, 51.679688
321.679688, -121.523422, 58.570312
321.679688, -150.117188, 58.570312
321.679688, -135.820312, 58.570312
314.531250, -135.820312, 65.460938
314.531250, -135.820312, 51.679688
307.382812, -142.968750, 44.789062
293.085938, -128.671875, 58.570312
307.382812, -142.968750, 51.679688
300.234375, -142.968750, 65.460938
300.234375, -142.968750, 58.570312
328.828125, -135.820312, 65.460938
307.382812, -157.265625, 58.570312
307.382812, -142.968750, 51.679688
307.382812, -150.117188, 44.789062
307.382812, -142.968750, 51.679688
321.679688, -142.968750, 58.570312
314.531250, -142.968750, 58.570312
314.531250, -142.968750, 44.789062
307.382812, -128.671875, 44.789062
314.531250, -135.820312, 51.679688
314.531250, -150.117188, 51.679688
307.382812, -142.968750, 58.570312
314.531250, -135.820312, 58.570312
307.382812, -142.968750, 51.679688
314.531250, -128.671875, 44.789062
314.531250, -142.968750, 37.898438
314.531250, -135.820312, 72.351562
307.382812, -150.117188, 51.679688
307.382812, -150.117188, 65.460938
307.382812, -150.117188, 51.679688
307.382812, -150.117188, 51.679688
300.234375, -142.968750, 51.679688
314.531250, -135.820312, 58.570312
307.382812, -150.117188, 51.679688
307.382812, -135.820312, 58.570312
314.531250, -142.968750, 58.570312
300.234375, -142.968750, 58.570312
300.234375, -135.820312, 51.679688
307.382812, -157.265625, 51.679688
307.382812, -142.968750, 51.679688
307.382812, -135.820312, 44.789062
293.085938, -135.820312, 65.460938
328.828125, -142.968750, 44.789062
321.679688, -135.820312, 58.570312
307.382812, -157.265625, 51.679688
307.382812, -142.968750, 51.679688
314.531250, -150.117188, 58.570312
300.234375, -150.117188, 51.679688
314.531250, -150.117188, 65.460938
293.085938, -135.820312, 51.679688
307.382812, -142.968750, 79.242188
314.531250, -157.265625, 58.570312
314.531250, -142.968750, 65.460938
314.531250, -150.117188, 65.460938
307.382812, -157.265625, 79.242188
307.382812, -157.265625, 93.023438
321.679688, -135.820312, 86.132812
314.531250, -150.117188, 79.242188
307.382812, -128.671875, 72.351562
307.382812, -135.820312, 93.023438
307.382812, -107.226547, 93.023438
307.382812, -114.374985, 113.695343
300.234375, -100.078110, 106.804688
307.382812, -100.078110, 120.585968
307.382812, -92.929672, 99.914062
293.085938, -85.781235, 93.023438
307.382812, -85.781235, 106.804688
293.085938, -85.781235, 120.585968
293.085938, -78.632797, 120.585968
307.382812, -71.484360, 127.476593
285.937500, -50.039062, 113.695343
300.234375, -42.890625, 134.367218
293.085938, -42.890625, 148.148468
278.789062, -42.890625, 141.257843
285.937500, -28.593750, 161.929718
271.640625, -28.593750, 155.039093
257.343750, -7.148438, 168.820343
257.343750, -14.296875, 175.710968
257.343750, 0.000000, 161.929718
257.343750, 0.000000, 196.382843
257.343750, -7.148438, 168.820343
257.343750, 7.148438, 182.601593
250.195297, 21.445312, 189.492218
243.046860, 21.445312, 182.601593
250.195297, 35.742188, 196.382843
235.898422, 42.890625, 182.601593
235.898422, 21.445312, 196.382843
250.195297, 28.593750, 189.492218
235.898422, 42.890625, 196.382843
243.046860, 35.742188, 189.492218
243.046860, 35.742188, 196.382843
235.898422, 57.187500, 189.492218
243.046860, 50.039062, 196.382843
235.898422, 57.187500, 203.273468
243.046860, 64.335938, 189.492218
235.898422, 64.335938, 189.492218
264.492188, 50.039062, 203.273468
250.195297, 50.039062, 182.601593
235.898422, 57.187500, 182.601593
250.195297, 21.445312, 182.601593
250.195297, 28.593750, 182.601593
257.343750, 50.039062, 168.820343
257.343750, 28.593750, 161.929718
257.343750, 14.296875, 161.929718
257.343750, 14.296875, 161.929718
250.195297, 28.593750, 155.039093
235.898422, 21.445312, 148.148468
228.749985, 21.445312, 148.148468
228.749985, 35.742188, 141.257843
200.156235, 42.890625, 127.476593
193.007797, 35.742188, 148.148468
207.304672, 28.593750, 148.148468
185.859360, 28.593750, 148.148468
185.859360, 21.445312, 161.929718
185.859360, 14.296875, 161.929718
185.859360, 14.296875, 189.492218
178.710922, 7.148438, 182.601593
178.710922, 14.296875, 189.492218
164.414062, 0.000000, 196.382843
157.265625, 14.296875, 203.273468
157.265625, 14.296875, 210.164093
164.414062, 35.742188, 223.945343
128.671875, 35.742188, 217.054718
128.671875, 64.335938, 210.164093
150.117188, 92.929718, 217.054718
142.968750, 92.929718, 196.382843
135.820312, 128.671906, 210.164093
128.671875, 135.820343, 210.164093
128.671875, 150.117218, 203.273468
121.523438, 157.265656, 217.054718
135.820312, 157.265656, 217.054718
135.820312, 178.710968, 217.054718
142.968750, 171.562531, 230.835968
142.968750, 178.710968, 230.835968
142.968750, 171.562531, 230.835968
128.671875, 157.265656, 223.945343
157.265625, 164.414093, 210.164093
150.117188, 178.710968, 223.945343
128.671875, 178.710968, 223.945343
142.968750, 164.414093, 217.054718
142.968750, 164.414093, 230.835968
121.523438, 157.265656, 230.835968
114.375000, 171.562531, 217.054718
135.820312, 171.562531, 223.945343
128.671875, 171.562531, 217.054718
150.117188, 157.265656, 237.726578
142.968750, 157.265656, 230.835968
135.820312, 157.265656, 230.835968
150.117188, 164.414093, 223.945343
150.117188, 157.265656, 223.945343
171.562485, 157.265656, 217.054718
171.562485, 150.117218, 223.945343
178.710922, 142.968781, 210.164093
185.859360, 121.523468, 223.945343
193.007797, 100.078156, 210.164093
200.156235, 92.929718, 210.164093
214.453110, 78.632843, 203.273468
214.453110, 64.335938, 203.273468
228.749985, 64.335938, 210.164093
228.749985, 71.484406, 182.601593
243.046860, 78.632843, 189.492218
235.898422, 71.484406, 175.710968
235.898422, 71.484406, 175.710968
250.195297, 50.039062, 168.820343
257.343750, 64.335938, 161.929718
264.492188, 42.890625, 155.039093
250.195297, 42.890625, 161.929718
250.195297, 50.039062, 148.148468
243.046860, 50.039062, 134.367218
250.195297, 64.335938, 134.367218
235.898422, 35.742188, 148.148468
235.898422, 35.742188, 141.257843
257.343750, 71.484406, 148.148468
257.343750, 42.890625, 148.148468
243.046860, 57.187500, 161.929718
257.343750, 50.039062, 161.929718
257.343750, 57.187500, 175.710968
250.195297, 42.890625, 148.148468
250.195297, 50.039062, 155.039093
264.492188, 42.890625, 161.929718
257.343750, 50.039062, 168.820343
264.492188, 57.187500, 141.257843
250.195297, 50.039062, 155.039093
264.492188, 50.039062, 148.148468
250.195297, 42.890625, 120.585968
243.046860, 42.890625, 120.585968
243.046860, 28.593750, 99.914062
250.195297, 35.742188, 86.132812
235.898422, 21.445312, 79.242188
228.749985, 28.593750, 72.351562
235.898422, 28.593750, 58.570312
221.601547, 14.296875, 51.679688
228.749985, 7.148438, 24.117188
228.749985, 14.296875, 44.789062
207.304672, 21.445312, 51.679688
221.601547, 0.000000, 24.117188
221.601547, -7.148438, 44.789062
250.195297, 14.296875, 37.898438
235.898422, -7.148438, 79.242188
221.601547, 7.148438, 79.242188
221.601547, 7.148438, 79.242188
235.898422, -7.148438, 106.804688
221.601547, 0.000000, 134.367218
235.898422, 21.445312, 168.820343
235.898422, 7.148438, 168.820343
235.898422, 14.296875, 182.601593
235.898422, 35.742188, 182.601593
228.749985, 28.593750, 175.710968
243.046860, 35.742188, 182.601593
235.898422, 50.039062, 182.601593
243.046860, 50.039062, 182.601593
243.046860, 71.484406, 182.601593
257.343750, 92.929718, 182.601593
257.343750, 78.632843, 168.820343
243.046860, 71.484406, 182.601593
250.195297, 85.781281, 161.929718
257.343750, 100.078156, 168.820343
250.195297, 78.632843, 168.820343
264.492188, 78.632843, 155.039093
271.640625, 71.484406, 161.929718
264.492188, 71.484406, 161.929718
264.492188, 85.781281, 155.039093
264.492188, 71.484406, 148.148468
257.343750, 85.781281, 141.257843
250.195297, 71.484406, 141.257843
271.640625, 50.039062, 141.257843
264.492188, 57.187500, 141.257843
257.343750, 28.593750, 141.257843
285.937500, 0.000000, 127.476593
293.085938, -28.593750, 134.367218
300.234375, -42.890625, 134.367218
314.531250, -100.078110, 99.914062
285.937500, -142.968750, 51.679688
300.234375, -221.601562, 10.335938
264.492188, -271.640625, -51.679657
214.453110, -321.679688, -93.023407
171.562485, -357.421875, -134.367157
150.117188, -371.718750, -155.039032
157.265625, -378.867188, -134.367157
178.710922, -357.421875, -106.804657
214.453110, -357.421875, -93.023407
235.898422, -321.679688, -65.460907
264.492188, -300.234375, -72.351532
293.085938, -257.343750, -31.007782
335.976562, -214.453125, 17.226562
371.718750, -135.820312, 51.679688
386.015625, -57.187500, 106.804688
400.312500, 35.742188, 148.148468
393.164062, 142.968781, 182.601593
335.976562, 221.601562, 223.945343
293.085938, 278.789062, 230.835968
235.898422, 321.679688, 230.835968
178.710922, 335.976562, 223.945343
100.078110, 371.718750, 230.835968
35.742180, 378.867188, 251.507828
-50.039078, 371.718750, 237.726578
-57.187515, 357.421875, 223.945343
-107.226578, 343.125000, 203.273468
-142.968765, 335.976562, 175.710968
-135.820328, 343.125000, 182.601593
-135.820328, 321.679688, 203.273468
-142.968765, 321.679688, 230.835968
-150.117203, 307.382812, 237.726578
-164.414078, 285.937500, 237.726578
-157.265640, 264.492188, 244.617203
-178.710953, 250.195312, 258.398438
-157.265640, 250.195312, 251.507828
-164.414078, 250.195312, 272.179688
-171.562515, 250.195312, 251.507828
-150.117203, 250.195312, 251.507828
-142.968765, 271.640625, 244.617203
-107.226578, 293.085938, 230.835968
-71.484390, 300.234375, 237.726578
-42.890640, 300.234375, 230.835968
-14.296890, 300.234375, 230.835968
14.296867, 300.234375, 223.945343
64.335922, 314.531250, 223.945343
85.781235, 300.234375, 223.945343
121.523438, 307.382812, 210.164093
128.671875, 300.234375, 196.382843
178.710922, 314.531250, 175.710968
200.156235, 314.531250, 141.257843
235.898422, 293.085938, 127.476593
264.492188, 271.640625, 86.132812
300.234375, 250.195312, 58.570312
328.828125, 200.156250, 31.007812
335.976562, 164.414093, -10.335938
350.273438, 85.781281, -37.898407
371.718750, 0.000000, -65.460907
350.273438, -71.484360, -93.023407
321.679688, -150.117188, -148.148407
271.640625, -235.898438, -168.820282
207.304672, -264.492188, -210.164032
135.820312, -300.234375, -237.726532
85.781235, -300.234375, -265.289032
57.187485, -293.085938, -313.523468
35.742180, -285.937500, -313.523468
28.593742, -278.789062, -313.523468
21.445305, -271.640625, -320.414093
42.890610, -293.085938, -313.523468
35.742180, -285.937500, -299.742218
71.484360, -300.234375, -285.960968
92.929672, -300.234375, -272.179657
135.820312, -278.789062, -258.398407
171.562485, -285.937500, -258.398407
228.749985, -257.343750, -217.054657
278.789062, -200.156250, -189.492157
314.531250, -128.671875, -161.929657
357.421875, -42.890625, -120.585907
350.273438, 28.593750, -86.132782
328.828125, 100.078156, -24.117157
335.976562, 150.117218, 10.335938
314.531250, 200.156250, 58.570312
293.085938, 250.195312, 99.914062
250.195297, 293.085938, 134.367218
193.007797, 293.085938, 155.039093
178.710922, 321.679688, 189.492218
135.820312, 321.679688, 210.164093
100.078110, 300.234375, 230.835968
78.632797, 314.531250, 258.398438
42.890610, 314.531250, 258.398438
21.445305, 264.492188, 272.179688
14.296867, 271.640625, 265.289062
-0.000015, 264.492188, 265.289062
-21.445328, 228.750000, 279.070312
-14.296890, 214.453125, 279.070312
-28.593761, 200.156250, 285.960938
-35.742199, 171.562531, 299.742188
-28.593761, 142.968781, 299.742188
-7.148453, 114.375031, 299.742188
-0.000015, 107.226593, 299.742188
21.445305, 85.781281, 306.632843
35.742180, 78.632843, 306.632843
64.335922, 85.781281, 299.742188
85.781235, 78.632843, 306.632843
100.078110, 64.335938, 299.742188
135.820312, 64.335938, 299.742188
157.265625, 42.890625, 272.179688
178.710922, 28.593750, 272.179688
221.601547, 57.187500, 265.289062
250.195297, 35.742188, 223.945343
285.937500, 42.890625, 210.164093
307.382812, 50.039062, 182.601593
321.679688, 85.781281, 161.929718
314.531250, 107.226593, 141.257843
314.531250, 150.117218, 127.476593
300.234375, 185.859406, 120.585968
307.382812, 228.750000, 86.132812
300.234375, 243.046875, 58.570312
293.085938, 235.898438, 24.117188
314.531250, 235.898438, -17.226562
307.382812, 207.304688, -31.007782
321.679688, 178.710968, -79.242157
328.828125, 142.968781, -86.132782
343.125000, 114.375031, -86.132782
343.125000, 57.187500, -120.585907
343.125000, -21.445312, -155.039032
314.531250, -121.523422, -182.601532
264.492188, -200.156250, -237.726532
185.859360, -243.046875, -251.507782
135.820312, -285.937500, -279.070343
78.632797, -257.343750, -320.414093
14.296867, -257.343750, -313.523468
-7.148453, -228.750000, -327.304718
-28.593761, -243.046875, -341.085968
-28.593761, -214.453125, -334.195343
-28.593761, -200.156250, -334.195343
-35.742199, -193.007812, -334.195343
-0.000015, -214.453125, -368.648468
21.445305, -228.750000, -347.976593
57.187485, -243.046875, -347.976593
107.226562, -228.750000, -341.085968
114.375000, -243.046875, -306.632843
178.710922, -243.046875, -292.851593
235.898422, -221.601562, -244.617157
293.085938, -193.007812, -175.710907
328.828125, -128.671875, -127.476532
357.421875, 0.000000, -72.351532
350.273438, 78.632843, -31.007782
321.679688, 171.562531, 17.226562
271.640625, 264.492188, 51.679688
221.601547, 300.234375, 72.351562
164.414062, 350.273438, 106.804688
92.929672, 364.570312, 141.257843
57.187485, 357.421875, 161.929718
-21.445328, 378.867188, 217.054718
-71.484390, 357.421875, 237.726578
-107.226578, 350.273438, 237.726578
-128.671890, 314.531250, 230.835968
-157.265640, 314.531250, 230.835968
-164.414078, 300.234375, 244.617203
-164.414078, 293.085938, 251.507828
-164.414078, 307.382812, 244.617203
-128.671890, 307.382812, 223.945343
-121.523453, 328.828125, 237.726578
-107.226578, 314.531250, 223.945343
-71.484390, 350.273438, 223.945343
-42.890640, 335.976562, 237.726578
-21.445328, 350.273438, 237.726578
35.742180, 343.125000, 210.164093
78.632797, 343.125000, 230.835968
107.226562, 364.570312, 182.601593
142.968750, 350.273438, 148.148468
193.007797, 343.125000, 106.804688
271.640625, 278.789062, 72.351562
307.382812, 221.601562, 44.789062
371.718750, 135.820343, -3.445312
364.570312, 78.632843, -31.007782
378.867188, 28.593750, -72.351532
350.273438, -57.187500, -72.351532
343.125000, -135.820312, -134.367157
285.937500, -221.601562, -182.601532
250.195297, -264.492188, -210.164032
193.007797, -278.789062, -223.945282
164.414062, -307.382812, -237.726532
135.820312, -321.679688, -237.726532
114.375000, -321.679688, -251.507782
85.781235, -321.679688, -265.289032
78.632797, -321.679688, -265.289032
50.039047, -314.531250, -272.179657
50.039047, -321.679688, -285.960968
57.187485, -314.531250, -285.960968
57.187485, -307.382812, -292.851593
64.335922, -314.531250, -279.070343
64.335922, -307.382812, -279.070343
64.335922, -307.382812, -272.179657
78.632797, -314.531250, -258.398407
100.078110, -314.531250, -244.617157
114.375000, -321.679688, -258.398407
150.117188, -328.828125, -237.726532
150.117188, -321.679688, -210.164032
164.414062, -321.679688, -217.054657
193.007797, -307.382812, -182.601532
214.453110, -307.382812, -161.929657
235.898422, -314.531250, -141.257782
257.343750, -285.937500, -93.023407
285.937500, -243.046875, -58.570282
300.234375, -221.601562, -31.007782
278.789062, -178.710938, 10.335938
293.085938, -157.265625, 44.789062
278.789062, -142.968750, 93.023438
264.492188, -85.781235, 134.367218
271.640625, -21.445312, 168.820343
214.453110, 14.296875, 203.273468
193.007797, 71.484406, 230.835968
157.265625, 92.929718, 251.507828
135.820312, 121.523468, 251.507828
92.929672, 128.671906, 251.507828
92.929672, 150.117218, 258.398438
57.187485, 150.117218, 272.179688
42.890610, 135.820343, 265.289062
35.742180, 128.671906, 285.960938
28.593742, 114.375031, 285.960938
21.445305, 100.078156, 272.179688
-7.148453, 114.375031, 292.851562
-7.148453, 92.929718, 292.851562
-14.296890, 85.781281, 306.632843
-14.296890, 85.781281, 299.742188
-14.296890, 71.484406, 285.960938
-28.593761, 64.335938, 313.523468
-28.593761, 71.484406, 299.742188
-21.445328, 71.484406, 299.742188
-7.148453, 71.484406, 299.742188
-7.148453, 85.781281, 306.632843
14.296867, 85.781281, 306.632843
7.148422, 107.226593, 292.851562
21.445305, 100.078156, 299.742188
42.890610, 114.375031, 299.742188
35.742180, 135.820343, 299.742188
71.484360, 150.117218, 285.960938
85.781235, 164.414093, 292.851562
100.078110, 171.562531, 285.960938
92.929672, 178.710968, 265.289062
107.226562, 193.007843, 258.398438
121.523438, 200.156250, 279.070312
135.820312, 207.304688, 251.507828
128.671875, 221.601562, 237.726578
142.968750, 214.453125, 244.617203
171.562485, 214.453125, 237.726578
193.007797, 207.304688, 230.835968
207.304672, 214.453125, 210.164093
214.453110, 228.750000, 210.164093
214.453110, 243.046875, 203.273468
228.749985, 243.046875, 182.601593
228.749985, 235.898438, 175.710968
235.898422, 250.195312, 175.710968
250.195297, 250.195312, 168.820343
271.640625, 250.195312, 155.039093
271.640625, 243.046875, 148.148468
271.640625, 250.195312, 134.367218
307.382812, 214.453125, 106.804688
321.679688, 207.304688, 86.132812
335.976562, 178.710968, 79.242188
364.570312, 135.820343, 86.132812
371.718750, 128.671906, 65.460938
393.164062, 71.484406, 51.679688
378.867188, 14.296875, 24.117188
371.718750, -42.890625, -10.335938
357.421875, -107.226547, -37.898407
321.679688, -185.859375, -79.242157
300.234375, -221.601562, -86.132782
264.492188, -264.492188, -120.585907
235.898422, -293.085938, -141.257782
200.156235, -314.531250, -168.820282
150.117188, -314.531250, -189.492157
135.820312, -335.976562, -223.945282
100.078110, -314.531250, -217.054657
100.078110, -335.976562, -237.726532
100.078110, -335.976562, -217.054657
100.078110, -328.828125, -237.726532
100.078110, -328.828125, -237.726532
100.078110, -321.679688, -244.617157
85.781235, -321.679688, -244.617157
92.929672, -300.234375, -251.507782
100.078110, -307.382812, -244.617157
100.078110, -293.085938, -244.617157
107.226562, -321.679688, -244.617157
100.078110, -307.382812, -244.617157
135.820312, -300.234375, -237.726532
171.562485, -314.531250, -217.054657
185.859360, -300.234375, -203.273407
228.749985, -300.234375, -161.929657
243.046860, -285.937500, -113.695282
278.789062, -257.343750, -65.460907
321.679688, -214.453125, -37.898407
335.976562, -157.265625, 3.445312
343.125000, -107.226547, 44.789062
357.421875, -35.742188, 99.914062
343.125000, 0.000000, 141.257843
314.531250, 35.742188, 148.148468
314.531250, 85.781281, 175.710968
300.234375, 85.781281, 196.382843
278.789062, 92.929718, 217.054718
264.492188, 92.929718, 244.617203
235.898422, 64.335938, 265.289062
221.601547, 35.742188, 258.398438
207.304672, 28.593750, 272.179688
171.562485, -7.148438, 285.960938
171.562485, -64.335922, 272.179688
150.117188, -107.226547, 272.179688
135.820312, -121.523422, 251.507828
121.523438, -150.117188, 265.289062
114.375000, -178.710938, 244.617203
100.078110, -193.007812, 258.398438
92.929672, -207.304688, 244.617203
85.781235, -221.601562, 217.054718
92.929672, -214.453125, 230.835968
114.375000, -228.750000, 223.945343
121.523438, -250.195312, 203.273468
121.523438, -250.195312, 196.382843
150.117188, -250.195312, 175.710968
150.117188, -264.492188, 182.601593
157.265625, -235.898438, 196.382843
193.007797, -228.750000, 182.601593
214.453110, -214.453125, 182.601593
235.898422, -178.710938, 189.492218
264.492188, -150.117188, 182.601593
278.789062, -100.078110, 189.492218
314.531250, -42.890625, 175.710968
321.679688, 7.148438, 182.601593
321.679688, 50.039062, 168.820343
307.382812, 92.929718, 148.148468
314.531250, 142.968781, 148.148468
300.234375, 185.859406, 120.585968
271.640625, 221.601562, 99.914062
278.789062, 243.046875, 72.351562
307.382812, 250.195312, 44.789062
278.789062, 264.492188, 51.679688
285.937500, 243.046875, 24.117188
307.382812, 228.750000, -3.445312
314.531250, 214.453125, -3.445312
343.125000, 178.710968, -37.898407
364.570312, 92.929718, -58.570282
378.867188, 28.593750, -86.132782
364.570312, -57.187500, -127.476532
350.273438, -114.374985, -127.476532
293.085938, -171.562500, -168.820282
257.343750, -214.453125, -210.164032
214.453110, -257.343750, -244.617157
157.265625, -264.492188, -279.070343
107.226562, -271.640625, -299.742218
78.632797, -271.640625, -320.414093
57.187485, -250.195312, -320.414093
42.890610, -257.343750, -313.523468
28.593742, -278.789062, -320.414093
64.335922, -271.640625, -306.632843
92.929672, -278.789062, -299.742218
128.671875, -264.492188, -272.179657
150.117188, -278.789062, -258.398407
185.859360, -278.789062, -223.945282
243.046860, -271.640625, -189.492157
271.640625, -228.750000, -161.929657
307.382812, -178.710938, -113.695282
350.273438, -121.523422, -65.460907
357.421875, -7.148438, 10.335938
350.273438, 71.484406, 58.570312
335.976562, 157.265656, 106.804688
264.492188, 235.898438, 127.476593
200.156235, 285.937500, 155.039093
142.968750, 300.234375, 196.382843
92.929672, 307.382812, 217.054718
78.632797, 300.234375, 244.617203
50.039047, 278.789062, 244.617203
42.890610, 264.492188, 244.617203
42.890610, 243.046875, 265.289062
50.039047, 200.156250, 285.960938
35.742180, 200.156250, 292.851562
14.296867, 171.562531, 285.960938
35.742180, 171.562531, 313.523468
28.593742, 142.968781, 292.851562
35.742180, 142.968781, 306.632843
35.742180, 107.226593, 299.742188
57.187485, 114.375031, 306.632843
78.632797, 128.671906, 306.632843
85.781235, 142.968781, 292.851562
114.375000, 164.414093, 272.179688
150.117188, 178.710968, 272.179688
150.117188, 193.007843, 279.070312
193.007797, 228.750000, 272.179688
178.710922, 250.195312, 244.617203
193.007797, 271.640625, 237.726578
214.453110, 285.937500, 210.164093
228.749985, 271.640625, 196.382843
278.789062, 271.640625, 161.929718
307.382812, 221.601562, 148.148468
350.273438, 178.710968, 120.585968
386.015625, 100.078156, 79.242188
386.015625, 28.593750, 44.789062
393.164062, -35.742188, 10.335938
343.125000, -142.968750, -51.679657
321.679688, -207.304688, -99.914032
250.195297, -271.640625, -148.148407
200.156235, -307.382812, -189.492157
142.968750, -314.531250, -217.054657
100.078110, -321.679688, -251.507782
64.335922, -307.382812, -258.398407
28.593742, -285.937500, -285.960968
42.890610, -293.085938, -279.070343
35.742180, -293.085938, -292.851593
42.890610, -300.234375, -285.960968
50.039047, -321.679688, -279.070343
50.039047, -321.679688, -272.179657
64.335922, -321.679688, -285.960968
71.484360, -300.234375, -272.179657
92.929672, -307.382812, -237.726532
142.968750, -314.531250, -230.835907
185.859360, -300.234375, -182.601532
235.898422, -300.234375, -141.257782
271.640625, -257.343750, -113.695282
321.679688, -178.710938, -79.242157
350.273438, -121.523422, -31.007782
371.718750, -50.039062, 3.445312
371.718750, 42.890625, 72.351562
350.273438, 121.523468, 113.695343
314.531250, 193.007843, 141.257843
271.640625, 257.343750, 168.820343
243.046860, 271.640625, 175.710968
214.453110, 307.382812, 182.601593
200.156235, 285.937500, 217.054718
185.859360, 257.343750, 210.164093
193.007797, 257.343750, 244.617203
164.414062, 214.453125, 230.835968
171.562485, 185.859406, 230.835968
157.265625, 135.820343, 251.507828
157.265625, 100.078156, 265.289062
150.117188, 50.039062, 279.070312
157.265625, 14.296875, 285.960938
128.671875, -42.890625, 285.960938
150.117188, -57.187500, 285.960938
128.671875, -85.781235, 272.179688
107.226562, -114.374985, 279.070312
121.523438, -128.671875, 279.070312
107.226562, -142.968750, 265.289062
100.078110, -164.414062, 272.179688
114.375000, -164.414062, 265.289062
92.929672, -157.265625, 272.179688
107.226562, -157.265625, 251.507828
92.929672, -171.562500, 251.507828
128.671875, -164.414062, 230.835968
128.671875, -164.414062, 223.945343
128.671875, -171.562500, 217.054718
157.265625, -150.117188, 223.945343
185.859360, -135.820312, 217.054718
221.601547, -107.226547, 230.835968
228.749985, -71.484360, 237.726578
250.195297, -28.593750, 230.835968
264.492188, 0.000000, 223.945343
293.085938, 28.593750, 217.054718
285.937500, 78.632843, 189.492218
278.789062, 135.820343, 182.601593
307.382812, 164.414093, 148.148468
307.382812, 178.710968, 148.148468
300.234375, 207.304688, 127.476593
307.382812, 221.601562, 127.476593
285.937500, 228.750000, 79.242188
314.531250, 257.343750, 58.570312
307.382812, 221.601562, 44.789062
307.382812, 207.304688, 44.789062
321.679688, 178.710968, 37.898438
343.125000, 150.117218, 3.445312
350.273438, 142.968781, -24.117157
357.421875, 114.375031, -44.789032
357.421875, 71.484406, -72.351532
371.718750, 7.148438, -127.476532
357.421875, -71.484360, -127.476532
343.125000, -128.671875, -155.039032
335.976562, -157.265625, -161.929657
293.085938, -200.156250, -196.382782
264.492188, -214.453125, -237.726532
243.046860, -243.046875, -258.398407
221.601547, -257.343750, -258.398407
214.453110, -243.046875, -265.289032
200.156235, -271.640625, -292.851593
200.156235, -264.492188, -272.179657
193.007797, -257.343750, -265.289032
178.710922, -271.640625, -279.070343
193.007797, -257.343750, -251.507782
193.007797, -278.789062, -251.507782
214.453110, -278.789062, -223.945282
228.749985, -257.343750, -223.945282
250.195297, -264.492188, -182.601532
271.640625, -243.046875, -161.929657
300.234375, -221.601562, -127.476532
328.828125, -171.562500, -99.914032
350.273438, -85.781235, -86.132782
371.718750, -21.445312, -51.679657
350.273438, 50.039062, -37.898407
328.828125, 107.226593, -17.226562
328.828125, 171.562531, 3.445312
307.382812, 193.007843, 10.335938
285.937500, 257.343750, 17.226562
257.343750, 278.789062, 31.007812
243.046860, 285.937500, 65.460938
228.749985, 300.234375, 58.570312
193.007797, 321.679688, 72.351562
178.710922, 321.679688, 99.914062
164.414062, 314.531250, 113.695343
171.562485, 300.234375, 134.367218
164.414062, 293.085938, 127.476593
178.710922, 257.343750, 161.929718
185.859360, 200.156250, 189.492218
200.156235, 171.562531, 196.382843
214.453110, 114.375031, 217.054718
207.304672, 64.335938, 217.054718
221.601547, 28.593750, 230.835968
228.749985, -28.593750, 223.945343
214.453110, -71.484360, 203.273468
221.601547, -114.374985, 196.382843
228.749985, -157.265625, 161.929718
228.749985, -178.710938, 155.039093
235.898422, -193.007812, 127.476593
228.749985, -228.750000, 106.804688
221.601547, -250.195312, 86.132812
214.453110, -243.046875, 58.570312
221.601547, -271.640625, 44.789062
228.749985, -264.492188, 31.007812
214.453110, -285.937500, -3.445312
221.601547, -285.937500, -24.117157
214.453110, -300.234375, -44.789032
228.749985, -307.382812, -44.789032
221.601547, -285.937500, -37.898407
250.195297, -300.234375, -44.789032
243.046860, -271.640625, -10.335938
271.640625, -250.195312, 3.445312
285.937500, -214.453125, 37.898438
321.679688, -164.414062, 31.007812
350.273438, -92.929672, 44.789062
350.273438, -7.148438, 37.898438
350.273438, 71.484406, 17.226562
343.125000, 135.820343, 44.789062
321.679688, 171.562531, 37.898438
307.382812, 221.601562, 31.007812
278.789062, 243.046875, 44.789062
264.492188, 293.085938, 31.007812
250.195297, 285.937500, 3.445312
243.046860, 285.937500, -24.117157
264.492188, 285.937500, -37.898407
250.195297, 278.789062, -58.570282
293.085938, 235.898438, -44.789032
314.531250, 193.007843, -44.789032
335.976562, 164.414093, -93.023407
343.125000, 92.929718, -127.476532
350.273438, 14.296875, -155.039032
328.828125, -71.484360, -182.601532
314.531250, -150.117188, -217.054657
271.640625, -193.007812, -230.835907
243.046860, -221.601562, -265.289032
200.156235, -221.601562, -285.960968
171.562485, -243.046875, -279.070343
150.117188, -243.046875, -299.742218
121.523438, -235.898438, -285.960968
121.523438, -228.750000, -306.632843
114.375000, -228.750000, -292.851593
142.968750, -228.750000, -285.960968
164.414062, -228.750000, -285.960968
193.007797, -235.898438, -285.960968
243.046860, -214.453125, -237.726532
278.789062, -185.859375, -210.164032
307.382812, -178.710938, -175.710907
321.679688, -150.117188, -148.148407
343.125000, -121.523422, -106.804657
335.976562, -78.632797, -65.460907
350.273438, -14.296875, -24.117157
350.273438, 42.890625, 31.007812
307.382812, 121.523468, 86.132812
285.937500, 157.265656, 120.585968
228.749985, 214.453125, 134.367218
185.859360, 271.640625, 148.148468
135.820312, 293.085938, 141.257843
85.781235, 335.976562, 141.257843
57.187485, 335.976562, 148.148468
-0.000015, 343.125000, 189.492218
-35.742199, 350.273438, 182.601593
-71.484390, 357.421875, 175.710968
-57.187515, 357.421875, 141.257843
-71.484390, 343.125000, 127.476593
-71.484390, 357.421875, 134.367218
-92.929703, 357.421875, 127.476593
-78.632828, 364.570312, 134.367218
-42.890640, 357.421875, 134.367218
-28.593761, 350.273438, 134.367218
-7.148453, 343.125000, 155.039093
28.593742, 321.679688, 168.820343
57.187485, 328.828125, 161.929718
64.335922, 314.531250, 175.710968
114.375000, 307.382812, 168.820343
128.671875, 300.234375, 161.929718
157.265625, 300.234375, 155.039093
193.007797, 257.343750, 161.929718
207.304672, 221.601562, 134.367218
221.601547, 193.007843, 120.585968
250.195297, 142.968781, 127.476593
285.937500, 85.781281, 134.367218
300.234375, 35.742188, 79.242188
307.382812, -14.296875, 58.570312
350.273438, -50.039062, 24.117188
343.125000, -92.929672, -17.226562
321.679688, -114.374985, -65.460907
321.679688, -164.414062, -120.585907
278.789062, -207.304688, -175.710907
264.492188, -243.046875, -223.945282
207.304672, -257.343750, -272.179657
128.671875, -271.640625, -306.632843
35.742180, -278.789062, -361.757843
-28.593761, -250.195312, -382.429718
-114.375015, -235.898438, -389.320343
-142.968765, -207.304688, -403.101593
-193.007843, -150.117188, -403.101593
-228.750015, -114.374985, -368.648468
-278.789093, -42.890625, -347.976593
-321.679718, -7.148438, -320.414093
-357.421875, 42.890625, -285.960968
-364.570312, 85.781281, -244.617157
-378.867188, 121.523468, -230.835907
-364.570312, 150.117218, -210.164032
-371.718750, 178.710968, -182.601532
-364.570312, 193.007843, -155.039032
-357.421875, 200.156250, -127.476532
-357.421875, 207.304688, -106.804657
-357.421875, 228.750000, -120.585907
-343.125000, 243.046875, -99.914032
-343.125000, 228.750000, -113.695282
-350.273438, 221.601562, -106.804657
-343.125000, 214.453125, -120.585907
-350.273438, 214.453125, -168.820282
-350.273438, 171.562531, -196.382782
-335.976593, 157.265656, -237.726532
-335.976593, 135.820343, -272.179657
-321.679718, 100.078156, -334.195343
-271.640625, 42.890625, -382.429718
-235.898453, -21.445312, -416.882843
-171.562515, -85.781235, -444.445343
-92.929703, -114.374985, -430.664093
7.148422, -164.414062, -409.992218
78.632797, -178.710938, -403.101593
142.968750, -171.562500, -382.429718
200.156235, -164.414062, -368.648468
250.195297, -150.117188, -292.851593
300.234375, -107.226547, -237.726532
321.679688, -50.039062, -148.148407
350.273438, 14.296875, -79.242157
307.382812, 85.781281, 17.226562
285.937500, 128.671906, 65.460938
243.046860, 171.562531, 134.367218
178.710922, 207.304688, 175.710968
128.671875, 243.046875, 203.273468
78.632797, 243.046875, 203.273468
85.781235, 257.343750, 230.835968
50.039047, 250.195312, 217.054718
28.593742, 257.343750, 217.054718
50.039047, 250.195312, 237.726578
50.039047, 228.750000, 230.835968
57.187485, 243.046875, 237.726578
57.187485, 278.789062, 223.945343
42.890610, 278.789062, 223.945343
57.187485, 285.937500, 196.382843
57.187485, 307.382812, 196.382843
50.039047, 314.531250, 189.492218
50.039047, 321.679688, 168.820343
71.484360, 328.828125, 148.148468
85.781235, 321.679688, 148.148468
128.671875, 307.382812, 134.367218
135.820312, 314.531250, 120.585968
150.117188, 300.234375, 127.476593
178.710922, 300.234375, 99.914062
178.710922, 307.382812, 86.132812
200.156235, 300.234375, 72.351562
214.453110, 278.789062, 51.679688
235.898422, 243.046875, 44.789062
257.343750, 228.750000, 37.898438
278.789062, 200.156250, 51.679688
300.234375, 171.562531, 31.007812
314.531250, 135.820343, 24.117188
321.679688, 107.226593, 17.226562
335.976562, 64.335938, -10.335938
343.125000, 14.296875, -17.226562
357.421875, -21.445312, -65.460907
343.125000, -28.593750, -44.789032
350.273438, -78.632797, -65.460907
343.125000, -78.632797, -79.242157
343.125000, -100.078110, -86.132782
328.828125, -114.374985, -93.023407
328.828125, -107.226547, -120.585907
343.125000, -107.226547, -120.585907
300.234375, -121.523422, -134.367157
314.531250, -121.523422, -148.148407
321.679688, -114.374985, -175.710907
307.382812, -78.632797, -182.601532
293.085938, -78.632797, -203.273407
293.085938, -42.890625, -230.835907
300.234375, -42.890625, -230.835907
285.937500, -21.445312, -237.726532
278.789062, -28.593750, -230.835907
293.085938, 7.148438, -223.945282
321.679688, 21.445312, -203.273407
314.531250, 35.742188, -168.820282
335.976562, 35.742188, -141.257782
343.125000, 71.484406, -86.132782
328.828125, 85.781281, -44.789032
321.679688, 92.929718, 17.226562
314.531250, 100.078156, 79.242188
285.937500, 85.781281, 127.476593
285.937500, 78.632843, 148.148468
278.789062, 50.039062, 161.929718
271.640625, 35.742188, 168.820343
264.492188, 35.742188, 182.601593
278.789062, 21.445312, 168.820343
278.789062, 42.890625, 141.257843
285.937500, 42.890625, 134.367218
307.382812, 85.781281, 93.023438
314.531250, 85.781281, 86.132812
328.828125, 92.929718, 72.351562
321.679688, 114.375031, 51.679688
314.531250, 107.226593, 72.351562
307.382812, 107.226593, 79.242188
307.382812, 114.375031, 106.804688
293.085938, 107.226593, 120.585968
285.937500, 92.929718, 141.257843
264.492188, 92.929718, 168.820343
228.749985, 128.671906, 175.710968
235.898422, 128.671906, 189.492218
250.195297, 114.375031, 155.039093
257.343750, 114.375031, 168.820343
264.492188, 92.929718, 155.039093
271.640625, 114.375031, 161.929718
257.343750, 114.375031, 161.929718
271.640625, 114.375031, 155.039093
264.492188, 135.820343, 161.929718
243.046860, 142.968781, 148.148468
235.898422, 178.710968, 168.820343
257.343750, 171.562531, 161.929718
257.343750, 171.562531, 134.367218
257.343750, 178.710968, 127.476593
271.640625, 171.562531, 134.367218
271.640625, 171.562531, 120.585968
257.343750, 171.562531, 134.367218
243.046860, 200.156250, 127.476593
250.195297, 185.859406, 134.367218
257.343750, 178.710968, 127.476593
257.343750, 178.710968, 127.476593
250.195297, 185.859406, 120.585968
257.343750, 185.859406, 134.367218
243.046860, 200.156250, 141.257843
257.343750, 193.007843, 127.476593
257.343750, 193.007843, 127.476593
264.492188, 185.859406, 113.695343
264.492188, 193.007843, 120.585968
257.343750, 178.710968, 127.476593
250.195297, 185.859406, 127.476593
235.898422, 185.859406, 106.804688
264.492188, 193.007843, 134.367218
250.195297, 207.304688, 120.585968
264.492188, 185.859406, 120.585968
250.195297, 200.156250, 127.476593
250.195297, 178.710968, 127.476593
243.046860, 193.007843, 113.695343
257.343750, 200.156250, 120.585968
250.195297, 200.156250, 120.585968
250.195297, 178.710968, 141.257843
250.195297, 185.859406, 106.804688
257.343750, 193.007843, 120.585968
271.640625, 185.859406, 127.476593
257.343750, 200.156250, 134.367218
250.195297, 193.007843, 120.585968
257.343750, 185.859406, 127.476593
257.343750, 200.156250, 120.585968
235.898422, 193.007843, 120.585968
257.343750, 193.007843, 120.585968
250.195297, 200.156250, 113.695343
243.046860, 200.156250, 113.695343
257.343750, 200.156250, 120.585968
250.195297, 193.007843, 120.585968
257.343750, 193.007843, 113.695343
235.898422, 193.007843, 120.585968
257.343750, 200.156250, 106.804688
264.492188, 193.007843, 113.695343
257.343750, 200.156250, 113.695343
257.343750, 193.007843, 120.585968
257.343750, 185.859406, 127.476593
250.195297, 185.859406, 113.695343
243.046860, 193.007843, 127.476593
250.195297, 200.156250, 106.804688
250.195297, 185.859406, 113.695343
250.195297, 185.859406, 120.585968
250.195297, 185.859406, 134.367218
243.046860, 200.156250, 120.585968
235.898422, 193.007843, 120.585968
243.046860, 207.304688, 120.585968
264.492188, 193.007843, 120.585968
264.492188, 171.562531, 113.695343
243.046860, 200.156250, 127.476593
257.343750, 185.859406, 120.585968
250.195297, 193.007843, 120.585968
235.898422, 178.710968, 127.476593
235.898422, 185.859406, 127.476593
257.343750, 193.007843, 106.804688
243.046860, 200.156250, 113.695343
257.343750, 185.859406, 120.585968
257.343750, 200.156250, 127.476593
243.046860, 185.859406, 113.695343
264.492188, 185.859406, 106.804688
243.046860, 193.007843, 127.476593
250.195297, 193.007843, 106.804688
250.195297, 193.007843, 120.585968
250.195297, 214.453125, 113.695343
264.492188, 207.304688, 127.476593
257.343750, 193.007843, 127.476593
250.195297, 185.859406, 127.476593
264.492188, 193.007843, 120.585968
250.195297, 185.859406, 120.585968
243.046860, 178.710968, 113.695343
264.492188, 207.304688, 127.476593
264.492188, 185.859406, 113.695343
243.046860, 185.859406, 106.804688
257.343750, 200.156250, 127.476593
257.343750, 200.156250, 134.367218
235.898422, 200.156250, 120.585968
250.195297, 185.859406, 106.804688
243.046860, 200.156250, 120.585968
257.343750, 193.007843, 120.585968
264.492188, 200.156250, 127.476593
257.343750, 193.007843, 120.585968
264.492188, 200.156250, 134.367218
257.343750, 207.304688, 120.585968
250.195297, 193.007843, 113.695343
235.898422, 207.304688, 120.585968
243.046860, 178.710968, 127.476593
257.343750, 200.156250, 120.585968
235.898422, 200.156250, 106.804688
257.343750, 185.859406, 113.695343
264.492188, 200.156250, 127.476593
257.343750, 193.007843, 120.585968
250.195297, 200.156250, 113.695343
243.046860, 193.007843, 113.695343
271.640625, 200.156250, 113.695343
243.046860, 193.007843, 120.585968
250.195297, 185.859406, 120.585968
243.046860, 207.304688, 113.695343
257.343750, 185.859406, 113.695343
271.640625, 193.007843, 113.695343
257.343750, 207.304688, 120.585968
257.343750, 207.304688, 106.804688
243.046860, 200.156250, 113.695343
257.343750, 207.304688, 120.585968
250.195297, 221.601562, 120.585968
235.898422, 214.453125, 113.695343
235.898422, 214.453125, 120.585968
228.749985, 200.156250, 120.585968
228.749985, 228.750000, 106.804688
235.898422, 243.046875, 120.585968
235.898422, 243.046875, 106.804688
228.749985, 235.898438, 120.585968
228.749985, 214.453125, 134.367218
