400.312500, 7.148438, 79.242157
386.015625, 85.781281, 72.351532
378.867188, 107.226593, 79.242157
393.164062, 114.375031, 44.789032
371.718750, 135.820343, 31.007782
386.015625, 128.671906, 24.117157
386.015625, 92.929718, 3.445312
400.312500, 35.742188, -10.335938
414.609375, -21.445312, -72.351562
364.570312, -100.078110, -127.476562
335.976562, -171.562500, -155.039062
271.640625, -207.304688, -230.835938
185.859375, -235.898438, -279.070374
142.968750, -243.046875, -292.851624
114.374985, -250.195312, -320.414124
71.484360, -221.601562, -334.195374
64.335930, -200.156250, -354.867249
85.781235, -164.414062, -347.976624
92.929672, -142.968750, -334.195374
100.078110, -142.968750, -320.414124
121.523422, -178.710938, -299.742249
142.968750, -178.710938, -279.070374
200.156235, -178.710938, -244.617188
271.640625, -178.710938, -189.492188
343.125000, -150.117188, -120.585938
386.015625, -78.632797, -24.117188
386.015625, 0.000000, 37.898407
393.164062, 50.039062, 79.242157
364.570312, 164.414093, 120.585907
300.234375, 221.601562, 148.148438
228.749985, 264.492188, 196.382812
157.265625, 321.679688, 230.835938
78.632797, 328.828125, 237.726562
-7.148449, 328.828125, 265.289062
-64.335953, 300.234375, 285.960938
-100.078140, 271.640625, 285.960938
-128.671890, 243.046875, 306.632812
-142.968765, 235.898438, 292.851562
-142.968765, 221.601562, 292.851562
-142.968765, 200.156281, 299.742188
-135.820328, 171.562531, 279.070312
-128.671890, 164.414093, 299.742188
-114.375015, 150.117218, 306.632812
-92.929703, 164.414093, 306.632812
-57.187515, 171.562531, 306.632812
-14.296890, 142.968781, 320.414062
14.296860, 128.671906, 334.195312
28.593735, 114.375031, 341.085938
57.187492, 100.078156, 320.414062
85.781235, 92.929718, 327.304688
114.374985, 71.484375, 334.195312
157.265625, 42.890625, 341.085938
200.156235, 35.742188, 306.632812
228.749985, 28.593750, 285.960938
235.898422, -7.148438, 272.179688
257.343750, -35.742188, 251.507812
285.937500, -71.484360, 223.945312
307.382812, -71.484360, 210.164062
321.679688, -71.484360, 182.601562
328.828125, -85.781235, 155.039062
335.976562, -135.820312, 113.695282
335.976562, -164.414062, 86.132782
314.531250, -207.304688, 65.460907
328.828125, -228.750000, 51.679657
328.828125, -243.046875, 58.570282
293.085938, -278.789062, 24.117157
271.640625, -300.234375, 3.445312
250.195297, -328.828125, -44.789062
214.453110, -364.570312, -65.460938
185.859375, -371.718750, -99.914062
142.968750, -393.164062, -113.695312
114.374985, -386.015625, -141.257812
100.078110, -386.015625, -175.710938
78.632797, -378.867188, -196.382812
64.335930, -371.718750, -210.164062
50.039055, -371.718750, -210.164062
42.890617, -364.570312, -230.835938
42.890617, -364.570312, -244.617188
28.593735, -350.273438, -251.507874
-0.000011, -328.828125, -279.070374
-21.445328, -307.382812, -306.632874
-57.187515, -285.937500, -341.085999
-57.187515, -271.640625, -320.414124
-64.335953, -271.640625, -327.304749
-71.484390, -264.492188, -327.304749
-64.335953, -264.492188, -347.976624
-85.781265, -257.343750, -341.085999
-92.929703, -228.750000, -347.976624
-85.781265, -243.046875, -361.757874
-85.781265, -221.601562, -361.757874
-78.632828, -214.453125, -375.539124
-71.484390, -228.750000, -368.648499
-42.890640, -221.601562, -368.648499
-21.445328, -228.750000, -368.648499
7.148422, -243.046875, -361.757874
50.039055, -264.492188, -347.976624
121.523422, -285.937500, -320.414124
157.265625, -300.234375, -285.960999
221.601547, -293.085938, -223.945312
285.937500, -257.343750, -161.929688
293.085938, -250.195312, -120.585938
357.421875, -193.007812, -93.023438
371.718750, -150.117188, -51.679688
371.718750, -114.375000, -37.898438
386.015625, -85.781235, -24.117188
393.164062, -57.187485, -10.335938
386.015625, -42.890625, 24.117157
371.718750, -28.593750, 24.117157
378.867188, -78.632797, -31.007812
378.867188, -114.375000, -58.570312
386.015625, -71.484360, -31.007812
393.164062, -42.890625, -24.117188
378.867188, -21.445312, -3.445312
386.015625, -28.593750, 10.335907
407.460938, -35.742188, 10.335907
378.867188, -50.039047, -3.445312
371.718750, -64.335922, -3.445312
378.867188, -107.226547, -3.445312
386.015625, -107.226547, -3.445312
364.570312, -135.820312, 3.445312
357.421875, -171.562500, -3.445312
357.421875, -178.710938, -3.445312
335.976562, -185.859375, -3.445312
343.125000, -200.156250, 24.117157
328.828125, -221.601562, 17.226532
314.531250, -257.343750, 24.117157
314.531250, -250.195312, 37.898407
300.234375, -278.789062, 58.570282
307.382812, -257.343750, 72.351532
293.085938, -257.343750, 86.132782
285.937500, -264.492188, 93.023407
278.789062, -257.343750, 93.023407
271.640625, -271.640625, 86.132782
257.343750, -250.195312, 113.695282
228.749985, -264.492188, 120.585907
257.343750, -257.343750, 106.804657
235.898422, -278.789062, 127.476532
257.343750, -264.492188, 127.476532
250.195297, -264.492188, 120.585907
257.343750, -250.195312, 127.476532
243.046860, -271.640625, 120.585907
243.046860, -257.343750, 113.695282
243.046860, -264.492188, 120.585907
243.046860, -278.789062, 120.585907
243.046860, -264.492188, 120.585907
235.898422, -271.640625, 120.585907
228.749985, -285.937500, 113.695282
243.046860, -278.789062, 120.585907
235.898422, -278.789062, 127.476532
228.749985, -271.640625, 120.585907
228.749985, -271.640625, 127.476532
228.749985, -293.085938, 127.476532
235.898422, -293.085938, 127.476532
228.749985, -300.234375, 127.476532
228.749985, -293.085938, 113.695282
228.749985, -307.382812, 113.695282
228.749985, -293.085938, 86.132782
235.898422, -293.085938, 79.242157
214.453110, -335.976562, 58.570282
228.749985, -328.828125, 37.898407
228.749985, -328.828125, 31.007782
243.046860, -335.976562, 10.335907
250.195297, -335.976562, -10.335938
257.343750, -328.828125, -24.117188
264.492188, -335.976562, -17.226562
250.195297, -321.679688, -31.007812
243.046860, -321.679688, -44.789062
257.343750, -321.679688, -51.679688
264.492188, -328.828125, -72.351562
250.195297, -328.828125, -72.351562
228.749985, -314.531250, -99.914062
214.453110, -350.273438, -99.914062
221.601547, -335.976562, -113.695312
200.156235, -343.125000, -134.367188
207.304672, -343.125000, -127.476562
185.859375, -364.570312, -161.929688
157.265625, -350.273438, -161.929688
142.968750, -357.421875, -168.820312
114.374985, -364.570312, -182.601562
100.078110, -378.867188, -189.492188
85.781235, -364.570312, -196.382812
42.890617, -364.570312, -217.054688
7.148422, -364.570312, -230.835938
-28.593763, -343.125000, -258.398499
-50.039078, -335.976562, -279.070374
-71.484390, -335.976562, -272.179749
-150.117203, -314.531250, -265.289124
-185.859390, -293.085938, -258.398499
-243.046890, -271.640625, -223.945312
-278.789093, -271.640625, -203.273438
-314.531250, -221.601562, -155.039062
-364.570312, -200.156250, -99.914062
-378.867188, -171.562500, -51.679688
-378.867188, -150.117188, -17.226562
-378.867188, -121.523438, 31.007782
-378.867188, -121.523438, 44.789032
-371.718750, -71.484360, 65.460907
-371.718750, -57.187485, 93.023407
-364.570312, -35.742188, 106.804657
-343.125000, -35.742188, 127.476532
-328.828125, -35.742188, 148.148438
-307.382843, -50.039047, 175.710938
-257.343781, -57.187485, 196.382812
-200.156265, -100.078110, 258.398438
-128.671890, -100.078110, 285.960938
-150.117203, -64.335922, 285.960938
-142.968765, -78.632797, 279.070312
-142.968765, -85.781235, 272.179688
-142.968765, -78.632797, 285.960938
-114.375015, -78.632797, 279.070312
-121.523453, -92.929672, 285.960938
-92.929703, -100.078110, 292.851562
-92.929703, -121.523438, 285.960938
-85.781265, -100.078110, 299.742188
-78.632828, -92.929672, 285.960938
-78.632828, -107.226547, 299.742188
-57.187515, -100.078110, 299.742188
-50.039078, -107.226547, 299.742188
-57.187515, -114.375000, 292.851562
-28.593763, -114.375000, 320.414062
-14.296890, -135.820312, 306.632812
-0.000011, -142.968750, 306.632812
28.593735, -142.968750, 285.960938
57.187492, -164.414062, 285.960938
78.632797, -193.007812, 279.070312
114.374985, -185.859375, 272.179688
150.117188, -193.007812, 265.289062
164.414062, -200.156250, 237.726562
221.601547, -214.453125, 203.273438
257.343750, -221.601562, 168.820312
271.640625, -221.601562, 148.148438
285.937500, -228.750000, 99.914032
300.234375, -243.046875, 86.132782
314.531250, -250.195312, 44.789032
321.679688, -235.898438, 10.335907
328.828125, -200.156250, -37.898438
328.828125, -185.859375, -93.023438
314.531250, -193.007812, -127.476562
314.531250, -185.859375, -155.039062
293.085938, -178.710938, -196.382812
278.789062, -164.414062, -210.164062
243.046860, -128.671875, -251.507874
221.601547, -114.375000, -292.851624
185.859375, -114.375000, -327.304749
135.820312, -71.484360, -341.085999
107.226547, -78.632797, -354.867249
35.742172, -71.484360, -361.757874
-0.000011, -50.039047, -375.539124
-71.484390, -28.593750, -389.320374
-121.523453, 14.296875, -368.648499
-164.414093, 35.742188, -354.867249
-171.562531, 78.632812, -354.867249
-193.007828, 114.375031, -313.523499
-193.007828, 142.968781, -285.960999
-214.453140, 200.156281, -265.289124
-207.304703, 235.898438, -230.835938
-221.601578, 264.492188, -182.601562
-257.343781, 285.937500, -148.148438
-235.898453, 307.382812, -99.914062
-257.343781, 307.382812, -58.570312
-264.492218, 314.531250, -31.007812
-250.195343, 321.679688, 10.335907
-221.601578, 335.976562, 17.226532
-193.007828, 371.718750, 51.679657
-193.007828, 364.570312, 65.460907
-193.007828, 343.125000, 134.367157
-200.156265, 314.531250, 175.710938
-193.007828, 264.492188, 223.945312
-193.007828, 221.601562, 251.507812
-178.710968, 171.562531, 279.070312
-164.414093, 135.820343, 306.632812
-157.265656, 100.078156, 313.523438
-142.968765, 64.335938, 313.523438
-135.820328, 50.039062, 334.195312
-121.523453, 28.593750, 320.414062
-128.671890, 21.445312, 320.414062
-135.820328, 28.593750, 327.304688
-135.820328, 21.445312, 313.523438
-135.820328, 21.445312, 306.632812
-142.968765, 28.593750, 306.632812
-157.265656, 35.742188, 313.523438
-157.265656, 35.742188, 313.523438
-164.414093, 71.484375, 306.632812
-157.265656, 78.632812, 313.523438
-171.562531, 92.929718, 313.523438
-178.710968, 135.820343, 313.523438
-157.265656, 178.710968, 334.195312
-150.117203, 207.304718, 334.195312
-150.117203, 235.898438, 320.414062
-150.117203, 293.085938, 279.070312
-85.781265, 400.312500, 113.695282
164.414062, 364.570312, 72.351532
243.046860, 328.828125, 44.789032
293.085938, 235.898438, 51.679657
343.125000, 185.859406, 17.226532
364.570312, 121.523468, -10.335938
393.164062, 78.632812, -17.226562
378.867188, 0.000000, -37.898438
378.867188, -42.890625, -65.460938
386.015625, -28.593750, -65.460938
378.867188, -92.929672, -65.460938
364.570312, -121.523438, -86.132812
357.421875, -121.523438, -99.914062
328.828125, -164.414062, -93.023438
314.531250, -221.601562, -86.132812
271.640625, -257.343750, -72.351562
228.749985, -321.679688, -58.570312
171.562500, -350.273438, -72.351562
142.968750, -364.570312, -51.679688
100.078110, -371.718750, -51.679688
78.632797, -386.015625, -31.007812
85.781235, -386.015625, -3.445312
71.484360, -378.867188, 31.007782
71.484360, -350.273438, 79.242157
64.335930, -343.125000, 127.476532
78.632797, -307.382812, 168.820312
64.335930, -271.640625, 203.273438
42.890617, -250.195312, 217.054688
21.445297, -257.343750, 223.945312
28.593735, -221.601562, 237.726562
21.445297, -243.046875, 230.835938
7.148422, -235.898438, 244.617188
7.148422, -221.601562, 244.617188
14.296860, -221.601562, 244.617188
35.742172, -214.453125, 244.617188
57.187492, -235.898438, 237.726562
92.929672, -250.195312, 230.835938
107.226547, -257.343750, 203.273438
142.968750, -243.046875, 203.273438
171.562500, -257.343750, 175.710938
200.156235, -257.343750, 155.039062
228.749985, -235.898438, 120.585907
271.640625, -235.898438, 79.242157
300.234375, -200.156250, 79.242157
328.828125, -164.414062, 51.679657
357.421875, -128.671875, 24.117157
364.570312, -85.781235, -3.445312
371.718750, -50.039047, -37.898438
364.570312, -21.445312, -58.570312
378.867188, 28.593750, -79.242188
350.273438, 92.929718, -106.804688
285.937500, 200.156281, -175.710938
235.898422, 257.343750, -196.382812
171.562500, 285.937500, -189.492188
142.968750, 307.382812, -182.601562
78.632797, 350.273438, -175.710938
35.742172, 357.421875, -155.039062
-21.445328, 364.570312, -141.257812
-64.335953, 371.718750, -120.585938
-78.632828, 393.164062, -120.585938
-100.078140, 378.867188, -86.132812
-135.820328, 393.164062, -51.679688
-157.265656, 378.867188, 3.445312
-193.007828, 343.125000, 24.117157
-235.898453, 321.679688, 86.132782
-243.046890, 285.937500, 106.804657
-264.492218, 250.195312, 155.039062
-250.195343, 235.898438, 189.492188
-250.195343, 200.156281, 223.945312
-221.601578, 150.117218, 251.507812
-200.156265, 107.226593, 265.289062
-200.156265, 64.335938, 279.070312
-200.156265, 42.890625, 285.960938
-171.562531, 7.148438, 285.960938
-164.414093, -21.445312, 292.851562
-150.117203, -7.148438, 279.070312
-142.968765, -28.593750, 285.960938
-142.968765, -14.296875, 285.960938
-142.968765, -21.445312, 265.289062
-135.820328, -21.445312, 279.070312
-142.968765, -14.296875, 292.851562
-121.523453, 21.445312, 279.070312
-114.375015, 35.742188, 292.851562
-85.781265, 42.890625, 292.851562
-50.039078, 92.929718, 292.851562
-0.000011, 100.078156, 292.851562
28.593735, 114.375031, 292.851562
71.484360, 128.671906, 272.179688
114.374985, 135.820343, 279.070312
164.414062, 150.117218, 265.289062
207.304672, 150.117218, 251.507812
271.640625, 157.265656, 210.164062
285.937500, 171.562531, 182.601562
293.085938, 200.156281, 141.257812
335.976562, 171.562531, 99.914032
350.273438, 178.710968, 44.789032
335.976562, 142.968781, 10.335907
357.421875, 150.117218, -10.335938
343.125000, 157.265656, -44.789062
343.125000, 157.265656, -65.460938
335.976562, 164.414093, -86.132812
335.976562, 171.562531, -113.695312
328.828125, 171.562531, -93.023438
321.679688, 185.859406, -113.695312
307.382812, 214.453125, -106.804688
257.343750, 264.492188, -99.914062
235.898422, 307.382812, -86.132812
193.007812, 371.718750, -65.460938
121.523422, 378.867188, -51.679688
92.929672, 407.460938, -24.117188
71.484360, 407.460938, -31.007812
42.890617, 421.757812, -37.898438
42.890617, 414.609375, -72.351562
35.742172, 414.609375, -79.242188
50.039055, 414.609375, -65.460938
71.484360, 400.312500, -79.242188
107.226547, 386.015625, -113.695312
135.820312, 343.125000, -148.148438
193.007812, 300.234375, -175.710938
221.601547, 235.898438, -189.492188
264.492188, 171.562531, -210.164062
285.937500, 114.375031, -217.054688
285.937500, 64.335938, -217.054688
285.937500, 42.890625, -237.726562
271.640625, -7.148438, -285.960999
243.046860, -7.148438, -292.851624
250.195297, -35.742188, -313.523499
243.046860, -35.742188, -306.632874
228.749985, -35.742188, -313.523499
228.749985, -42.890625, -313.523499
228.749985, -35.742188, -292.851624
264.492188, -21.445312, -285.960999
264.492188, -21.445312, -272.179749
264.492188, -7.148438, -251.507874
293.085938, 14.296875, -230.835938
300.234375, 42.890625, -217.054688
307.382812, 71.484375, -217.054688
293.085938, 128.671906, -168.820312
271.640625, 185.859406, -155.039062
271.640625, 228.750000, -134.367188
228.749985, 278.789062, -93.023438
221.601547, 328.828125, -58.570312
164.414062, 350.273438, -37.898438
114.374985, 386.015625, -24.117188
92.929672, 386.015625, 3.445312
42.890617, 400.312500, 10.335907
7.148422, 407.460938, 17.226532
-50.039078, 414.609375, 24.117157
-100.078140, 400.312500, 51.679657
-171.562531, 371.718750, 72.351532
-193.007828, 343.125000, 93.023407
-228.750015, 321.679688, 127.476532
-264.492218, 271.640625, 134.367157
-285.937531, 235.898438, 148.148438
-285.937531, 178.710968, 182.601562
-300.234406, 178.710968, 189.492188
-257.343781, 150.117218, 210.164062
-271.640656, 128.671906, 223.945312
-278.789093, 114.375031, 237.726562
-250.195343, 92.929718, 244.617188
-250.195343, 107.226593, 230.835938
-243.046890, 107.226593, 251.507812
-243.046890, 107.226593, 244.617188
-235.898453, 114.375031, 258.398438
-243.046890, 114.375031, 244.617188
-235.898453, 135.820343, 244.617188
-228.750015, 164.414093, 244.617188
-207.304703, 193.007843, 237.726562
-185.859390, 193.007843, 237.726562
-164.414093, 235.898438, 237.726562
-114.375015, 278.789062, 217.054688
-92.929703, 307.382812, 223.945312
-50.039078, 328.828125, 223.945312
-21.445328, 321.679688, 223.945312
21.445297, 343.125000, 210.164062
28.593735, 335.976562, 182.601562
57.187492, 371.718750, 175.710938
78.632797, 378.867188, 155.039062
107.226547, 393.164062, 120.585907
135.820312, 364.570312, 93.023407
178.710938, 371.718750, 79.242157
214.453110, 357.421875, 65.460907
243.046860, 335.976562, 31.007782
278.789062, 300.234375, -10.335938
307.382812, 257.343750, -72.351562
328.828125, 193.007843, -93.023438
357.421875, 135.820343, -127.476562
335.976562, 64.335938, -161.929688
335.976562, 14.296875, -210.164062
300.234375, -21.445312, -244.617188
293.085938, -64.335922, -272.179749
250.195297, -121.523438, -285.960999
221.601547, -135.820312, -299.742249
193.007812, -135.820312, -320.414124
185.859375, -157.265625, -299.742249
164.414062, -164.414062, -313.523499
142.968750, -171.562500, -313.523499
135.820312, -178.710938, -320.414124
128.671860, -185.859375, -299.742249
135.820312, -164.414062, -313.523499
121.523422, -171.562500, -327.304749
135.820312, -157.265625, -327.304749
135.820312, -128.671875, -334.195374
142.968750, -121.523438, -347.976624
164.414062, -78.632797, -341.085999
171.562500, -35.742188, -347.976624
193.007812, 0.000000, -341.085999
221.601547, 50.039062, -313.523499
243.046860, 114.375031, -251.507874
257.343750, 164.414093, -223.945312
257.343750, 214.453125, -168.820312
243.046860, 250.195312, -120.585938
235.898422, 278.789062, -72.351562
214.453110, 307.382812, -24.117188
185.859375, 335.976562, 17.226532
157.265625, 343.125000, 37.898407
128.671860, 364.570312, 65.460907
85.781235, 386.015625, 79.242157
50.039055, 371.718750, 79.242157
28.593735, 386.015625, 106.804657
7.148422, 378.867188, 141.257812
-42.890640, 357.421875, 141.257812
-92.929703, 350.273438, 175.710938
-142.968765, 328.828125, 189.492188
-178.710968, 285.937500, 196.382812
-193.007828, 264.492188, 210.164062
-214.453140, 235.898438, 217.054688
-243.046890, 200.156281, 251.507812
-235.898453, 150.117218, 230.835938
-264.492218, 135.820343, 223.945312
-278.789093, 107.226593, 223.945312
-285.937531, 92.929718, 223.945312
-293.085968, 85.781281, 244.617188
-264.492218, 85.781281, 230.835938
-293.085968, 78.632812, 237.726562
-264.492218, 85.781281, 223.945312
-271.640656, 85.781281, 230.835938
-285.937531, 114.375031, 217.054688
-264.492218, 128.671906, 223.945312
-250.195343, 164.414093, 217.054688
-235.898453, 193.007843, 237.726562
-193.007828, 214.453125, 230.835938
-171.562531, 257.343750, 223.945312
-135.820328, 278.789062, 217.054688
-85.781265, 307.382812, 237.726562
-64.335953, 328.828125, 210.164062
21.445297, 343.125000, 210.164062
107.226547, 350.273438, 175.710938
178.710938, 350.273438, 155.039062
235.898422, 343.125000, 79.242157
300.234375, 285.937500, 31.007782
307.382812, 235.898438, -17.226562
357.421875, 200.156281, -44.789062
364.570312, 157.265656, -79.242188
357.421875, 85.781281, -113.695312
357.421875, 35.742188, -155.039062
364.570312, -21.445312, -161.929688
335.976562, -57.187485, -196.382812
307.382812, -85.781235, -230.835938
293.085938, -121.523438, -258.398499
257.343750, -142.968750, -279.070374
228.749985, -185.859375, -299.742249
214.453110, -178.710938, -313.523499
164.414062, -200.156250, -327.304749
135.820312, -228.750000, -327.304749
114.374985, -200.156250, -313.523499
85.781235, -235.898438, -327.304749
42.890617, -243.046875, -299.742249
-0.000011, -250.195312, -292.851624
-21.445328, -250.195312, -292.851624
-35.742203, -250.195312, -306.632874
-35.742203, -257.343750, -306.632874
-42.890640, -250.195312, -306.632874
-42.890640, -235.898438, -306.632874
-57.187515, -235.898438, -306.632874
-57.187515, -228.750000, -327.304749
-64.335953, -221.601562, -306.632874
-78.632828, -185.859375, -327.304749
-71.484390, -193.007812, -341.085999
-50.039078, -185.859375, -341.085999
-50.039078, -164.414062, -368.648499
-21.445328, -128.671875, -368.648499
-14.296890, -121.523438, -375.539124
21.445297, -114.375000, -382.429749
57.187492, -85.781235, -368.648499
92.929672, -50.039047, -354.867249
128.671860, -7.148438, -354.867249
157.265625, 57.187500, -320.414124
171.562500, 128.671906, -313.523499
171.562500, 185.859406, -279.070374
157.265625, 243.046875, -237.726562
135.820312, 278.789062, -203.273438
142.968750, 328.828125, -161.929688
114.374985, 343.125000, -120.585938
107.226547, 371.718750, -58.570312
92.929672, 378.867188, -10.335938
78.632797, 386.015625, 37.898407
28.593735, 400.312500, 79.242157
-14.296890, 400.312500, 106.804657
-57.187515, 386.015625, 155.039062
-78.632828, 350.273438, 189.492188
-107.226578, 321.679688, 230.835938
-135.820328, 271.640625, 258.398438
-164.414093, 235.898438, 285.960938
-200.156265, 193.007843, 285.960938
-214.453140, 135.820343, 292.851562
-207.304703, 78.632812, 285.960938
-207.304703, 42.890625, 299.742188
-207.304703, 14.296875, 299.742188
-193.007828, -7.148438, 285.960938
-193.007828, -35.742188, 299.742188
-178.710968, -71.484360, 279.070312
-164.414093, -92.929672, 285.960938
-150.117203, -114.375000, 272.179688
-142.968765, -135.820312, 279.070312
-128.671890, -178.710938, 272.179688
-92.929703, -171.562500, 279.070312
-92.929703, -185.859375, 265.289062
-64.335953, -178.710938, 285.960938
-50.039078, -171.562500, 292.851562
-35.742203, -164.414062, 299.742188
-14.296890, -142.968750, 313.523438
-0.000011, -121.523438, 313.523438
28.593735, -85.781235, 306.632812
28.593735, -57.187485, 313.523438
35.742172, -50.039047, 334.195312
28.593735, -42.890625, 320.414062
42.890617, -14.296875, 292.851562
50.039055, -7.148438, 292.851562
50.039055, 14.296875, 306.632812
35.742172, 57.187500, 299.742188
50.039055, 85.781281, 306.632812
78.632797, 128.671906, 313.523438
92.929672, 150.117218, 299.742188
114.374985, 185.859406, 292.851562
121.523422, 221.601562, 272.179688
135.820312, 271.640625, 244.617188
200.156235, 278.789062, 196.382812
293.085938, 228.750000, 155.039062
321.679688, 207.304718, 99.914032
335.976562, 214.453125, 58.570282
371.718750, 135.820343, 24.117157
393.164062, 50.039062, -10.335938
386.015625, -7.148438, -44.789062
400.312500, -57.187485, -58.570312
393.164062, -85.781235, -79.242188
378.867188, -107.226547, -86.132812
364.570312, -107.226547, -99.914062
357.421875, -121.523438, -106.804688
364.570312, -114.375000, -99.914062
343.125000, -128.671875, -127.476562
343.125000, -142.968750, -134.367188
343.125000, -164.414062, -141.257812
314.531250, -178.710938, -161.929688
293.085938, -185.859375, -175.710938
278.789062, -207.304688, -210.164062
257.343750, -228.750000, -217.054688
235.898422, -250.195312, -230.835938
221.601547, -235.898438, -244.617188
207.304672, -257.343750, -251.507874
207.304672, -257.343750, -258.398499
193.007812, -228.750000, -251.507874
193.007812, -250.195312, -265.289124
200.156235, -235.898438, -244.617188
214.453110, -221.601562, -258.398499
243.046860, -185.859375, -258.398499
243.046860, -150.117188, -244.617188
293.085938, -114.375000, -244.617188
293.085938, -50.039047, -230.835938
328.828125, 21.445312, -203.273438
335.976562, 92.929718, -148.148438
314.531250, 150.117218, -127.476562
278.789062, 228.750000, -65.460938
257.343750, 264.492188, -17.226562
228.749985, 285.937500, 24.117157
185.859375, 328.828125, 72.351532
142.968750, 335.976562, 106.804657
100.078110, 350.273438, 134.367157
71.484360, 364.570312, 155.039062
35.742172, 357.421875, 168.820312
-35.742203, 357.421875, 175.710938
-64.335953, 335.976562, 182.601562
-107.226578, 321.679688, 203.273438
-107.226578, 314.531250, 196.382812
-135.820328, 300.234375, 230.835938
-164.414093, 293.085938, 210.164062
-185.859390, 278.789062, 210.164062
-171.562531, 293.085938, 182.601562
-121.523453, 328.828125, 175.710938
-35.742203, 371.718750, 182.601562
7.148422, 357.421875, 168.820312
7.148422, 357.421875, 189.492188
28.593735, 350.273438, 196.382812
50.039055, 328.828125, 217.054688
57.187492, 307.382812, 217.054688
107.226547, 293.085938, 237.726562
142.968750, 257.343750, 244.617188
193.007812, 214.453125, 244.617188
243.046860, 135.820343, 223.945312
257.343750, 100.078156, 230.835938
300.234375, 78.632812, 196.382812
328.828125, 50.039062, 168.820312
335.976562, 35.742188, 120.585907
343.125000, 7.148438, 79.242157
343.125000, -35.742188, 31.007782
350.273438, -100.078110, -10.335938
350.273438, -142.968750, -51.679688
314.531250, -185.859375, -93.023438
321.679688, -235.898438, -65.460938
271.640625, -278.789062, -72.351562
221.601547, -300.234375, -72.351562
164.414062, -357.421875, -93.023438
100.078110, -364.570312, -141.257812
50.039055, -357.421875, -155.039062
-21.445328, -364.570312, -182.601562
-92.929703, -357.421875, -175.710938
-135.820328, -343.125000, -182.601562
-171.562531, -321.679688, -210.164062
-235.898453, -300.234375, -189.492188
-293.085968, -257.343750, -182.601562
-314.531250, -200.156250, -189.492188
-343.125000, -150.117188, -182.601562
-371.718750, -114.375000, -168.820312
-386.015625, -92.929672, -189.492188
-386.015625, -85.781235, -175.710938
-400.312500, -78.632797, -175.710938
-393.164062, -78.632797, -161.929688
-386.015625, -71.484360, -155.039062
-378.867188, -78.632797, -141.257812
-386.015625, -100.078110, -155.039062
-393.164062, -107.226547, -148.148438
-371.718750, -157.265625, -148.148438
-371.718750, -171.562500, -155.039062
-343.125000, -207.304688, -155.039062
-285.937531, -264.492188, -141.257812
-250.195343, -307.382812, -79.242188
-207.304703, -343.125000, -79.242188
-164.414093, -364.570312, -86.132812
-100.078140, -386.015625, -72.351562
-42.890640, -393.164062, -72.351562
57.187492, -407.460938, -79.242188
128.671860, -371.718750, -79.242188
214.453110, -335.976562, -99.914062
264.492188, -293.085938, -106.804688
293.085938, -221.601562, -79.242188
357.421875, -142.968750, -79.242188
357.421875, -42.890625, -72.351562
357.421875, 64.335938, -86.132812
328.828125, 164.414093, -72.351562
293.085938, 235.898438, -44.789062
250.195297, 285.937500, -31.007812
178.710938, 335.976562, -44.789062
142.968750, 378.867188, -10.335938
71.484360, 386.015625, 24.117157
28.593735, 400.312500, 72.351532
-21.445328, 386.015625, 113.695282
-50.039078, 371.718750, 134.367157
-71.484390, 343.125000, 168.820312
-85.781265, 328.828125, 210.164062
-107.226578, 328.828125, 223.945312
-107.226578, 285.937500, 258.398438
-85.781265, 264.492188, 265.289062
-71.484390, 250.195312, 285.960938
-50.039078, 221.601562, 292.851562
-50.039078, 207.304718, 306.632812
-57.187515, 164.414093, 313.523438
-50.039078, 164.414093, 334.195312
-78.632828, 142.968781, 327.304688
-85.781265, 135.820343, 341.085938
-85.781265, 107.226593, 306.632812
-107.226578, 107.226593, 313.523438
-114.375015, 114.375031, 320.414062
-121.523453, 107.226593, 320.414062
-114.375015, 100.078156, 313.523438
-107.226578, 107.226593, 306.632812
-107.226578, 114.375031, 327.304688
-71.484390, 100.078156, 320.414062
-57.187515, 121.523468, 327.304688
-14.296890, 107.226593, 320.414062
7.148422, 100.078156, 313.523438
64.335930, 78.632812, 306.632812
78.632797, 71.484375, 313.523438
121.523422, 50.039062, 292.851562
171.562500, 42.890625, 265.289062
200.156235, 21.445312, 237.726562
235.898422, -21.445312, 203.273438
257.343750, -42.890625, 175.710938
285.937500, -71.484360, 161.929688
278.789062, -150.117188, 127.476532
278.789062, -178.710938, 113.695282
278.789062, -214.453125, 99.914032
264.492188, -250.195312, 72.351532
228.749985, -271.640625, 37.898407
214.453110, -307.382812, 37.898407
142.968750, -364.570312, 24.117157
128.671860, -371.718750, 37.898407
42.890617, -378.867188, 17.226532
-35.742203, -378.867188, 17.226532
-107.226578, -378.867188, -3.445312
-164.414093, -364.570312, -17.226562
-221.601578, -314.531250, -24.117188
-278.789093, -293.085938, -24.117188
-335.976562, -221.601562, -24.117188
-386.015625, -107.226547, -37.898438
-386.015625, 28.593750, -65.460938
-350.273438, 150.117218, -65.460938
-328.828125, 207.304718, -65.460938
-293.085968, 250.195312, -79.242188
-264.492218, 271.640625, -65.460938
-243.046890, 307.382812, -72.351562
-214.453140, 328.828125, -72.351562
-178.710968, 343.125000, -79.242188
-171.562531, 357.421875, -93.023438
-142.968765, 350.273438, -99.914062
-128.671890, 357.421875, -127.476562
-121.523453, 357.421875, -134.367188
-114.375015, 343.125000, -148.148438
-100.078140, 343.125000, -127.476562
-107.226578, 343.125000, -148.148438
-121.523453, 343.125000, -148.148438
-135.820328, 364.570312, -134.367188
-128.671890, 350.273438, -141.257812
-135.820328, 364.570312, -134.367188
-157.265656, 357.421875, -127.476562
-207.304703, 328.828125, -148.148438
-257.343781, 300.234375, -148.148438
-314.531250, 228.750000, -106.804688
-364.570312, 150.117218, -51.679688
-386.015625, 64.335938, -24.117188
-393.164062, -14.296875, 3.445312
-393.164062, -100.078110, 3.445312
-364.570312, -150.117188, 17.226532
-314.531250, -235.898438, 3.445312
-285.937531, -293.085938, -24.117188
-257.343781, -335.976562, -44.789062
-193.007828, -364.570312, -65.460938
-107.226578, -393.164062, -79.242188
-50.039078, -386.015625, -79.242188
-0.000011, -407.460938, -79.242188
64.335930, -393.164062, -65.460938
114.374985, -400.312500, -51.679688
135.820312, -364.570312, -72.351562
200.156235, -364.570312, -58.570312
214.453110, -314.531250, -72.351562
264.492188, -300.234375, -44.789062
300.234375, -257.343750, -51.679688
335.976562, -185.859375, -31.007812
357.421875, -121.523438, -24.117188
371.718750, -85.781235, -24.117188
371.718750, -28.593750, -10.335938
371.718750, 21.445312, -37.898438
364.570312, 85.781281, -65.460938
343.125000, 135.820343, -93.023438
307.382812, 214.453125, -106.804688
250.195297, 257.343750, -127.476562
214.453110, 300.234375, -106.804688
178.710938, 335.976562, -106.804688
142.968750, 357.421875, -79.242188
78.632797, 393.164062, -79.242188
14.296860, 386.015625, -65.460938
-35.742203, 393.164062, -37.898438
-100.078140, 393.164062, 3.445312
-128.671890, 400.312500, 37.898407
-171.562531, 371.718750, 51.679657
-214.453140, 350.273438, 86.132782
-235.898453, 321.679688, 106.804657
-271.640656, 285.937500, 148.148438
-285.937531, 250.195312, 168.820312
-278.789093, 214.453125, 196.382812
-271.640656, 185.859406, 217.054688
-264.492218, 157.265656, 237.726562
-264.492218, 128.671906, 244.617188
-264.492218, 142.968781, 244.617188
-257.343781, 128.671906, 265.289062
-243.046890, 121.523468, 258.398438
-235.898453, 114.375031, 258.398438
-235.898453, 128.671906, 258.398438
-235.898453, 135.820343, 258.398438
-257.343781, 142.968781, 258.398438
-243.046890, 157.265656, 251.507812
-257.343781, 157.265656, 244.617188
-257.343781, 200.156281, 230.835938
-250.195343, 228.750000, 230.835938
-228.750015, 271.640625, 203.273438
-214.453140, 307.382812, 189.492188
-128.671890, 350.273438, 161.929688
-0.000011, 350.273438, 182.601562
85.781235, 321.679688, 223.945312
150.117188, 314.531250, 210.164062
193.007812, 285.937500, 182.601562
221.601547, 250.195312, 155.039062
271.640625, 185.859406, 141.257812
300.234375, 128.671906, 141.257812
314.531250, 50.039062, 155.039062
321.679688, -7.148438, 134.367157
335.976562, -78.632797, 113.695282
307.382812, -121.523438, 79.242157
285.937500, -235.898438, 58.570282
250.195297, -285.937500, 17.226532
193.007812, -343.125000, -31.007812
107.226547, -386.015625, -58.570312
35.742172, -393.164062, -93.023438
-35.742203, -386.015625, -120.585938
-121.523453, -378.867188, -141.257812
-200.156265, -343.125000, -175.710938
-257.343781, -293.085938, -196.382812
-278.789093, -250.195312, -210.164062
-278.789093, -250.195312, -217.054688
-278.789093, -207.304688, -223.945312
-278.789093, -185.859375, -230.835938
-285.937531, -142.968750, -265.289124
-314.531250, -85.781235, -279.070374
-300.234406, -78.632797, -265.289124
-293.085968, -50.039047, -272.179749
-278.789093, -50.039047, -265.289124
-278.789093, -57.187485, -265.289124
-293.085968, -107.226547, -265.289124
-293.085968, -92.929672, -251.507874
-285.937531, -114.375000, -258.398499
-278.789093, -114.375000, -244.617188
-264.492218, -135.820312, -272.179749
-271.640656, -171.562500, -272.179749
-264.492218, -193.007812, -258.398499
-235.898453, -250.195312, -258.398499
-214.453140, -264.492188, -237.726562
-193.007828, -300.234375, -230.835938
-135.820328, -343.125000, -210.164062
-64.335953, -364.570312, -203.273438
-0.000011, -400.312500, -175.710938
64.335930, -407.460938, -134.367188
114.374985, -407.460938, -72.351562
171.562500, -371.718750, -3.445312
214.453110, -321.679688, 65.460907
228.749985, -264.492188, 127.476532
235.898422, -193.007812, 182.601562
221.601547, -100.078110, 217.054688
214.453110, -42.890625, 251.507812
171.562500, 14.296875, 265.289062
150.117188, 50.039062, 285.960938
100.078110, 78.632812, 299.742188
78.632797, 100.078156, 299.742188
42.890617, 107.226593, 299.742188
35.742172, 121.523468, 306.632812
14.296860, 128.671906, 327.304688
-14.296890, 142.968781, 306.632812
-28.593763, 157.265656, 292.851562
-57.187515, 221.601562, 272.179688
-64.335953, 264.492188, 272.179688
-78.632828, 293.085938, 230.835938
-78.632828, 321.679688, 217.054688
-100.078140, 335.976562, 203.273438
-107.226578, 343.125000, 182.601562
-85.781265, 357.421875, 182.601562
-92.929703, 343.125000, 182.601562
-71.484390, 321.679688, 182.601562
-35.742203, 307.382812, 223.945312
-14.296890, 271.640625, 237.726562
35.742172, 200.156281, 237.726562
85.781235, 128.671906, 272.179688
128.671860, 42.890625, 272.179688
157.265625, -64.335922, 251.507812
185.859375, -164.414062, 196.382812
200.156235, -207.304688, 141.257812
221.601547, -278.789062, 79.242157
185.859375, -328.828125, 3.445312
178.710938, -343.125000, -79.242188
135.820312, -364.570312, -168.820312
107.226547, -335.976562, -203.273438
78.632797, -314.531250, -272.179749
71.484360, -250.195312, -320.414124
28.593735, -214.453125, -361.757874
14.296860, -150.117188, -368.648499
-14.296890, -78.632797, -382.429749
-42.890640, -21.445312, -375.539124
-78.632828, 57.187500, -368.648499
-107.226578, 114.375031, -341.085999
-135.820328, 157.265656, -299.742249
-171.562531, 207.304718, -265.289124
-185.859390, 257.343750, -210.164062
-157.265656, 285.937500, -182.601562
-185.859390, 321.679688, -155.039062
-185.859390, 335.976562, -148.148438
-185.859390, 335.976562, -141.257812
-178.710968, 364.570312, -106.804688
-171.562531, 357.421875, -72.351562
-164.414093, 386.015625, -58.570312
-157.265656, 371.718750, -31.007812
-164.414093, 357.421875, -3.445312
-171.562531, 364.570312, 17.226532
-185.859390, 364.570312, 24.117157
-193.007828, 357.421875, 31.007782
-207.304703, 350.273438, 37.898407
-228.750015, 343.125000, 17.226532
-250.195343, 335.976562, -10.335938
-235.898453, 314.531250, -58.570312
-250.195343, 278.789062, -113.695312
-228.750015, 250.195312, -168.820312
-228.750015, 200.156281, -217.054688
-200.156265, 135.820343, -265.289124
-164.414093, 57.187500, -313.523499
-107.226578, -14.296875, -334.195374
-71.484390, -107.226547, -341.085999
-21.445328, -178.710938, -334.195374
50.039055, -257.343750, -299.742249
107.226547, -321.679688, -265.289124
193.007812, -350.273438, -175.710938
243.046860, -321.679688, -113.695312
264.492188, -307.382812, -58.570312
300.234375, -257.343750, -17.226562
321.679688, -214.453125, 44.789032
343.125000, -142.968750, 120.585907
321.679688, -64.335922, 182.601562
293.085938, 0.000000, 237.726562
243.046860, 50.039062, 279.070312
221.601547, 114.375031, 306.632812
164.414062, 157.265656, 292.851562
107.226547, 178.710968, 313.523438
71.484360, 178.710968, 306.632812
35.742172, 171.562531, 306.632812
-7.148449, 185.859406, 334.195312
-21.445328, 171.562531, 320.414062
-50.039078, 157.265656, 320.414062
-64.335953, 150.117218, 327.304688
-50.039078, 150.117218, 320.414062
-35.742203, 150.117218, 313.523438
-42.890640, 150.117218, 313.523438
-14.296890, 142.968781, 313.523438
-7.148449, 128.671906, 320.414062
42.890617, 114.375031, 299.742188
64.335930, 128.671906, 292.851562
128.671860, 164.414093, 217.054688
164.414062, 193.007843, 175.710938
228.749985, 214.453125, 148.148438
264.492188, 214.453125, 106.804657
307.382812, 135.820343, 72.351532
335.976562, 50.039062, 72.351532
357.421875, -35.742188, 51.679657
350.273438, -114.375000, 37.898407
328.828125, -214.453125, 3.445312
250.195297, -293.085938, -65.460938
157.265625, -350.273438, -148.148438
71.484360, -350.273438, -189.492188
-7.148449, -343.125000, -237.726562
-85.781265, -300.234375, -279.070374
-150.117203, -278.789062, -306.632874
-178.710968, -257.343750, -292.851624
-185.859390, -250.195312, -299.742249
-185.859390, -271.640625, -299.742249
-164.414093, -257.343750, -265.289124
-164.414093, -250.195312, -258.398499
-164.414093, -243.046875, -272.179749
-150.117203, -257.343750, -279.070374
-121.523453, -285.937500, -272.179749
-85.781265, -328.828125, -258.398499
-14.296890, -364.570312, -217.054688
35.742172, -386.015625, -189.492188
114.374985, -393.164062, -106.804688
178.710938, -364.570312, -37.898438
235.898422, -328.828125, 37.898407
285.937500, -228.750000, 72.351532
321.679688, -121.523438, 127.476532
350.273438, -7.148438, 148.148438
350.273438, 92.929718, 148.148438
307.382812, 171.562531, 161.929688
264.492188, 228.750000, 168.820312
214.453110, 257.343750, 168.820312
164.414062, 285.937500, 203.273438
100.078110, 300.234375, 210.164062
78.632797, 314.531250, 223.945312
21.445297, 307.382812, 223.945312
-21.445328, 293.085938, 223.945312
-85.781265, 300.234375, 217.054688
-121.523453, 293.085938, 237.726562
-142.968765, 264.492188, 237.726562
-157.265656, 228.750000, 258.398438
-178.710968, 214.453125, 237.726562
-200.156265, 200.156281, 244.617188
-193.007828, 164.414093, 258.398438
-207.304703, 135.820343, 265.289062
-185.859390, 100.078156, 279.070312
-157.265656, 21.445312, 292.851562
-107.226578, -28.593750, 285.960938
-92.929703, -92.929672, 292.851562
-78.632828, -135.820312, 279.070312
-50.039078, -150.117188, 272.179688
-35.742203, -171.562500, 272.179688
-28.593763, -178.710938, 279.070312
28.593735, -193.007812, 251.507812
57.187492, -214.453125, 244.617188
100.078110, -235.898438, 230.835938
135.820312, -250.195312, 217.054688
164.414062, -257.343750, 168.820312
171.562500, -271.640625, 155.039062
193.007812, -285.937500, 127.476532
221.601547, -300.234375, 86.132782
221.601547, -307.382812, 51.679657
235.898422, -314.531250, 10.335907
221.601547, -321.679688, -37.898438
200.156235, -314.531250, -86.132812
171.562500, -335.976562, -120.585938
171.562500, -321.679688, -175.710938
121.523422, -278.789062, -230.835938
92.929672, -264.492188, -279.070374
64.335930, -200.156250, -327.304749
35.742172, -164.414062, -341.085999
14.296860, -114.375000, -375.539124
-14.296890, -85.781235, -375.539124
14.296860, -100.078110, -382.429749
21.445297, -121.523438, -382.429749
21.445297, -135.820312, -361.757874
42.890617, -185.859375, -341.085999
42.890617, -235.898438, -313.523499
71.484360, -257.343750, -285.960999
92.929672, -300.234375, -237.726562
135.820312, -343.125000, -203.273438
164.414062, -350.273438, -148.148438
221.601547, -335.976562, -79.242188
271.640625, -307.382812, -3.445312
314.531250, -228.750000, 79.242157
293.085938, -150.117188, 141.257812
271.640625, -71.484360, 210.164062
221.601547, 14.296875, 230.835938
193.007812, 71.484375, 272.179688
135.820312, 114.375031, 299.742188
64.335930, 178.710968, 306.632812
-0.000011, 221.601562, 299.742188
-85.781265, 228.750000, 285.960938
-150.117203, 250.195312, 265.289062
-200.156265, 250.195312, 223.945312
-228.750015, 271.640625, 168.820312
-257.343781, 264.492188, 134.367157
-257.343781, 257.343750, 127.476532
-285.937531, 271.640625, 127.476532
-271.640656, 250.195312, 106.804657
-285.937531, 264.492188, 134.367157
-264.492218, 250.195312, 161.929688
-235.898453, 243.046875, 189.492188
-200.156265, 243.046875, 210.164062
-171.562531, 214.453125, 265.289062
-107.226578, 164.414093, 299.742188
-64.335953, 121.523468, 313.523438
-42.890640, 57.187500, 334.195312
-42.890640, -21.445312, 341.085938
-14.296890, -135.820312, 306.632812
7.148422, -193.007812, 279.070312
28.593735, -243.046875, 244.617188
57.187492, -264.492188, 230.835938
121.523422, -257.343750, 203.273438
193.007812, -250.195312, 175.710938
257.343750, -228.750000, 134.367157
285.937500, -214.453125, 99.914032
307.382812, -228.750000, 72.351532
321.679688, -185.859375, 72.351532
343.125000, -164.414062, 86.132782
328.828125, -157.265625, 106.804657
328.828125, -135.820312, 127.476532
285.937500, -157.265625, 161.929688
264.492188, -185.859375, 182.601562
221.601547, -193.007812, 182.601562
200.156235, -257.343750, 161.929688
235.898422, -221.601562, 155.039062
257.343750, -228.750000, 155.039062
264.492188, -221.601562, 155.039062
278.789062, -214.453125, 134.367157
285.937500, -200.156250, 134.367157
307.382812, -185.859375, 134.367157
300.234375, -185.859375, 127.476532
307.382812, -185.859375, 127.476532
300.234375, -221.601562, 106.804657
293.085938, -200.156250, 93.023407
293.085938, -228.750000, 120.585907
285.937500, -243.046875, 113.695282
271.640625, -228.750000, 134.367157
271.640625, -221.601562, 148.148438
257.343750, -221.601562, 161.929688
264.492188, -214.453125, 168.820312
243.046860, -214.453125, 175.710938
250.195297, -228.750000, 161.929688
250.195297, -257.343750, 141.257812
235.898422, -278.789062, 113.695282
250.195297, -278.789062, 113.695282
235.898422, -293.085938, 106.804657
214.453110, -300.234375, 93.023407
207.304672, -321.679688, 93.023407
214.453110, -314.531250, 93.023407
200.156235, -314.531250, 106.804657
207.304672, -314.531250, 113.695282
185.859375, -314.531250, 106.804657
193.007812, -321.679688, 99.914032
193.007812, -321.679688, 106.804657
185.859375, -321.679688, 106.804657
200.156235, -328.828125, 120.585907
193.007812, -314.531250, 99.914032
185.859375, -328.828125, 99.914032
185.859375, -321.679688, 93.023407
178.710938, -343.125000, 99.914032
185.859375, -328.828125, 86.132782
178.710938, -328.828125, 86.132782
200.156235, -328.828125, 79.242157
200.156235, -321.679688, 99.914032
207.304672, -335.976562, 99.914032
185.859375, -335.976562, 93.023407
193.007812, -321.679688, 99.914032
200.156235, -343.125000, 93.023407
193.007812, -321.679688, 93.023407
193.007812, -321.679688, 99.914032
200.156235, -321.679688, 93.023407
193.007812, -328.828125, 99.914032
193.007812, -328.828125, 99.914032
185.859375, -321.679688, 99.914032
178.710938, -328.828125, 99.914032
193.007812, -328.828125, 113.695282
207.304672, -314.531250, 106.804657
200.156235, -314.531250, 99.914032
193.007812, -343.125000, 93.023407
200.156235, -328.828125, 99.914032
185.859375, -321.679688, 99.914032
200.156235, -343.125000, 93.023407
207.304672, -314.531250, 99.914032
193.007812, -328.828125, 99.914032
185.859375, -328.828125, 99.914032
193.007812, -335.976562, 93.023407
207.304672, -328.828125, 99.914032
207.304672, -307.382812, 86.132782
185.859375, -314.531250, 99.914032
193.007812, -321.679688, 106.804657
207.304672, -328.828125, 93.023407
178.710938, -328.828125, 99.914032
185.859375, -321.679688, 106.804657
185.859375, -314.531250, 106.804657
207.304672, -321.679688, 120.585907
200.156235, -321.679688, 106.804657
178.710938, -328.828125, 93.023407
193.007812, -328.828125, 99.914032
193.007812, -307.382812, 106.804657
193.007812, -335.976562, 106.804657
193.007812, -321.679688, 99.914032
185.859375, -321.679688, 99.914032
185.859375, -314.531250, 93.023407
171.562500, -321.679688, 93.023407
193.007812, -314.531250, 99.914032
185.859375, -328.828125, 113.695282
193.007812, -328.828125, 106.804657
185.859375, -321.679688, 106.804657
185.859375, -321.679688, 99.914032
185.859375, -307.382812, 99.914032
185.859375, -321.679688, 99.914032
185.859375, -314.531250, 93.023407
193.007812, -328.828125, 113.695282
185.859375, -328.828125, 99.914032
178.710938, -321.679688, 113.695282
185.859375, -321.679688, 99.914032
185.859375, -314.531250, 99.914032
185.859375, -328.828125, 93.023407
193.007812, -335.976562, 99.914032
200.156235, -321.679688, 106.804657
193.007812, -314.531250, 99.914032
200.156235, -328.828125, 106.804657
200.156235, -321.679688, 106.804657
193.007812, -321.679688, 106.804657
185.859375, -321.679688, 106.804657
193.007812, -314.531250, 99.914032
185.859375, -335.976562, 99.914032
193.007812, -307.382812, 99.914032
178.710938, -314.531250, 113.695282
200.156235, -321.679688, 106.804657
200.156235, -321.679688, 106.804657
193.007812, -328.828125, 120.585907
185.859375, -328.828125, 106.804657
193.007812, -343.125000, 99.914032
178.710938, -321.679688, 106.804657
193.007812, -321.679688, 99.914032
193.007812, -321.679688, 120.585907
193.007812, -314.531250, 99.914032
185.859375, -328.828125, 99.914032
185.859375, -321.679688, 106.804657
185.859375, -335.976562, 93.023407
193.007812, -321.679688, 113.695282
178.710938, -314.531250, 99.914032
178.710938, -321.679688, 106.804657
185.859375, -321.679688, 113.695282
178.710938, -307.382812, 113.695282
193.007812, -328.828125, 113.695282
185.859375, -314.531250, 99.914032
193.007812, -335.976562, 106.804657
185.859375, -328.828125, 113.695282
193.007812, -328.828125, 99.914032
193.007812, -321.679688, 120.585907
185.859375, -328.828125, 106.804657
193.007812, -335.976562, 106.804657
178.710938, -314.531250, 93.023407
200.156235, -321.679688, 120.585907
200.156235, -328.828125, 99.914032
171.562500, -321.679688, 99.914032
185.859375, -335.976562, 113.695282
185.859375, -335.976562, 99.914032
185.859375, -321.679688, 113.695282
185.859375, -321.679688, 120.585907
171.562500, -328.828125, 106.804657
178.710938, -328.828125, 99.914032
193.007812, -328.828125, 113.695282
185.859375, -321.679688, 106.804657
178.710938, -314.531250, 86.132782
193.007812, -314.531250, 106.804657
193.007812, -321.679688, 106.804657
193.007812, -314.531250, 113.695282
178.710938, -328.828125, 113.695282
185.859375, -314.531250, 106.804657
185.859375, -328.828125, 113.695282
185.859375, -314.531250, 99.914032
185.859375, -328.828125, 113.695282
193.007812, -321.679688, 106.804657
193.007812, -328.828125, 106.804657
178.710938, -335.976562, 113.695282
185.859375, -314.531250, 113.695282
193.007812, -321.679688, 99.914032
178.710938, -328.828125, 113.695282
178.710938, -328.828125, 106.804657
185.859375, -328.828125, 106.804657
185.859375, -321.679688, 106.804657
178.710938, -335.976562, 99.914032
193.007812, -314.531250, 106.804657
178.710938, -321.679688, 113.695282
178.710938, -314.531250, 113.695282
185.859375, -321.679688, 106.804657
193.007812, -314.531250, 106.804657
193.007812, -335.976562, 99.914032
185.859375, -328.828125, 113.695282
193.007812, -328.828125, 106.804657
185.859375, -321.679688, 99.914032
171.562500, -343.125000, 99.914032
200.156235, -335.976562, 106.804657
157.265625, -328.828125, 113.695282
193.007812, -328.828125, 93.023407
185.859375, -321.679688, 113.695282
178.710938, -307.382812, 99.914032
185.859375, -321.679688, 106.804657
185.859375, -314.531250, 113.695282
178.710938, -314.531250, 106.804657
164.414062, -335.976562, 106.804657
193.007812, -328.828125, 113.695282
185.859375, -314.531250, 106.804657
185.859375, -328.828125, 106.804657
178.710938, -321.679688, 106.804657
178.710938, -314.531250, 106.804657
185.859375, -335.976562, 106.804657
185.859375, -314.531250, 99.914032