0.050314, -0.023861, -0.998444, -0.000579
0.050439, -0.023862, -0.998438, -0.000586
0.050433, -0.023862, -0.998438, -0.000607
0.050310, -0.023864, -0.998444, -0.000604
0.050248, -0.023866, -0.998447, -0.000602
0.050266, -0.023867, -0.998446, -0.000603
0.050282, -0.023869, -0.998445, -0.000603
0.050394, -0.023869, -0.998440, -0.000625
0.050587, -0.023874, -0.998430, -0.000568
0.050660, -0.023874, -0.998426, -0.000596
0.050848, -0.023872, -0.998416, -0.000661
0.050876, -0.023869, -0.998415, -0.000751
0.050875, -0.023867, -0.998415, -0.000807
0.050840, -0.023869, -0.998417, -0.000796
0.050888, -0.023873, -0.998414, -0.000749
0.050905, -0.023874, -0.998414, -0.000767
0.050902, -0.023872, -0.998414, -0.000820
0.050871, -0.023872, -0.998415, -0.000845
0.050809, -0.023872, -0.998418, -0.000885
0.050694, -0.023878, -0.998424, -0.000786
0.050720, -0.023879, -0.998423, -0.000798
0.050811, -0.023881, -0.998418, -0.000790
0.050907, -0.023888, -0.998413, -0.000687
0.050865, -0.023893, -0.998415, -0.000598
0.050663, -0.023895, -0.998425, -0.000596
0.050516, -0.023898, -0.998433, -0.000576
0.050621, -0.023896, -0.998427, -0.000642
0.050933, -0.023893, -0.998412, -0.000722
0.051134, -0.023891, -0.998401, -0.000788
0.051021, -0.023896, -0.998407, -0.000720
0.050876, -0.023898, -0.998414, -0.000720
0.050748, -0.023903, -0.998421, -0.000643
0.050687, -0.023907, -0.998424, -0.000598
0.050922, -0.023904, -0.998412, -0.000684
0.051266, -0.023905, -0.998394, -0.000701
0.051462, -0.023907, -0.998384, -0.000675
0.051309, -0.023905, -0.998392, -0.000738
0.051021, -0.023909, -0.998407, -0.000695
0.050763, -0.023910, -0.998420, -0.000696
0.050710, -0.023909, -0.998423, -0.000760
0.050823, -0.023908, -0.998417, -0.000797
0.051016, -0.023910, -0.998407, -0.000792
0.051218, -0.023912, -0.998397, -0.000770
0.051185, -0.023918, -0.998398, -0.000688
0.051061, -0.023919, -0.998404, -0.000695
0.051149, -0.023916, -0.998400, -0.000782
0.051222, -0.023913, -0.998396, -0.000875
0.051331, -0.023916, -0.998391, -0.000838
0.051442, -0.023916, -0.998385, -0.000866
0.051490, -0.023920, -0.998382, -0.000829
0.051490, -0.023922, -0.998382, -0.000817
0.051697, -0.023921, -0.998372, -0.000851
0.052031, -0.023922, -0.998354, -0.000863
0.052661, -0.023921, -0.998321, -0.000901
0.053290, -0.023924, -0.998288, -0.000878
0.053529, -0.023921, -0.998275, -0.000948
0.053745, -0.023922, -0.998263, -0.000950
0.053959, -0.023926, -0.998252, -0.000894
0.054252, -0.023949, -0.998235, -0.000890
0.050699, -0.023665, -0.998409, -0.006449
0.051077, -0.023737, -0.998394, -0.005234
0.052967, -0.023885, -0.998303, -0.002606
0.053324, -0.023897, -0.998284, -0.002460
0.054290, -0.023963, -0.998233, -0.001267
0.054378, -0.023979, -0.998228, -0.001005
0.054631, -0.023984, -0.998214, -0.000948
0.055071, -0.023985, -0.998190, -0.000940
0.055353, -0.023982, -0.998174, -0.001028
0.055415, -0.023982, -0.998170, -0.001040
0.055293, -0.023989, -0.998177, -0.000949
0.055067, -0.023991, -0.998190, -0.000928
0.055011, -0.023992, -0.998193, -0.000933
0.055276, -0.023997, -0.998178, -0.000867
0.055878, -0.023996, -0.998144, -0.000918
0.056176, -0.023995, -0.998128, -0.000955
0.055859, -0.023995, -0.998145, -0.000973
0.055484, -0.024001, -0.998166, -0.000888
0.055556, -0.024002, -0.998162, -0.000904
0.055763, -0.024006, -0.998151, -0.000844
0.055540, -0.024004, -0.998163, -0.000899
0.055453, -0.024005, -0.998168, -0.000909
0.055756, -0.024009, -0.998151, -0.000869
0.056318, -0.024009, -0.998119, -0.000882
0.056903, -0.024007, -0.998086, -0.000934
0.056991, -0.024003, -0.998081, -0.001026
0.056807, -0.024004, -0.998092, -0.001039
0.056595, -0.024004, -0.998104, -0.001068
0.056605, -0.024003, -0.998103, -0.001096
0.057009, -0.024005, -0.998080, -0.001091
0.057249, -0.024006, -0.998066, -0.001085
0.057283, -0.024010, -0.998064, -0.001037
0.057134, -0.024013, -0.998073, -0.001011
0.056878, -0.024015, -0.998087, -0.001006
0.056756, -0.024015, -0.998094, -0.001023
0.056867, -0.024021, -0.998088, -0.000946
0.056976, -0.024022, -0.998082, -0.000959
0.056902, -0.024022, -0.998086, -0.000966
0.056735, -0.024024, -0.998095, -0.000970
0.056567, -0.024024, -0.998105, -0.000991
0.056664, -0.024022, -0.998099, -0.001054
0.056911, -0.024025, -0.998085, -0.001016
0.057048, -0.024024, -0.998077, -0.001057
0.057190, -0.024028, -0.998069, -0.001015
0.057268, -0.024030, -0.998065, -0.000999
0.057265, -0.024037, -0.998065, -0.000906
0.057142, -0.024038, -0.998072, -0.000902
0.056894, -0.024043, -0.998086, -0.000837
0.056668, -0.024045, -0.998099, -0.000840
0.056693, -0.024047, -0.998097, -0.000829
0.056869, -0.024046, -0.998087, -0.000861
0.057248, -0.024044, -0.998066, -0.000914
0.057417, -0.024044, -0.998056, -0.000935
0.057198, -0.024045, -0.998068, -0.000945
0.056979, -0.024050, -0.998081, -0.000894
0.057040, -0.024050, -0.998077, -0.000915
0.057319, -0.024059, -0.998061, -0.000899
0.054344, -0.023646, -0.998204, -0.008183
0.054504, -0.023700, -0.998201, -0.007277
0.053511, -0.023674, -0.998252, -0.007779
0.054194, -0.023779, -0.998224, -0.006085
0.053632, -0.023810, -0.998257, -0.005559
0.058750, -0.024035, -0.997977, -0.001789
0.059215, -0.024084, -0.997950, -0.000988
0.058884, -0.024092, -0.997969, -0.000877
0.058887, -0.024093, -0.997969, -0.000888
0.059014, -0.024098, -0.997962, -0.000822
0.058580, -0.024103, -0.997987, -0.000774
0.055053, -0.024113, -0.998188, -0.000676
0.056168, -0.024113, -0.998125, -0.000692
0.056793, -0.024115, -0.998090, -0.000678
0.057129, -0.024118, -0.998071, -0.000646
0.057465, -0.024116, -0.998052, -0.000695
0.057592, -0.024118, -0.998044, -0.000674
0.057817, -0.024119, -0.998031, -0.000679
0.058120, -0.024115, -0.998014, -0.000763
0.058304, -0.024115, -0.998003, -0.000774
0.058545, -0.024115, -0.997989, -0.000786
0.058546, -0.024111, -0.997989, -0.000868
0.058648, -0.024106, -0.997983, -0.000959
0.058656, -0.024087, -0.997983, -0.000974
0.058792, -0.024074, -0.997975, -0.001106
0.058254, -0.024069, -0.998007, -0.001085
0.057915, -0.024064, -0.998026, -0.001145
0.057491, -0.024065, -0.998051, -0.001137
0.057207, -0.024064, -0.998067, -0.001113
0.057093, -0.024067, -0.998074, -0.000902
0.056870, -0.024069, -0.998087, -0.000779
0.056212, -0.024065, -0.998124, -0.000859
0.055731, -0.024065, -0.998151, -0.000870
0.055328, -0.024067, -0.998173, -0.000859
0.055120, -0.024069, -0.998185, -0.000854
0.054944, -0.024072, -0.998195, -0.000811
0.054784, -0.024078, -0.998203, -0.000735
0.054797, -0.024079, -0.998203, -0.000752
0.055127, -0.024081, -0.998184, -0.000736
0.055152, -0.024084, -0.998183, -0.000697
0.055111, -0.024084, -0.998185, -0.000721
0.055186, -0.024087, -0.998181, -0.000686
0.055199, -0.024090, -0.998180, -0.000655
0.055112, -0.024090, -0.998185, -0.000683
0.055214, -0.024095, -0.998179, -0.000615
0.054962, -0.024096, -0.998193, -0.000609
0.055175, -0.024094, -0.998181, -0.000672
0.055012, -0.024091, -0.998190, -0.000755
0.055030, -0.024096, -0.998189, -0.000693
0.055149, -0.024096, -0.998183, -0.000720
0.055477, -0.024094, -0.998165, -0.000769
0.055873, -0.024093, -0.998142, -0.000812
0.055993, -0.024096, -0.998136, -0.000785
0.056499, -0.024094, -0.998107, -0.000830
0.057412, -0.024066, -0.998056, -0.000898
0.058737, -0.024045, -0.997979, -0.001085
0.059518, -0.024045, -0.997933, -0.001064
0.059769, -0.024016, -0.997918, -0.001128
0.060058, -0.024009, -0.997901, -0.001166
0.060111, -0.024003, -0.997898, -0.001265
0.059267, -0.024007, -0.997948, -0.001236
0.059150, -0.024014, -0.997955, -0.001129
0.059661, -0.024015, -0.997925, -0.001131
0.059993, -0.024017, -0.997905, -0.001111
0.060122, -0.023997, -0.997898, -0.001109
0.060123, -0.023994, -0.997898, -0.001067
0.059634, -0.023993, -0.997927, -0.001078
0.059460, -0.023993, -0.997937, -0.001093
0.059052, -0.023995, -0.997962, -0.001080
0.058671, -0.023999, -0.997984, -0.001029
0.058882, -0.023993, -0.997972, -0.000980
0.058556, -0.023979, -0.997991, -0.001056
0.058565, -0.023965, -0.997991, -0.001268
0.058077, -0.023967, -0.998019, -0.001240
0.058063, -0.023950, -0.998020, -0.001245
0.058068, -0.023944, -0.998020, -0.001308
0.057976, -0.023946, -0.998026, -0.001301
0.058028, -0.023947, -0.998022, -0.001299
0.058032, -0.023936, -0.998023, -0.001166
0.059600, -0.023932, -0.997931, -0.001125
0.059141, -0.023919, -0.997958, -0.001104
0.058538, -0.023912, -0.997994, -0.001082
0.058203, -0.023902, -0.998013, -0.001242
0.058189, -0.023890, -0.998015, -0.001247
0.058421, -0.023890, -0.998001, -0.001219
0.058030, -0.023890, -0.998024, -0.001220
0.057478, -0.023886, -0.998056, -0.001118
0.057229, -0.023887, -0.998070, -0.001096
0.057317, -0.023891, -0.998065, -0.001026
0.057344, -0.023867, -0.998064, -0.001043
0.057091, -0.023856, -0.998079, -0.000775
0.057403, -0.023844, -0.998062, -0.000877
0.057438, -0.023843, -0.998060, -0.000880
0.057354, -0.023849, -0.998064, -0.000803
0.057261, -0.023853, -0.998070, -0.000737
0.057206, -0.023839, -0.998073, -0.000740
0.057099, -0.023831, -0.998080, -0.000605
0.057278, -0.023804, -0.998070, -0.000692
0.057697, -0.023785, -0.998046, -0.000767
0.057436, -0.023779, -0.998061, -0.000762
0.057076, -0.023775, -0.998082, -0.000832
0.056696, -0.023770, -0.998104, -0.000889
0.056489, -0.023770, -0.998116, -0.000765
0.056335, -0.023757, -0.998124, -0.000873
0.056147, -0.023761, -0.998135, -0.000712
0.055805, -0.023747, -0.998155, -0.000765
0.055629, -0.023749, -0.998164, -0.000618
0.055367, -0.023746, -0.998179, -0.000687
0.055231, -0.023745, -0.998187, -0.000728
0.055042, -0.023746, -0.998197, -0.000721
0.054926, -0.023743, -0.998204, -0.000696
0.054609, -0.023756, -0.998221, -0.000283
0.054593, -0.023745, -0.998222, -0.000349
0.054571, -0.023739, -0.998223, -0.000326
0.054357, -0.023733, -0.998235, -0.000400
0.053997, -0.023728, -0.998255, -0.000398
0.053771, -0.023732, -0.998267, -0.000264
0.053953, -0.023728, -0.998257, -0.000334
0.054115, -0.023717, -0.998249, -0.000413
0.054087, -0.023710, -0.998250, -0.000455
0.053748, -0.023700, -0.998269, -0.000561
0.053127, -0.023695, -0.998302, -0.000525
0.053239, -0.023691, -0.998296, -0.000588
0.053302, -0.023687, -0.998293, -0.000679
0.053364, -0.023692, -0.998289, -0.000620
0.053609, -0.023688, -0.998276, -0.000711
0.053706, -0.023690, -0.998271, -0.000707
0.053678, -0.023694, -0.998273, -0.000643
0.053622, -0.023690, -0.998276, -0.000646
0.053888, -0.023683, -0.998261, -0.000793
0.054065, -0.023685, -0.998252, -0.000779
0.054079, -0.023686, -0.998251, -0.000783
0.053945, -0.023684, -0.998258, -0.000861
0.054018, -0.023687, -0.998254, -0.000817
0.054176, -0.023688, -0.998246, -0.000819
0.054229, -0.023691, -0.998243, -0.000799
0.054025, -0.023694, -0.998254, -0.000776
0.053974, -0.023697, -0.998257, -0.000740
0.054077, -0.023698, -0.998251, -0.000734
0.054231, -0.023695, -0.998243, -0.000729
0.054330, -0.023688, -0.998237, -0.000763
0.054335, -0.023684, -0.998237, -0.000654
0.054179, -0.023681, -0.998246, -0.000577
0.054253, -0.023671, -0.998242, -0.000693
0.054250, -0.023670, -0.998242, -0.000653
0.054371, -0.023644, -0.998236, -0.000640
0.055145, -0.023602, -0.998195, -0.000773
0.055777, -0.023561, -0.998160, -0.000988
0.055605, -0.023554, -0.998170, -0.000901
0.055685, -0.023547, -0.998166, -0.000950
0.055538, -0.023542, -0.998174, -0.000928
0.055399, -0.023534, -0.998182, -0.000986
0.055280, -0.023537, -0.998189, -0.000900
0.055390, -0.023539, -0.998183, -0.000890
0.055502, -0.023541, -0.998176, -0.000864
0.055442, -0.023538, -0.998180, -0.000915
0.054686, -0.023541, -0.998221, -0.000728
0.054665, -0.023534, -0.998223, -0.000795
0.054829, -0.023533, -0.998214, -0.000821
0.055067, -0.023534, -0.998201, -0.000825
0.055100, -0.023537, -0.998199, -0.000786
0.054973, -0.023532, -0.998206, -0.000789
0.054730, -0.023534, -0.998219, -0.000710
0.054814, -0.023529, -0.998215, -0.000708
0.055001, -0.023529, -0.998204, -0.000710
0.055099, -0.023524, -0.998199, -0.000827
0.055208, -0.023528, -0.998193, -0.000770
0.055202, -0.023523, -0.998193, -0.000739
0.054755, -0.023528, -0.998218, -0.000547
0.054696, -0.023522, -0.998221, -0.000588
0.054677, -0.023515, -0.998223, -0.000292
0.054796, -0.023491, -0.998217, -0.000445
0.054910, -0.023475, -0.998211, -0.000486
0.054871, -0.023460, -0.998213, -0.000458
0.054984, -0.023444, -0.998208, -0.000555
0.055112, -0.023435, -0.998201, -0.000560
0.055652, -0.023427, -0.998171, -0.000632
0.056101, -0.023421, -0.998146, -0.000712
0.056451, -0.023419, -0.998126, -0.000643
0.056854, -0.023418, -0.998103, -0.000627
0.057056, -0.023419, -0.998092, -0.000610
0.056975, -0.023414, -0.998096, -0.000686
0.056741, -0.023410, -0.998110, -0.000649
0.056891, -0.023407, -0.998101, -0.000704
0.057322, -0.023404, -0.998077, -0.000777
0.057637, -0.023404, -0.998059, -0.000799
0.057725, -0.023404, -0.998053, -0.000812
0.057597, -0.023406, -0.998061, -0.000780
0.057226, -0.023408, -0.998082, -0.000592
0.057365, -0.023398, -0.998074, -0.000657
0.057848, -0.023392, -0.998047, -0.000760
0.058064, -0.023389, -0.998034, -0.000802
0.057536, -0.023388, -0.998065, -0.000628
0.057373, -0.023380, -0.998075, -0.000546
0.057532, -0.023377, -0.998065, -0.000542
0.057815, -0.023369, -0.998049, -0.000678
0.058001, -0.023364, -0.998038, -0.000675
0.058024, -0.023356, -0.998037, -0.000649
0.057790, -0.023349, -0.998051, -0.000564
0.058284, -0.023343, -0.998023, -0.000625
0.058554, -0.023338, -0.998007, -0.000711
0.058392, -0.023338, -0.998016, -0.000639
0.058124, -0.023332, -0.998032, -0.000652
0.057955, -0.023333, -0.998042, -0.000628
0.058238, -0.023330, -0.998025, -0.000713
0.058489, -0.023332, -0.998011, -0.000707
0.058302, -0.023338, -0.998022, -0.000635
0.058108, -0.023342, -0.998033, -0.000593
0.057804, -0.023344, -0.998050, -0.000574
0.057986, -0.023339, -0.998040, -0.000606
0.058138, -0.023320, -0.998032, -0.000632
0.056382, -0.023319, -0.998133, -0.000087
0.056550, -0.023290, -0.998124, -0.000055
0.056979, -0.023261, -0.998100, -0.000188
0.057074, -0.023244, -0.998095, -0.000218
0.057404, -0.023225, -0.998076, -0.000306
0.057566, -0.023206, -0.998068, -0.000300
0.057354, -0.023186, -0.998080, -0.000208
0.057565, -0.023153, -0.998069, -0.000450
0.057704, -0.023136, -0.998061, -0.000420
0.058090, -0.023096, -0.998040, -0.000575
0.057446, -0.023065, -0.998078, -0.000216
0.057213, -0.023013, -0.998092, -0.000173
0.058151, -0.022967, -0.998039, -0.000668
0.058812, -0.022943, -0.998001, -0.001059
0.059126, -0.022945, -0.997982, -0.001036
0.059185, -0.022923, -0.997979, -0.000856
0.059021, -0.022900, -0.997990, -0.000563
0.058962, -0.022876, -0.997994, -0.000473
0.059530, -0.022838, -0.997960, -0.001033
0.059876, -0.022833, -0.997940, -0.001146
0.060109, -0.022833, -0.997926, -0.001149
0.060384, -0.022802, -0.997910, -0.001073
0.060774, -0.022821, -0.997886, -0.000062
0.061137, -0.022779, -0.997865, -0.000592
0.061525, -0.022759, -0.997841, -0.000923
0.061874, -0.022764, -0.997820, -0.000873
0.062228, -0.022764, -0.997798, -0.000871
0.062554, -0.022740, -0.997778, -0.000790
0.062702, -0.022704, -0.997769, -0.000893
0.063088, -0.022664, -0.997745, -0.001413
0.063957, -0.022648, -0.997690, -0.001674
0.064565, -0.022655, -0.997651, -0.001595
0.064711, -0.022667, -0.997641, -0.001424
0.064818, -0.022672, -0.997634, -0.001201
0.065047, -0.022672, -0.997620, -0.001154
0.065289, -0.022672, -0.997604, -0.001173
0.065469, -0.022677, -0.997592, -0.001130
0.065619, -0.022679, -0.997582, -0.001114
0.065726, -0.022680, -0.997575, -0.000964
0.065765, -0.022812, -0.997569, 0.001389
0.064227, -0.022981, -0.997657, 0.004316
0.065623, -0.022861, -0.997574, 0.002783
0.066491, -0.022786, -0.997521, 0.001954
0.066109, -0.022724, -0.997548, 0.001468
0.065722, -0.022683, -0.997575, 0.001371
0.065024, -0.022635, -0.997621, 0.001642
0.063828, -0.022450, -0.997704, -0.000572
0.064215, -0.022269, -0.997679, -0.003010
0.065505, -0.022256, -0.997595, -0.003138
0.065367, -0.022311, -0.997606, -0.001977
0.064878, -0.022290, -0.997639, -0.001621
0.064385, -0.022189, -0.997672, -0.001901
0.063199, -0.022175, -0.997749, -0.001274
0.063903, -0.022090, -0.997704, -0.002372
0.064124, -0.022092, -0.997691, -0.002201
0.064206, -0.022088, -0.997686, -0.001991
0.063368, -0.022081, -0.997740, -0.001726
0.063394, -0.022051, -0.997739, -0.001842
0.063475, -0.021967, -0.997733, -0.002918
0.062854, -0.021961, -0.997773, -0.002740
0.062305, -0.021986, -0.997809, -0.001956
0.061661, -0.021970, -0.997849, -0.001821
0.066024, -0.022353, -0.997551, 0.005039
0.066210, -0.022178, -0.997551, 0.002787
0.065650, -0.022013, -0.997595, 0.000513
0.065345, -0.021984, -0.997616, 0.000512
0.065013, -0.021941, -0.997639, 0.000478
0.064414, -0.021869, -0.997679, 0.000187
0.063285, -0.021876, -0.997750, 0.001558
0.062042, -0.021731, -0.997833, 0.000098
0.062888, -0.021571, -0.997782, -0.001830
0.063804, -0.021505, -0.997723, -0.002616
0.064578, -0.021509, -0.997674, -0.002301
0.065147, -0.021492, -0.997637, -0.002184
0.064849, -0.021508, -0.997658, -0.001477
0.064944, -0.021503, -0.997652, -0.000986
0.064589, -0.021487, -0.997676, -0.000871
0.064261, -0.021370, -0.997697, -0.002492
0.064419, -0.021340, -0.997687, -0.002682
0.064824, -0.021317, -0.997661, -0.002730
0.064710, -0.021307, -0.997669, -0.002414
0.063774, -0.021308, -0.997731, -0.001769
0.062827, -0.021256, -0.997792, -0.002028
0.062731, -0.021085, -0.997793, -0.004476
0.062046, -0.021022, -0.997835, -0.005043
0.061024, -0.020967, -0.997899, -0.005076
0.059699, -0.020965, -0.997984, -0.003926
0.059082, -0.020801, -0.998017, -0.005526
0.058606, -0.020664, -0.998041, -0.006554
0.058425, -0.020493, -0.998042, -0.008402
0.058717, -0.020422, -0.998025, -0.008496
0.058840, -0.020366, -0.998020, -0.008453
0.059023, -0.020247, -0.998001, -0.009556
0.059028, -0.020108, -0.997988, -0.011124
0.059363, -0.019982, -0.997955, -0.012425
0.059137, -0.019852, -0.997954, -0.013729
0.058922, -0.019776, -0.997964, -0.013996
0.058589, -0.019682, -0.997979, -0.014444
0.058646, -0.019577, -0.997966, -0.015224
0.059435, -0.019431, -0.997890, -0.017211
0.059888, -0.019356, -0.997849, -0.018072
0.060321, -0.019316, -0.997820, -0.018289
0.060529, -0.019277, -0.997807, -0.018343
0.060574, -0.019238, -0.997801, -0.018569
0.060392, -0.019167, -0.997801, -0.019214
0.061228, -0.019175, -0.997757, -0.018867
0.062076, -0.019060, -0.997676, -0.020436
0.062440, -0.019052, -0.997659, -0.020167
0.062781, -0.019052, -0.997641, -0.019969
0.063695, -0.019051, -0.997579, -0.020193
0.063492, -0.019124, -0.997617, -0.018814
0.062235, -0.019191, -0.997726, -0.017118
0.060760, -0.019266, -0.997847, -0.015174
0.059678, -0.019301, -0.997932, -0.013784
0.058872, -0.019298, -0.997991, -0.012942
0.058901, -0.019514, -0.998032, -0.008513
0.058015, -0.019474, -0.998088, -0.008147
0.057916, -0.019431, -0.998094, -0.008169
0.056191, -0.019498, -0.998206, -0.006264
0.056136, -0.019433, -0.998206, -0.006848
0.055738, -0.019451, -0.998235, -0.005823
0.055995, -0.019298, -0.998212, -0.007537
0.056507, -0.019222, -0.998182, -0.007835
0.056496, -0.019190, -0.998187, -0.007400
0.056906, -0.019123, -0.998163, -0.007625
0.056217, -0.019117, -0.998210, -0.006567
0.056432, -0.019261, -0.998212, -0.002989
0.056289, -0.019188, -0.998221, -0.003197
0.056762, -0.019079, -0.998191, -0.004451
0.057324, -0.018976, -0.998154, -0.005789
0.057768, -0.018992, -0.998132, -0.005036
0.057956, -0.019038, -0.998127, -0.003559
0.058430, -0.019048, -0.998101, -0.002882
0.059030, -0.019001, -0.998066, -0.003279
0.059119, -0.018979, -0.998061, -0.003358
0.059355, -0.018997, -0.998048, -0.002879
0.059124, -0.019052, -0.998063, -0.001588
0.059159, -0.019070, -0.998062, -0.000867
0.059184, -0.019076, -0.998060, -0.000367
0.059586, -0.019112, -0.998036, 0.000638
0.059592, -0.019065, -0.998036, 0.000194
0.059173, -0.019259, -0.998049, 0.004088
0.059077, -0.019260, -0.998052, 0.004839
0.059661, -0.019168, -0.998022, 0.004069
0.060334, -0.018925, -0.997994, 0.000889
0.060684, -0.018765, -0.997976, -0.000903
0.061389, -0.018849, -0.997930, 0.001635
0.060930, -0.018813, -0.997957, 0.002439
0.060337, -0.018841, -0.997987, 0.004169
0.060504, -0.018551, -0.997991, 0.000035
0.060069, -0.018454, -0.998019, -0.001028
0.059183, -0.018448, -0.998072, -0.000481
0.058287, -0.018455, -0.998125, 0.000342
0.057358, -0.018543, -0.998173, 0.002830
0.056177, -0.018470, -0.998242, 0.002678
0.054944, -0.018290, -0.998317, 0.000424
0.053698, -0.018191, -0.998387, -0.000665
0.052837, -0.018149, -0.998434, -0.000678
0.052254, -0.018147, -0.998465, 0.000025
0.052065, -0.018143, -0.998474, 0.000728
0.051697, -0.018146, -0.998492, 0.001533
0.051275, -0.018022, -0.998518, -0.000284
0.050427, -0.017979, -0.998561, -0.000491
0.049218, -0.017959, -0.998622, -0.000099
0.048334, -0.018008, -0.998663, 0.001766
0.047867, -0.017939, -0.998688, 0.001067
0.048043, -0.017832, -0.998682, -0.000665
0.048048, -0.017834, -0.998681, -0.000231
0.047901, -0.017832, -0.998689, 0.000046
0.047247, -0.017850, -0.998719, 0.000789
0.047202, -0.017829, -0.998722, 0.000568
0.047409, -0.017764, -0.998713, -0.000736
0.047041, -0.017762, -0.998730, -0.000612
0.046555, -0.017788, -0.998753, 0.000393
0.046170, -0.017777, -0.998771, 0.000751
0.045992, -0.017789, -0.998778, 0.001534
0.046231, -0.017669, -0.998770, -0.000959
0.046272, -0.017667, -0.998768, -0.000960
0.046356, -0.017694, -0.998764, -0.000298
0.046427, -0.017715, -0.998760, 0.000261
0.046358, -0.017724, -0.998763, 0.000537
0.046243, -0.017715, -0.998769, 0.000396
0.046123, -0.017707, -0.998774, 0.000302
0.046047, -0.017711, -0.998778, 0.000472
0.045777, -0.017726, -0.998790, 0.000973
0.045466, -0.017720, -0.998804, 0.001166
0.045236, -0.017686, -0.998815, 0.000878
0.045145, -0.017658, -0.998820, 0.000548
0.045480, -0.017629, -0.998805, 0.000086
0.045523, -0.017639, -0.998803, 0.000486
0.045665, -0.017645, -0.998796, 0.000784
0.045621, -0.017640, -0.998798, 0.000903
0.045477, -0.017617, -0.998805, 0.000691
0.045293, -0.017599, -0.998814, 0.000630
0.045257, -0.017590, -0.998816, 0.000748
0.045395, -0.017569, -0.998810, 0.000600
0.045222, -0.017562, -0.998818, 0.000749
0.045032, -0.017551, -0.998827, 0.000756
0.045104, -0.017542, -0.998824, 0.000677
0.045042, -0.017542, -0.998827, 0.000692
0.044815, -0.017558, -0.998836, 0.001002
0.044562, -0.017566, -0.998847, 0.001148
0.044432, -0.017575, -0.998853, 0.001327
0.044127, -0.017572, -0.998866, 0.001287
0.043772, -0.017569, -0.998882, 0.001270
0.043528, -0.017566, -0.998893, 0.001199
0.043427, -0.017571, -0.998897, 0.001372
0.043549, -0.017570, -0.998891, 0.001494
0.043558, -0.017566, -0.998891, 0.001520
0.043479, -0.017559, -0.998894, 0.001562
0.043426, -0.017557, -0.998897, 0.001715
0.043296, -0.017546, -0.998902, 0.001671
0.043243, -0.017535, -0.998905, 0.001770
0.043109, -0.017517, -0.998911, 0.001836
0.042996, -0.017485, -0.998916, 0.001736
0.043035, -0.017457, -0.998915, 0.001730
0.044065, -0.017438, -0.998870, 0.001957
0.044570, -0.017410, -0.998849, 0.001766
0.044676, -0.017384, -0.998845, 0.001393
0.044772, -0.017376, -0.998841, 0.001196
0.044447, -0.017391, -0.998855, 0.001506
0.043919, -0.017400, -0.998878, 0.001800
0.043134, -0.017396, -0.998912, 0.001915
0.042446, -0.017364, -0.998942, 0.001462
0.042242, -0.017341, -0.998952, 0.001243
0.042177, -0.017320, -0.998955, 0.000942
0.042388, -0.017333, -0.998946, 0.001309
0.042549, -0.017338, -0.998939, 0.001405
0.042646, -0.017344, -0.998934, 0.001467
0.042289, -0.017355, -0.998949, 0.001566
0.041434, -0.017364, -0.998985, 0.001639
0.040412, -0.017370, -0.999026, 0.001667
0.039409, -0.017375, -0.999066, 0.001752
0.038759, -0.017372, -0.999092, 0.001853
0.038640, -0.017363, -0.999096, 0.001878
0.038663, -0.017356, -0.999095, 0.001878
0.038654, -0.017349, -0.999096, 0.001879
0.038369, -0.017343, -0.999107, 0.001923
0.038061, -0.017334, -0.999119, 0.001961
0.037807, -0.017321, -0.999129, 0.002012
0.037625, -0.017302, -0.999136, 0.002017
0.037616, -0.017289, -0.999136, 0.002096
0.038153, -0.017268, -0.999116, 0.001982
0.038122, -0.017264, -0.999117, 0.002109
0.038314, -0.017249, -0.999111, 0.001881
0.038216, -0.017238, -0.999115, 0.001810
0.037884, -0.017221, -0.999128, 0.001664
0.037684, -0.017201, -0.999136, 0.001449
0.037575, -0.017182, -0.999141, 0.001269
0.037428, -0.017180, -0.999146, 0.001532
0.037347, -0.017172, -0.999149, 0.001537
0.037247, -0.017154, -0.999154, 0.001325
0.037098, -0.017142, -0.999159, 0.001284
0.037089, -0.017128, -0.999160, 0.001267
0.037194, -0.017117, -0.999156, 0.001333
0.037422, -0.017105, -0.999148, 0.001372
0.037540, -0.017096, -0.999143, 0.001524
0.037584, -0.017077, -0.999142, 0.001395
0.037459, -0.017055, -0.999148, 0.001010
0.037448, -0.017033, -0.999149, 0.000740
0.037254, -0.017016, -0.999156, 0.000542
0.037024, -0.017002, -0.999165, 0.000515
0.037219, -0.016992, -0.999158, 0.000566
0.037346, -0.016981, -0.999154, 0.000512
0.037427, -0.016963, -0.999151, 0.000174
0.037297, -0.016949, -0.999156, -0.000092
0.037034, -0.016939, -0.999166, -0.000197
0.037002, -0.016926, -0.999168, -0.000304
0.036793, -0.016926, -0.999175, 0.000173
0.036378, -0.017014, -0.999184, 0.003109
0.036525, -0.016897, -0.999186, 0.000206
0.036812, -0.016875, -0.999175, -0.000039
0.035845, -0.016799, -0.999210, -0.001887
0.036042, -0.016819, -0.999204, -0.001198
0.036073, -0.016832, -0.999203, -0.000695
0.035939, -0.016830, -0.999208, -0.000500
0.035796, -0.016829, -0.999213, -0.000302
0.035836, -0.016839, -0.999211, 0.000194
0.036006, -0.016849, -0.999205, 0.000649
0.036198, -0.016842, -0.999198, 0.000737
0.036304, -0.016832, -0.999194, 0.000752
0.036446, -0.016823, -0.999189, 0.000862
0.036645, -0.016814, -0.999182, 0.001010
0.036766, -0.016798, -0.999178, 0.001060
0.037037, -0.016788, -0.999168, 0.001199
0.037693, -0.016815, -0.999141, 0.002169
0.037790, -0.016811, -0.999138, 0.002185
0.037783, -0.016800, -0.999138, 0.002028
0.037488, -0.016798, -0.999149, 0.002093
0.037223, -0.016786, -0.999160, 0.001959
0.037147, -0.016830, -0.999158, 0.003468
0.037335, -0.016766, -0.999156, 0.001957
0.037834, -0.016740, -0.999138, 0.001457
0.038101, -0.016729, -0.999129, 0.001331
0.038312, -0.016723, -0.999121, 0.001379
0.038545, -0.016717, -0.999112, 0.001485
0.038577, -0.016711, -0.999110, 0.001514
0.038790, -0.016690, -0.999103, 0.001065
0.039104, -0.016680, -0.999091, 0.000938
0.039432, -0.016684, -0.999078, 0.001166
0.039782, -0.016684, -0.999064, 0.001358
0.039900, -0.016682, -0.999059, 0.001441
0.040175, -0.016665, -0.999049, 0.001097
0.040424, -0.016663, -0.999039, 0.001081
0.040529, -0.016668, -0.999034, 0.001324
0.040656, -0.016661, -0.999029, 0.001336
0.040678, -0.016652, -0.999028, 0.001389
0.040799, -0.016634, -0.999024, 0.001213
0.040697, -0.016617, -0.999028, 0.001047
0.041098, -0.016577, -0.999013, 0.000259
0.041362, -0.016574, -0.999002, 0.000396
0.041819, -0.016571, -0.998983, 0.000545
0.042042, -0.016560, -0.998974, 0.000441
0.042098, -0.016561, -0.998972, 0.000549
0.041873, -0.016564, -0.998981, 0.000762
0.041504, -0.016568, -0.998996, 0.000982
0.041354, -0.016566, -0.999002, 0.001028
0.041194, -0.016561, -0.999009, 0.000931
0.040985, -0.016563, -0.999017, 0.001220
0.040550, -0.016552, -0.999035, 0.001381
0.040277, -0.016615, -0.999040, 0.003435
0.040041, -0.016559, -0.999054, 0.002258
0.040086, -0.016510, -0.999055, 0.001128
0.040098, -0.016502, -0.999055, 0.000997
0.039814, -0.016500, -0.999066, 0.001066
0.039711, -0.016497, -0.999070, 0.001137
0.039427, -0.016490, -0.999081, 0.001127
0.039367, -0.016486, -0.999084, 0.001175
0.039273, -0.016485, -0.999087, 0.001215
0.039352, -0.016480, -0.999085, 0.001149
0.039382, -0.016480, -0.999083, 0.001250
0.039310, -0.016479, -0.999086, 0.001398
0.039123, -0.016463, -0.999093, 0.001500
0.041307, -0.016659, -0.998978, 0.007080
0.041208, -0.016625, -0.998987, 0.006513
0.041121, -0.016570, -0.998998, 0.005386
0.041215, -0.016502, -0.999002, 0.003891
0.041655, -0.016467, -0.998986, 0.003348
0.041987, -0.016443, -0.998974, 0.003127
0.042252, -0.016419, -0.998964, 0.002904
0.042649, -0.016389, -0.998948, 0.002536
0.043282, -0.016363, -0.998922, 0.002243
0.043656, -0.016351, -0.998906, 0.002354
0.044170, -0.016329, -0.998883, 0.002359
0.044246, -0.016326, -0.998879, 0.002860
0.044835, -0.016249, -0.998857, 0.001584
0.045736, -0.016182, -0.998818, 0.000389
0.046413, -0.016168, -0.998787, 0.000299
0.047116, -0.016162, -0.998754, 0.000339
0.047665, -0.016155, -0.998728, 0.000436
0.048019, -0.016143, -0.998711, 0.000498
0.048149, -0.016110, -0.998706, 0.000155
0.048513, -0.016066, -0.998689, -0.000498
0.048922, -0.016054, -0.998669, -0.000457
0.049208, -0.016054, -0.998655, -0.000123
0.049526, -0.016047, -0.998640, 0.000027
0.049651, -0.016037, -0.998634, 0.000132
0.049896, -0.016004, -0.998622, -0.000121
0.050205, -0.015964, -0.998607, -0.000431
0.050604, -0.015951, -0.998587, -0.000295
0.050818, -0.015958, -0.998576, 0.000270
0.051017, -0.015912, -0.998567, -0.000158
0.051170, -0.015855, -0.998559, -0.000777
0.051377, -0.015817, -0.998549, -0.001028
0.051602, -0.015788, -0.998538, -0.001125
0.051707, -0.015800, -0.998533, -0.000416
0.051985, -0.015787, -0.998519, -0.000132
0.052717, -0.015692, -0.998480, -0.001685
0.053181, -0.015647, -0.998455, -0.002288
0.053902, -0.015602, -0.998416, -0.002824
0.054613, -0.015582, -0.998378, -0.002880
0.055849, -0.015586, -0.998310, -0.002579
0.056650, -0.015593, -0.998266, -0.002141
0.057491, -0.015572, -0.998218, -0.002171
0.058516, -0.015544, -0.998159, -0.002220
0.059039, -0.015550, -0.998129, -0.001704
0.059307, -0.015538, -0.998113, -0.001560
0.059905, -0.015530, -0.998078, -0.001514
0.059819, -0.015574, -0.998083, -0.000548
0.060787, -0.015522, -0.998025, -0.001228
0.060352, -0.015599, -0.998051, 0.000258
0.060427, -0.015583, -0.998047, 0.000186
0.060546, -0.015589, -0.998039, 0.000510
0.060523, -0.015610, -0.998040, 0.001135
0.060949, -0.015508, -0.998016, -0.000330
0.061032, -0.015457, -0.998011, -0.000971
0.061488, -0.015405, -0.997983, -0.001729
0.061137, -0.015409, -0.998005, -0.001519
0.060861, -0.015418, -0.998022, -0.001222
0.060571, -0.015425, -0.998040, -0.000955
0.060697, -0.015431, -0.998032, -0.000699
0.061615, -0.015375, -0.997976, -0.001447
0.061737, -0.015367, -0.997969, -0.001392
0.062063, -0.015353, -0.997949, -0.001508
0.061864, -0.015370, -0.997961, -0.001086
0.061625, -0.015396, -0.997976, -0.000494
0.061730, -0.015401, -0.997970, -0.000272
0.062035, -0.015379, -0.997951, -0.000501
0.061875, -0.015373, -0.997961, -0.000437
0.061704, -0.015373, -0.997972, -0.000282
0.061624, -0.015374, -0.997977, -0.000113
0.061722, -0.015356, -0.997971, -0.000226
0.061983, -0.015349, -0.997955, -0.000084
0.061920, -0.015343, -0.997959, 0.000141
0.061807, -0.015303, -0.997966, -0.000303
0.061970, -0.015257, -0.997957, -0.000944
0.062321, -0.015247, -0.997935, -0.000986
0.062381, -0.015268, -0.997931, -0.000485
0.062542, -0.015265, -0.997921, -0.000335
0.062688, -0.015212, -0.997912, -0.001039
0.063024, -0.015167, -0.997891, -0.001654
0.063083, -0.015159, -0.997887, -0.001635
0.063233, -0.015146, -0.997878, -0.001654
0.063085, -0.015126, -0.997888, -0.001747
0.062841, -0.015062, -0.997902, -0.002578
0.062674, -0.015026, -0.997912, -0.003002
0.062801, -0.015032, -0.997905, -0.002687
0.062885, -0.015028, -0.997900, -0.002510
0.062998, -0.015007, -0.997893, -0.002551
0.062952, -0.014977, -0.997896, -0.002594
0.062759, -0.014932, -0.997908, -0.002924
0.063248, -0.014837, -0.997875, -0.004159
0.063667, -0.014752, -0.997844, -0.005175
0.064140, -0.014685, -0.997811, -0.005948
0.064919, -0.014612, -0.997755, -0.006890
0.065802, -0.014547, -0.997692, -0.007734
0.066479, -0.014515, -0.997646, -0.008022
0.066648, -0.014513, -0.997637, -0.007721
0.067378, -0.014444, -0.997580, -0.008731
0.066769, -0.014430, -0.997622, -0.008641
0.068496, -0.014294, -0.997489, -0.010544
0.070003, -0.014209, -0.997374, -0.011605
0.070702, -0.014150, -0.997318, -0.012190
0.071320, -0.014043, -0.997259, -0.013465
0.071764, -0.013930, -0.997211, -0.014746
0.072286, -0.013810, -0.997151, -0.016258
0.073323, -0.013695, -0.997045, -0.018152
0.074593, -0.013647, -0.996931, -0.019205
0.074998, -0.013752, -0.996925, -0.017836
0.075244, -0.013808, -0.996920, -0.017013
0.075329, -0.013747, -0.996903, -0.017679
0.075095, -0.013609, -0.996892, -0.019328
0.074932, -0.013430, -0.996856, -0.021780
0.075314, -0.013253, -0.996771, -0.024326
0.075240, -0.013280, -0.996787, -0.023878
0.075228, -0.013346, -0.996812, -0.022787
0.075765, -0.013448, -0.996803, -0.021310
0.076895, -0.013459, -0.996717, -0.021281
0.078179, -0.013409, -0.996597, -0.022225
0.079354, -0.013353, -0.996480, -0.023331
0.079782, -0.013382, -0.996451, -0.023079
0.079780, -0.013418, -0.996462, -0.022575
0.079812, -0.013419, -0.996461, -0.022512
0.080163, -0.013398, -0.996426, -0.022845
0.080549, -0.013375, -0.996385, -0.023276
0.081075, -0.013352, -0.996328, -0.023884
0.081022, -0.013297, -0.996313, -0.024718
0.081055, -0.013395, -0.996334, -0.023675
0.080711, -0.013441, -0.996374, -0.023131
0.080269, -0.013498, -0.996426, -0.022400
0.079886, -0.013557, -0.996473, -0.021631
0.079225, -0.013614, -0.996544, -0.020699
0.078367, -0.013662, -0.996630, -0.019808
0.077232, -0.013670, -0.996728, -0.019311
0.076632, -0.013689, -0.996784, -0.018798
0.076630, -0.013711, -0.996792, -0.018331
0.075869, -0.013799, -0.996875, -0.016882
0.075003, -0.013944, -0.996970, -0.014887
0.074319, -0.014231, -0.997070, -0.010815
0.075480, -0.014143, -0.996972, -0.011914
0.075210, -0.014240, -0.997008, -0.010336
0.074030, -0.014432, -0.997120, -0.007379
0.073436, -0.014478, -0.997170, -0.006402
0.071848, -0.014577, -0.997294, -0.004578
0.071043, -0.014628, -0.997356, -0.003403
0.071125, -0.014593, -0.997350, -0.003530
0.071975, -0.014555, -0.997289, -0.003744
0.071980, -0.014576, -0.997290, -0.003082
0.071113, -0.014587, -0.997354, -0.002629
0.070059, -0.014606, -0.997430, -0.002010
0.069124, -0.014608, -0.997495, -0.001624
0.069226, -0.014601, -0.997489, -0.001313
0.069415, -0.014593, -0.997476, -0.000959
0.069099, -0.014588, -0.997499, -0.000633
0.067552, -0.014692, -0.997602, 0.001306
0.067205, -0.014662, -0.997626, 0.001257
0.068478, -0.014574, -0.997542, 0.000357
0.063727, -0.014733, -0.997850, 0.002907
0.066217, -0.014587, -0.997694, 0.001065
0.066605, -0.014560, -0.997668, 0.000909
0.067797, -0.014496, -0.997589, 0.000206
0.069109, -0.014384, -0.997500, -0.001166
0.066940, -0.014511, -0.997647, 0.000975
0.065862, -0.014538, -0.997717, 0.001707
0.065984, -0.014462, -0.997711, 0.000893
0.065303, -0.014487, -0.997755, 0.001608
0.066111, -0.014438, -0.997703, 0.001250
0.066413, -0.014375, -0.997684, 0.000682
0.063915, -0.014532, -0.997840, 0.003324
0.063373, -0.014525, -0.997873, 0.003586
0.063382, -0.014437, -0.997877, 0.002597
0.063198, -0.014397, -0.997890, 0.002468
0.063465, -0.014327, -0.997875, 0.001986
0.063761, -0.014222, -0.997859, 0.000999
0.063333, -0.014142, -0.997888, 0.000333
0.063091, -0.014089, -0.997904, 0.000124
0.064111, -0.014016, -0.997840, -0.000398
0.064434, -0.013877, -0.997819, -0.001980
0.063261, -0.013949, -0.997895, -0.000263
0.063296, -0.013933, -0.997893, 0.000045
0.062737, -0.013982, -0.997927, 0.001296
0.064353, -0.013802, -0.997827, -0.001127
0.064058, -0.013767, -0.997846, -0.001181
0.062608, -0.013747, -0.997939, -0.000916
0.065120, -0.013743, -0.997778, -0.000356
0.066395, -0.013727, -0.997695, -0.000128
0.067490, -0.013693, -0.997622, -0.000247
0.066427, -0.013738, -0.997692, 0.000699
0.067497, -0.013672, -0.997621, 0.000195
0.067156, -0.013704, -0.997643, 0.001221
0.067967, -0.013644, -0.997590, 0.000832
0.069216, -0.013544, -0.997505, -0.000309
0.069562, -0.013544, -0.997481, -0.000066
0.066784, -0.013771, -0.997662, 0.003482
0.067230, -0.013735, -0.997633, 0.003219
0.068539, -0.013688, -0.997546, 0.002723
0.068039, -0.013759, -0.997577, 0.003707
0.068871, -0.013607, -0.997528, 0.001345
0.067316, -0.013696, -0.997630, 0.002536
0.068993, -0.013465, -0.997522, -0.000827
0.067329, -0.013649, -0.997631, 0.001801
0.067077, -0.013626, -0.997649, 0.001616
0.066512, -0.013556, -0.997689, 0.000638
0.065885, -0.013536, -0.997731, 0.000459
0.065757, -0.013493, -0.997740, -0.000025
0.065659, -0.013455, -0.997747, -0.000471
0.065163, -0.013441, -0.997780, -0.000549
0.063053, -0.013536, -0.997913, 0.001072
0.063377, -0.013477, -0.997894, 0.000265
0.062356, -0.013546, -0.997957, 0.001411
0.062110, -0.013565, -0.997971, 0.001788
0.060903, -0.013697, -0.998038, 0.003955
0.060748, -0.013642, -0.998050, 0.003253
0.060372, -0.013636, -0.998073, 0.003246
0.060887, -0.013436, -0.998050, -0.000001
0.061401, -0.013371, -0.998019, -0.001009
0.061192, -0.013380, -0.998032, -0.000861
0.060711, -0.013384, -0.998061, -0.000693
0.060154, -0.013411, -0.998095, -0.000086
0.059627, -0.013431, -0.998126, 0.000425
0.059153, -0.013462, -0.998153, 0.001145
0.058362, -0.013537, -0.998196, 0.002587
0.058544, -0.013437, -0.998190, 0.001115
0.057376, -0.013507, -0.998254, 0.002544
0.058162, -0.013408, -0.998212, 0.001154
0.058628, -0.013369, -0.998186, 0.000762
0.058688, -0.013349, -0.998183, 0.000631
0.059531, -0.013296, -0.998134, -0.000167
0.060218, -0.013272, -0.998093, -0.000450
0.060668, -0.013272, -0.998065, -0.000435
0.061409, -0.013274, -0.998020, -0.000447
0.061867, -0.013283, -0.997992, -0.000346
0.061739, -0.013297, -0.997999, -0.000151
0.061073, -0.013304, -0.998040, -0.000075
0.060416, -0.013311, -0.998080, 0.000008
0.060434, -0.013323, -0.998079, 0.000168
0.060771, -0.013328, -0.998058, 0.000219
0.061019, -0.013337, -0.998043, 0.000341
0.060743, -0.013349, -0.998060, 0.000663
0.060524, -0.013339, -0.998073, 0.000643
0.060819, -0.013332, -0.998055, 0.000640
0.061411, -0.013328, -0.998019, 0.000574
0.061967, -0.013329, -0.997985, 0.000556
0.062293, -0.013331, -0.997964, 0.000562
0.062303, -0.013333, -0.997964, 0.000571
0.062148, -0.013341, -0.997973, 0.000658
0.062767, -0.013341, -0.997934, 0.000643
0.062988, -0.013339, -0.997921, 0.000597
0.063384, -0.013336, -0.997896, 0.000516
0.063471, -0.013340, -0.997890, 0.000548
0.063390, -0.013342, -0.997895, 0.000539
0.063392, -0.013350, -0.997895, 0.000626
0.063454, -0.013349, -0.997891, 0.000583
0.063579, -0.013350, -0.997883, 0.000564
0.063675, -0.013355, -0.997877, 0.000607
0.063754, -0.013357, -0.997872, 0.000605
0.063727, -0.013364, -0.997873, 0.000662
0.063685, -0.013364, -0.997876, 0.000635
0.063694, -0.013369, -0.997875, 0.000668
0.063687, -0.013371, -0.997876, 0.000657
0.063725, -0.013374, -0.997873, 0.000666
0.063692, -0.013373, -0.997875, 0.000617
0.063718, -0.013374, -0.997874, 0.000594
0.063700, -0.013373, -0.997875, 0.000537
0.063812, -0.013371, -0.997868, 0.000467
0.064042, -0.013374, -0.997853, 0.000485
0.064338, -0.013373, -0.997834, 0.000440
0.064325, -0.013377, -0.997835, 0.000464
0.064246, -0.013381, -0.997840, 0.000485
0.064214, -0.013384, -0.997842, 0.000483
0.064211, -0.013388, -0.997842, 0.000499
0.064292, -0.013394, -0.997837, 0.000453
0.064570, -0.013397, -0.997819, 0.000451
0.064578, -0.013403, -0.997818, 0.000511
0.064471, -0.013401, -0.997825, 0.000447
0.064420, -0.013402, -0.997828, 0.000411
0.064517, -0.013409, -0.997822, 0.000398
0.064653, -0.013417, -0.997813, 0.000484
0.064647, -0.013420, -0.997813, 0.000500
0.064592, -0.013419, -0.997817, 0.000456
0.064933, -0.013424, -0.997795, 0.000510
0.065142, -0.013429, -0.997781, 0.000557
0.065440, -0.013434, -0.997762, 0.000610
0.065565, -0.013431, -0.997753, 0.000525
0.065625, -0.013429, -0.997750, 0.000473
0.065681, -0.013435, -0.997746, 0.000526
0.065828, -0.013440, -0.997736, 0.000569
0.066077, -0.013446, -0.997719, 0.000642
0.066255, -0.013446, -0.997708, 0.000607
0.066200, -0.013445, -0.997711, 0.000562
0.066218, -0.013450, -0.997710, 0.000600
0.066303, -0.013451, -0.997704, 0.000592
0.066472, -0.013438, -0.997693, 0.000546
0.067079, -0.013424, -0.997653, 0.000385
0.067354, -0.013424, -0.997634, 0.000350
0.067321, -0.013429, -0.997637, 0.000398
0.067429, -0.013435, -0.997629, 0.000400
0.067436, -0.013440, -0.997629, 0.000442
0.067375, -0.013448, -0.997633, 0.000517
0.067350, -0.013451, -0.997634, 0.000540
0.067455, -0.013452, -0.997627, 0.000520
0.067451, -0.013457, -0.997627, 0.000562
0.067401, -0.013457, -0.997631, 0.000521
0.067487, -0.013461, -0.997625, 0.000562
0.067675, -0.013464, -0.997612, 0.000576
0.067917, -0.013468, -0.997595, 0.000605
0.068032, -0.013472, -0.997588, 0.000631
0.068077, -0.013477, -0.997584, 0.000671
0.068166, -0.013481, -0.997578, 0.000705
0.068229, -0.013483, -0.997574, 0.000696
0.068446, -0.013485, -0.997559, 0.000705
0.068728, -0.013489, -0.997540, 0.000730
0.068729, -0.013489, -0.997540, 0.000697
0.068511, -0.013490, -0.997555, 0.000672
0.068346, -0.013489, -0.997566, 0.000632
0.068298, -0.013486, -0.997569, 0.000558
0.068570, -0.013483, -0.997551, 0.000491
0.068778, -0.013483, -0.997536, 0.000455
0.068829, -0.013485, -0.997533, 0.000465
0.068875, -0.013473, -0.997530, 0.000455
0.069224, -0.013457, -0.997506, 0.000241
0.069485, -0.013456, -0.997488, 0.000224
0.069673, -0.013457, -0.997475, 0.000209
0.069696, -0.013459, -0.997473, 0.000218
0.069705, -0.013456, -0.997473, 0.000207
0.069607, -0.013446, -0.997479, 0.000161
0.069912, -0.013442, -0.997458, 0.000097
0.070219, -0.013444, -0.997437, 0.000100
0.070359, -0.013448, -0.997427, 0.000124
0.070229, -0.013455, -0.997436, 0.000186
0.070212, -0.013459, -0.997437, 0.000218
0.070366, -0.013460, -0.997426, 0.000203
0.070527, -0.013461, -0.997415, 0.000191
0.070616, -0.013466, -0.997408, 0.000239
0.070548, -0.013476, -0.997413, 0.000339
0.070488, -0.013476, -0.997417, 0.000308
0.070561, -0.013478, -0.997412, 0.000318
0.070731, -0.013482, -0.997400, 0.000344
0.070893, -0.013483, -0.997388, 0.000328
0.071079, -0.013480, -0.997375, 0.000255
0.071195, -0.013482, -0.997367, 0.000252
0.071194, -0.013488, -0.997367, 0.000309
0.071500, -0.013491, -0.997345, 0.000314
0.071712, -0.013492, -0.997330, 0.000300
0.071885, -0.013493, -0.997317, 0.000288
0.071759, -0.013490, -0.997326, 0.000209
0.071695, -0.013495, -0.997331, 0.000253
0.071491, -0.013500, -0.997346, 0.000292
0.071535, -0.013507, -0.997342, 0.000361
0.071463, -0.013509, -0.997347, 0.000342
0.071272, -0.013517, -0.997361, 0.000425
0.071348, -0.013527, -0.997355, 0.000451
0.071196, -0.013532, -0.997366, 0.000438
0.071267, -0.013537, -0.997361, 0.000464
0.070950, -0.013548, -0.997383, 0.000568
0.070678, -0.013550, -0.997403, 0.000559
0.070656, -0.013555, -0.997404, 0.000607
0.070863, -0.013553, -0.997389, 0.000550
0.070879, -0.013549, -0.997388, 0.000462
0.071009, -0.013549, -0.997379, 0.000426
0.070770, -0.013554, -0.997396, 0.000380
0.070918, -0.013566, -0.997385, 0.000434
0.071160, -0.013573, -0.997368, 0.000478
0.071214, -0.013574, -0.997364, 0.000459
0.071231, -0.013572, -0.997363, 0.000365
0.071150, -0.013578, -0.997369, 0.000365
0.071074, -0.013575, -0.997374, 0.000268
0.070997, -0.013579, -0.997380, 0.000285
0.070608, -0.013588, -0.997407, 0.000380
0.070463, -0.013593, -0.997417, 0.000419
0.070610, -0.013598, -0.997407, 0.000464
0.071089, -0.013602, -0.997373, 0.000500
0.071629, -0.013600, -0.997334, 0.000451
0.071814, -0.013604, -0.997321, 0.000491
0.071969, -0.013606, -0.997310, 0.000486
0.072451, -0.013605, -0.997275, 0.000457
0.072353, -0.013600, -0.997282, 0.000343
0.072061, -0.013603, -0.997303, 0.000346
0.071669, -0.013607, -0.997331, 0.000352
0.071135, -0.013613, -0.997369, 0.000398
0.070662, -0.013620, -0.997403, 0.000457
0.070700, -0.013623, -0.997400, 0.000461
0.070675, -0.013622, -0.997402, 0.000410
0.070747, -0.013628, -0.997397, 0.000363
0.070906, -0.013636, -0.997385, 0.000302
0.070905, -0.013650, -0.997385, 0.000330
0.070848, -0.013659, -0.997389, 0.000413
0.070813, -0.013662, -0.997392, 0.000425
0.068668, -0.013669, -0.997542, 0.000445
0.068790, -0.013671, -0.997533, 0.000454
0.069008, -0.013670, -0.997518, 0.000421
0.070141, -0.013661, -0.997439, 0.000304
0.071121, -0.013662, -0.997370, 0.000301
0.072356, -0.013666, -0.997281, 0.000136
0.063394, -0.013093, -0.997865, -0.008149
0.064962, -0.013231, -0.997776, -0.006269
0.064957, -0.013317, -0.997782, -0.005000
0.065206, -0.013379, -0.997769, -0.004132
0.065643, -0.013419, -0.997742, -0.003581
0.066162, -0.013465, -0.997709, -0.002927
0.065975, -0.013504, -0.997723, -0.002368
0.065971, -0.013537, -0.997724, -0.001901
0.066378, -0.013565, -0.997697, -0.001515
0.067130, -0.013571, -0.997647, -0.001214
0.064973, -0.013713, -0.997788, 0.001082
0.065599, -0.013674, -0.997748, 0.000722
0.065379, -0.013648, -0.997763, 0.000330
0.065443, -0.013650, -0.997759, 0.000326
0.065736, -0.013636, -0.997739, 0.000283
0.065973, -0.013621, -0.997724, 0.000176
0.065981, -0.013619, -0.997724, 0.000372
0.066535, -0.013598, -0.997687, 0.000357
0.066812, -0.013567, -0.997669, 0.000406
0.062984, -0.013593, -0.997917, 0.001181
0.063112, -0.013577, -0.997909, 0.001244
0.063357, -0.013603, -0.997892, 0.001810
0.066567, -0.013556, -0.997685, 0.001186
0.067557, -0.013544, -0.997619, 0.000994
0.068836, -0.013535, -0.997531, 0.000871
0.069034, -0.013529, -0.997518, 0.000754
0.069709, -0.013524, -0.997471, 0.000669
0.070259, -0.013524, -0.997433, 0.000636
0.071245, -0.013512, -0.997363, 0.000447
0.072633, -0.013506, -0.997263, 0.000357
0.073143, -0.013500, -0.997226, 0.000233
0.073931, -0.013504, -0.997168, 0.000198
0.072668, -0.013943, -0.997237, 0.005962
0.073048, -0.013776, -0.997223, 0.003532
0.072920, -0.013570, -0.997241, 0.000544
0.071794, -0.013487, -0.997324, -0.000791
0.070812, -0.013441, -0.997394, -0.001504
0.066408, -0.013469, -0.997697, -0.001203
0.063330, -0.013504, -0.997897, -0.000844
0.060011, -0.013538, -0.998101, -0.000649
0.057605, -0.013570, -0.998243, -0.000471
0.054268, -0.013586, -0.998430, -0.000342
0.049734, -0.013609, -0.998666, -0.000014
0.045048, -0.013621, -0.998888, 0.000117
0.041361, -0.013637, -0.999047, 0.000368
0.037440, -0.013651, -0.999201, 0.000562
0.034781, -0.013659, -0.999297, 0.000658
0.031853, -0.013670, -0.999394, 0.000807
0.029898, -0.013679, -0.999455, 0.000964
0.028016, -0.013683, -0.999509, 0.000963
0.026925, -0.013689, -0.999539, 0.001033
0.025974, -0.013693, -0.999564, 0.001074
0.025470, -0.013696, -0.999577, 0.001065
0.024878, -0.013699, -0.999592, 0.001040
0.024145, -0.013703, -0.999610, 0.001062
0.024116, -0.013707, -0.999610, 0.001129
0.024987, -0.013707, -0.999589, 0.001173
0.027005, -0.013702, -0.999537, 0.001006
0.026037, -0.013706, -0.999562, 0.000992
0.024042, -0.013713, -0.999612, 0.001094
0.022918, -0.013716, -0.999638, 0.001056
0.022766, -0.013717, -0.999642, 0.000974
0.023612, -0.013717, -0.999622, 0.000950
0.024820, -0.013718, -0.999593, 0.000962
0.026046, -0.013719, -0.999562, 0.000988
0.027174, -0.013723, -0.999532, 0.001086
0.028745, -0.013721, -0.999488, 0.001025
0.030260, -0.013722, -0.999443, 0.001086
0.031664, -0.013719, -0.999400, 0.000980
0.031856, -0.013722, -0.999393, 0.001019
0.032179, -0.013726, -0.999383, 0.001092
0.032293, -0.013729, -0.999379, 0.001116
0.032187, -0.013733, -0.999382, 0.001177
0.032365, -0.013738, -0.999377, 0.001245
0.033156, -0.013739, -0.999351, 0.001273
0.033786, -0.013740, -0.999329, 0.001278
0.035019, -0.013738, -0.999287, 0.001233
0.035490, -0.013733, -0.999271, 0.001223
0.035195, -0.013733, -0.999281, 0.001147
0.035435, -0.013728, -0.999273, 0.001096
0.035969, -0.013727, -0.999254, 0.001261
0.036652, -0.013723, -0.999229, 0.001281
0.037165, -0.013723, -0.999210, 0.001278
0.037507, -0.013724, -0.999197, 0.001277
0.037542, -0.013723, -0.999196, 0.001242
0.037295, -0.013716, -0.999204, 0.001739
0.036538, -0.013710, -0.999231, 0.002243
0.036543, -0.013673, -0.999232, 0.001999
0.037377, -0.013625, -0.999203, 0.001318
0.038937, -0.013608, -0.999144, 0.001159
0.039988, -0.013593, -0.999103, 0.001068
0.040225, -0.013573, -0.999093, 0.001389
0.039214, -0.013547, -0.999132, 0.002158
0.038255, -0.013517, -0.999166, 0.003530
0.038492, -0.013441, -0.999159, 0.003158
0.040172, -0.013330, -0.999098, 0.001562
0.040911, -0.013261, -0.999070, 0.000793
0.041101, -0.013212, -0.999063, 0.000950
0.041357, -0.013152, -0.999053, 0.001111
0.042323, -0.013068, -0.999014, 0.000781
0.043684, -0.012994, -0.998956, 0.000554
0.045621, -0.012941, -0.998871, 0.000390
0.046739, -0.012909, -0.998819, 0.000340
0.047499, -0.012889, -0.998784, 0.000335
0.048503, -0.012873, -0.998736, 0.000307
0.049579, -0.012854, -0.998683, 0.000163
0.049828, -0.012843, -0.998671, 0.000168
0.049455, -0.012835, -0.998689, 0.000237
0.048925, -0.012833, -0.998716, 0.000396
0.048688, -0.012829, -0.998727, 0.000410
0.048807, -0.012827, -0.998722, 0.000379
0.048746, -0.012835, -0.998724, 0.000509
0.048582, -0.012840, -0.998732, 0.000581
0.048466, -0.012840, -0.998738, 0.000622
0.047999, -0.012840, -0.998760, 0.000816
0.047752, -0.012836, -0.998772, 0.000765
0.047458, -0.012830, -0.998786, 0.000586
0.047046, -0.012835, -0.998806, 0.000632
0.046866, -0.012839, -0.998814, 0.000649
0.046367, -0.012840, -0.998837, 0.000609
0.045989, -0.012831, -0.998855, 0.000654
0.045492, -0.012827, -0.998878, 0.000850
0.045282, -0.012811, -0.998887, 0.000948
0.045351, -0.012792, -0.998884, 0.000956
0.045378, -0.012766, -0.998884, 0.000846
0.045019, -0.012754, -0.998900, 0.000972
0.045185, -0.012735, -0.998893, 0.000937
0.045432, -0.012716, -0.998882, 0.000808
0.045645, -0.012699, -0.998872, 0.000798
0.045792, -0.012681, -0.998866, 0.000848
0.045895, -0.012661, -0.998861, 0.000949
0.045829, -0.012635, -0.998865, 0.000822
0.045828, -0.012615, -0.998865, 0.000910
0.045408, -0.012594, -0.998884, 0.000873
0.045378, -0.012576, -0.998886, 0.001187
0.046102, -0.012546, -0.998853, 0.001133
0.045704, -0.012525, -0.998871, 0.001214
0.045830, -0.012484, -0.998866, 0.001026
0.046635, -0.012457, -0.998830, 0.000936
0.047213, -0.012437, -0.998803, 0.000764
0.047929, -0.012434, -0.998769, 0.000771
0.048266, -0.012431, -0.998753, 0.000683
0.047882, -0.012435, -0.998771, 0.000694
0.047285, -0.012437, -0.998799, 0.000669
0.046687, -0.012439, -0.998828, 0.000649
0.046306, -0.012437, -0.998845, 0.000689
0.045952, -0.012435, -0.998862, 0.000646
0.045480, -0.012430, -0.998883, 0.000688
0.044723, -0.012415, -0.998918, 0.000633
0.043838, -0.012393, -0.998957, 0.000648
0.043430, -0.012369, -0.998975, 0.000639
0.043447, -0.012343, -0.998975, 0.000490
0.043702, -0.012328, -0.998964, 0.000459
0.044515, -0.012320, -0.998928, 0.000425
0.044835, -0.012308, -0.998914, 0.000420
0.044650, -0.012290, -0.998923, 0.000461
0.044623, -0.012263, -0.998924, 0.000456
0.044174, -0.012239, -0.998944, 0.000419
0.044373, -0.012222, -0.998936, 0.000341
0.044751, -0.012215, -0.998919, 0.000544
0.044532, -0.012205, -0.998929, 0.000657
0.044630, -0.012185, -0.998925, 0.000658
0.044551, -0.012167, -0.998929, 0.000545
0.044944, -0.012154, -0.998911, 0.000483
0.045128, -0.012141, -0.998903, 0.000530
0.044745, -0.012121, -0.998920, 0.000634
0.044254, -0.012093, -0.998943, 0.000667
0.044231, -0.012070, -0.998944, 0.000688
0.044907, -0.012061, -0.998914, 0.000679
0.045538, -0.012064, -0.998885, 0.000798
0.045823, -0.012051, -0.998872, 0.000715
0.045534, -0.012040, -0.998886, 0.000652
0.045677, -0.012036, -0.998879, 0.000593
0.046148, -0.012034, -0.998858, 0.000520
0.045898, -0.012037, -0.998869, 0.000506
0.045669, -0.012035, -0.998880, 0.000591
0.045412, -0.012034, -0.998891, 0.000838
0.045336, -0.012030, -0.998895, 0.000889
0.045748, -0.012023, -0.998876, 0.000770
0.046074, -0.012024, -0.998861, 0.000768
0.045899, -0.012011, -0.998869, 0.000656
0.045260, -0.012007, -0.998898, 0.000866
0.045455, -0.011993, -0.998890, 0.000716
0.045855, -0.011989, -0.998872, 0.000625
0.046200, -0.011988, -0.998856, 0.000568
0.046259, -0.011990, -0.998853, 0.000542
0.046089, -0.011995, -0.998861, 0.000601
0.045953, -0.011995, -0.998867, 0.000651
0.045490, -0.011985, -0.998888, 0.000659
0.045299, -0.011971, -0.998897, 0.000663
0.045245, -0.011954, -0.998900, 0.000724
0.045219, -0.011931, -0.998901, 0.000814
0.045304, -0.011923, -0.998897, 0.000848
0.042756, -0.011944, -0.999008, 0.001763
0.041914, -0.011914, -0.999044, 0.001721
0.042912, -0.011872, -0.999003, 0.001529
0.042111, -0.011848, -0.999037, 0.001329
0.043893, -0.011820, -0.998962, 0.001017
0.046145, -0.011802, -0.998860, 0.000725
0.046887, -0.011796, -0.998826, 0.000561
0.046895, -0.011800, -0.998826, 0.000595
0.047028, -0.011796, -0.998819, 0.000526
0.046774, -0.011793, -0.998831, 0.000570
0.046576, -0.011783, -0.998841, 0.000568
0.046609, -0.011775, -0.998839, 0.000602
0.046626, -0.011778, -0.998838, 0.000746
0.047001, -0.011764, -0.998821, 0.000652
0.047075, -0.011753, -0.998818, 0.000672
0.046743, -0.011737, -0.998833, 0.000713
0.046866, -0.011706, -0.998828, 0.000628
0.047531, -0.011693, -0.998797, 0.000647
0.045634, -0.011697, -0.998885, 0.001079
0.046206, -0.011658, -0.998859, 0.000628
0.048072, -0.011595, -0.998772, 0.000015
0.050175, -0.011539, -0.998669, -0.000643
0.051265, -0.011536, -0.998614, -0.000665
0.051689, -0.011540, -0.998592, -0.000640
0.051434, -0.011550, -0.998605, -0.000495
0.051066, -0.011561, -0.998624, -0.000352
0.050849, -0.011568, -0.998635, -0.000233
0.050193, -0.011576, -0.998668, -0.000051
0.050138, -0.011581, -0.998671, 0.000019
0.050282, -0.011585, -0.998664, 0.000056
0.050108, -0.011591, -0.998672, 0.000110
0.049826, -0.011597, -0.998686, 0.000176
0.049584, -0.011599, -0.998698, 0.000155
0.049385, -0.011596, -0.998708, 0.000156
0.049072, -0.011597, -0.998724, 0.000178
0.048659, -0.011594, -0.998744, 0.000199
0.048522, -0.011591, -0.998751, 0.000214
0.048402, -0.011591, -0.998756, 0.000284
0.047754, -0.011594, -0.998787, 0.000311
0.047772, -0.011597, -0.998787, 0.000327
0.047354, -0.011600, -0.998806, 0.000326
0.047155, -0.011604, -0.998816, 0.000342
0.046893, -0.011612, -0.998828, 0.000435
0.047059, -0.011613, -0.998820, 0.000392
0.047266, -0.011613, -0.998810, 0.000336
0.047342, -0.011614, -0.998807, 0.000292
0.047937, -0.011619, -0.998778, 0.000343
0.048088, -0.011624, -0.998771, 0.000390
0.047861, -0.011627, -0.998782, 0.000376
0.047413, -0.011631, -0.998803, 0.000367
0.046553, -0.011638, -0.998844, 0.000443
0.046577, -0.011638, -0.998843, 0.000362
0.046331, -0.011646, -0.998854, 0.000472
0.045926, -0.011650, -0.998872, 0.000509
0.045751, -0.011645, -0.998881, 0.000383
0.045940, -0.011647, -0.998872, 0.000330
0.045616, -0.011650, -0.998887, 0.000291
0.045390, -0.011655, -0.998897, 0.000297
0.045294, -0.011657, -0.998901, 0.000245
0.045113, -0.011663, -0.998909, 0.000297
0.044752, -0.011670, -0.998926, 0.000381
0.044437, -0.011678, -0.998939, 0.000473
0.043684, -0.011681, -0.998973, 0.000459
0.043834, -0.011683, -0.998966, 0.000676
0.043982, -0.011702, -0.998959, 0.001115
0.043658, -0.011632, -0.998974, -0.000632
0.043379, -0.011623, -0.998986, -0.000950
0.042152, -0.011625, -0.999039, -0.000925
0.041256, -0.011616, -0.999076, -0.001147
0.041779, -0.011595, -0.999054, -0.001700
0.042743, -0.011616, -0.999013, -0.001852
0.044391, -0.011558, -0.998933, -0.004461
0.045112, -0.011581, -0.998900, -0.004519
0.043236, -0.011668, -0.998988, -0.002983
0.043209, -0.011686, -0.998988, -0.003244
0.043710, -0.011744, -0.998966, -0.002992
0.044769, -0.011812, -0.998920, -0.002380
0.046426, -0.011855, -0.998845, -0.001913
0.048520, -0.011887, -0.998746, -0.001588
0.049617, -0.011908, -0.998692, -0.001267
0.050728, -0.011938, -0.998636, -0.000981
0.050468, -0.011971, -0.998649, -0.000862
0.051437, -0.012002, -0.998599, -0.000875
0.052426, -0.012046, -0.998547, -0.000772
0.052428, -0.012107, -0.998547, 0.000059
0.052874, -0.012103, -0.998523, -0.000144
0.052168, -0.012114, -0.998560, 0.000035
0.052909, -0.012113, -0.998522, -0.000004
0.053044, -0.012117, -0.998514, 0.000045
0.053440, -0.012119, -0.998493, 0.000045
0.052300, -0.012121, -0.998554, 0.000025
0.050684, -0.012129, -0.998637, 0.000132
0.049450, -0.012117, -0.998699, 0.000203
0.049415, -0.012103, -0.998701, 0.000385
0.050662, -0.012068, -0.998639, 0.000254
0.046043, -0.011909, -0.998860, -0.002834
0.044559, -0.011951, -0.998930, -0.001695
0.044420, -0.011990, -0.998937, -0.000190
0.044892, -0.011951, -0.998916, 0.000117
0.044330, -0.011899, -0.998941, -0.000768
0.050299, -0.011918, -0.998659, -0.000376
0.050931, -0.011926, -0.998627, -0.000254
0.051231, -0.011934, -0.998611, -0.000140
0.050439, -0.011942, -0.998651, -0.000032
0.051062, -0.011946, -0.998620, 0.000004
0.051505, -0.011976, -0.998597, 0.000033
0.050281, -0.011993, -0.998659, -0.000098
0.050464, -0.012003, -0.998649, -0.000007
0.050570, -0.012008, -0.998644, 0.000065
0.051167, -0.012004, -0.998614, -0.000012
0.052185, -0.012001, -0.998561, -0.000083
0.052214, -0.012005, -0.998559, -0.000036
0.052896, -0.012006, -0.998524, -0.000062
0.051547, -0.012013, -0.998594, 0.000018
0.051089, -0.012014, -0.998618, 0.000018
0.053391, -0.012010, -0.998497, -0.000054
0.055059, -0.012009, -0.998407, -0.000035
0.056112, -0.011983, -0.998348, -0.000052
0.057440, -0.011960, -0.998273, 0.000113
0.056230, -0.011932, -0.998342, 0.000214
0.054396, -0.011888, -0.998444, 0.000291
0.052184, -0.011827, -0.998563, 0.000035
0.051725, -0.011770, -0.998588, -0.000040
0.051891, -0.011701, -0.998580, -0.000051
0.053059, -0.011636, -0.998519, 0.000096
0.054890, -0.011562, -0.998421, 0.000144
0.057039, -0.011508, -0.998301, 0.000155
0.059742, -0.011456, -0.998144, -0.000466
0.061965, -0.011433, -0.998008, -0.000616
0.063481, -0.011420, -0.997913, -0.000453
0.063885, -0.011389, -0.997888, -0.000344
0.064886, -0.011344, -0.997824, -0.000491
0.066104, -0.011329, -0.997744, -0.000310
0.066674, -0.011305, -0.997706, -0.000404
0.067524, -0.011293, -0.997649, -0.000547
0.069231, -0.011291, -0.997532, -0.000601
0.070943, -0.011288, -0.997412, -0.000690
0.073592, -0.011277, -0.997220, -0.000877
0.074692, -0.011242, -0.997138, -0.001372
0.072304, -0.011241, -0.997314, -0.001357
0.072783, -0.011234, -0.997279, -0.001391
0.072861, -0.011196, -0.997274, -0.001203
0.072041, -0.011187, -0.997334, -0.000898
0.074816, -0.010926, -0.997124, -0.004154
0.074341, -0.010914, -0.997162, -0.003595
0.074217, -0.010889, -0.997172, -0.003554
0.072812, -0.010893, -0.997276, -0.003373
0.071955, -0.010919, -0.997339, -0.003012
0.070856, -0.010943, -0.997419, -0.002569
0.069913, -0.010972, -0.997487, -0.001846
0.068465, -0.010953, -0.997588, -0.001636
0.068682, -0.010944, -0.997573, -0.001304
0.067949, -0.010917, -0.997624, -0.001333
0.068925, -0.010916, -0.997557, -0.001044
0.068567, -0.010913, -0.997582, -0.000954
0.067941, -0.010940, -0.997625, -0.000305
0.067364, -0.010904, -0.997664, -0.000344
0.066751, -0.010859, -0.997706, -0.000483
0.066020, -0.010861, -0.997755, 0.000073
0.064898, -0.010812, -0.997829, -0.000174
0.064849, -0.010778, -0.997833, -0.000119
0.064493, -0.010744, -0.997856, -0.000303
0.064544, -0.010712, -0.997853, -0.000501
0.064802, -0.010692, -0.997836, -0.000397
0.063917, -0.010660, -0.997894, -0.000376
0.064088, -0.010615, -0.997883, -0.000171
0.063567, -0.010566, -0.997917, -0.000184
0.063716, -0.010515, -0.997908, -0.000415
0.064331, -0.010488, -0.997869, -0.000479
0.064278, -0.010469, -0.997873, -0.000528
0.064653, -0.010450, -0.997849, -0.000554
0.064696, -0.010424, -0.997846, -0.000397
0.065016, -0.010405, -0.997826, -0.000112
0.064696, -0.010409, -0.997846, 0.000461
0.063955, -0.010334, -0.997895, -0.000389
0.063966, -0.010353, -0.997894, 0.000186
0.064376, -0.010332, -0.997868, 0.000008
0.064590, -0.010302, -0.997854, -0.000296
0.065286, -0.010265, -0.997809, -0.000515
0.066381, -0.010269, -0.997737, 0.000107
0.067263, -0.010281, -0.997678, 0.000825
0.067467, -0.010218, -0.997665, 0.000195
0.067815, -0.010196, -0.997641, 0.000012
0.068019, -0.010171, -0.997628, -0.000278
0.068533, -0.010166, -0.997593, -0.000311
0.069188, -0.010139, -0.997548, -0.000495
0.069897, -0.010125, -0.997498, -0.000340
0.070265, -0.010098, -0.997473, -0.000460
0.070454, -0.010051, -0.997460, -0.000926
0.071089, -0.010024, -0.997415, -0.001207
0.071275, -0.010022, -0.997401, -0.001150
0.071511, -0.010011, -0.997385, -0.001140
0.071578, -0.009997, -0.997380, -0.001073
0.072348, -0.010001, -0.997325, -0.000752
0.072000, -0.009976, -0.997350, -0.000917
0.072130, -0.009959, -0.997341, -0.000925
0.072550, -0.009930, -0.997311, -0.000992
0.072750, -0.009900, -0.997296, -0.001065
0.073231, -0.009836, -0.997261, -0.001554
0.073006, -0.009802, -0.997278, -0.001495
0.072655, -0.009764, -0.997304, -0.001501
0.072217, -0.009722, -0.997336, -0.001450
0.070635, -0.009691, -0.997450, -0.001257
0.068812, -0.009654, -0.997578, -0.001225
0.066843, -0.009607, -0.997712, -0.001211
0.065982, -0.009567, -0.997770, -0.001090
0.065456, -0.009534, -0.997805, -0.001069
0.064140, -0.009506, -0.997891, -0.001179
0.064132, -0.009503, -0.997891, -0.000991
0.062363, -0.009498, -0.998004, -0.000914
0.061056, -0.009497, -0.998084, -0.000889
0.060245, -0.009496, -0.998134, -0.000929
0.059997, -0.009500, -0.998149, -0.000909
0.061032, -0.009502, -0.998086, -0.000904
0.060850, -0.009500, -0.998097, -0.000851
0.061014, -0.009496, -0.998087, -0.000830
0.060875, -0.009491, -0.998095, -0.000944
0.059909, -0.009497, -0.998154, -0.000896
0.060785, -0.009496, -0.998101, -0.000949
0.060537, -0.009505, -0.998116, -0.000849
0.061700, -0.009506, -0.998045, -0.000893
0.061754, -0.009542, -0.998041, -0.000849
0.061929, -0.009576, -0.998030, -0.000794
0.061043, -0.009592, -0.998084, -0.000911
0.059617, -0.009607, -0.998170, -0.000770
0.057199, -0.009629, -0.998312, -0.000640
0.054250, -0.009669, -0.998476, -0.000542
0.053482, -0.009687, -0.998517, -0.000592
0.052832, -0.009706, -0.998552, -0.000517
0.051564, -0.009720, -0.998618, -0.000330
0.050464, -0.009728, -0.998674, -0.000231
0.049383, -0.009733, -0.998728, -0.000184
0.050022, -0.009735, -0.998696, -0.000199
0.051301, -0.009733, -0.998631, -0.000277
0.053217, -0.009733, -0.998531, -0.000313
0.054546, -0.009726, -0.998459, -0.000475
0.055211, -0.009729, -0.998423, -0.000472
0.056290, -0.009726, -0.998363, -0.000567
0.057530, -0.009745, -0.998292, -0.000618
0.057803, -0.009759, -0.998275, -0.000983
0.057538, -0.009873, -0.998290, 0.000517
0.056771, -0.009906, -0.998333, 0.000796
0.056234, -0.009909, -0.998364, 0.000660
0.055938, -0.009909, -0.998381, 0.000603
0.055702, -0.009894, -0.998394, 0.000401
0.055939, -0.009897, -0.998381, 0.000264
0.056569, -0.009895, -0.998345, 0.000223
0.056365, -0.009919, -0.998356, 0.000636
0.056338, -0.009911, -0.998358, 0.000542
0.056834, -0.009894, -0.998330, 0.000419
0.057245, -0.009878, -0.998307, 0.000355
0.057804, -0.009869, -0.998275, 0.000279
0.058264, -0.009857, -0.998248, 0.000100
0.058452, -0.009846, -0.998237, -0.000010
0.058448, -0.009834, -0.998238, -0.000061
0.058577, -0.009814, -0.998230, -0.000162
0.058841, -0.009789, -0.998215, -0.000288
0.059789, -0.009750, -0.998159, -0.000418
0.060691, -0.009714, -0.998105, -0.000334
0.060727, -0.009666, -0.998103, -0.000449
0.060573, -0.009609, -0.998113, -0.000270
0.058891, -0.009633, -0.998213, 0.001361
0.059804, -0.009490, -0.998161, 0.000370
0.060411, -0.009454, -0.998124, 0.001066
0.061281, -0.009403, -0.998071, 0.001205
0.063767, -0.009241, -0.997917, -0.000549
0.063381, -0.009136, -0.997942, -0.001684
0.063642, -0.009047, -0.997925, -0.002185
0.062492, -0.009027, -0.997999, -0.001489
0.061325, -0.009016, -0.998073, -0.000654
0.060606, -0.008949, -0.998117, -0.000668
0.060572, -0.008797, -0.998118, -0.002238
0.059698, -0.008737, -0.998171, -0.002286
0.058802, -0.008631, -0.998222, -0.003333
0.058554, -0.008594, -0.998238, -0.003245
0.057512, -0.008574, -0.998300, -0.002601
0.057294, -0.008550, -0.998315, -0.001913
0.057725, -0.008504, -0.998290, -0.001745
0.056705, -0.008467, -0.998349, -0.001786
0.055727, -0.008445, -0.998405, -0.001703
0.055129, -0.008401, -0.998438, -0.001692
0.054103, -0.008337, -0.998495, -0.001794
0.053729, -0.008300, -0.998516, -0.001304
0.055956, -0.008204, -0.998393, -0.002050
0.056708, -0.008167, -0.998351, -0.001935
0.056192, -0.008138, -0.998381, -0.001809
0.055338, -0.008111, -0.998429, -0.001681
0.056282, -0.008067, -0.998376, -0.001819
0.056640, -0.008041, -0.998356, -0.001776
0.056920, -0.008018, -0.998341, -0.001662
0.057008, -0.007996, -0.998336, -0.001545
0.057696, -0.007974, -0.998297, -0.001356
0.058939, -0.007924, -0.998224, -0.001607
0.059724, -0.007897, -0.998178, -0.001585
0.059792, -0.007881, -0.998174, -0.001600
0.059825, -0.007872, -0.998172, -0.001633
0.060029, -0.007866, -0.998160, -0.001682
0.060338, -0.007859, -0.998141, -0.001588
0.060813, -0.007841, -0.998113, -0.001567
0.061296, -0.007822, -0.998084, -0.001454
0.061654, -0.007787, -0.998062, -0.001454
0.061509, -0.007761, -0.998071, -0.001431
0.060891, -0.007734, -0.998109, -0.001666
0.060100, -0.007697, -0.998157, -0.001660
0.060053, -0.007650, -0.998160, -0.001798
0.058938, -0.007645, -0.998227, -0.001264
0.060217, -0.007602, -0.998151, -0.001471
0.060485, -0.007567, -0.998135, -0.001580
0.060092, -0.007555, -0.998159, -0.001456
0.059332, -0.007540, -0.998205, -0.001270
0.058746, -0.007509, -0.998239, -0.001346
0.059095, -0.007479, -0.998219, -0.001416
0.058352, -0.007455, -0.998263, -0.001409
0.059557, -0.007428, -0.998192, -0.001436
0.059337, -0.007392, -0.998205, -0.001662
0.059536, -0.007388, -0.998193, -0.001487
0.059577, -0.007382, -0.998191, -0.001416
0.060114, -0.007367, -0.998159, -0.001378
0.060612, -0.007349, -0.998129, -0.001425
0.061234, -0.007336, -0.998091, -0.001486
0.061646, -0.007318, -0.998066, -0.001573
0.060367, -0.007344, -0.998145, -0.000712
0.060774, -0.007311, -0.998120, -0.000855
0.061849, -0.007284, -0.998054, -0.000911
0.057653, -0.007204, -0.998305, -0.001720
0.060239, -0.007174, -0.998152, -0.001781
0.060656, -0.007125, -0.998127, -0.001798
0.060852, -0.007080, -0.998116, -0.001812
0.059464, -0.007078, -0.998201, -0.001001
0.059421, -0.007094, -0.998203, 0.000269
0.060216, -0.007006, -0.998156, -0.000405
0.061267, -0.006919, -0.998092, -0.001286
0.061924, -0.006844, -0.998051, -0.001772
0.061761, -0.006802, -0.998062, -0.001688
0.062926, -0.006734, -0.997989, -0.001915
0.064471, -0.006671, -0.997891, -0.001970
0.065225, -0.006606, -0.997842, -0.002092
0.064809, -0.006549, -0.997869, -0.002247
0.064599, -0.006512, -0.997883, -0.002262
0.060902, -0.006409, -0.998114, -0.003070
0.060478, -0.006357, -0.998140, -0.003119
0.059433, -0.006300, -0.998203, -0.003234
0.060792, -0.006294, -0.998122, -0.002806
0.061543, -0.006270, -0.998077, -0.002716
0.060120, -0.006184, -0.998162, -0.003318
0.056237, -0.006086, -0.998386, -0.004027
0.049498, -0.005912, -0.998736, -0.005758
0.048384, -0.005876, -0.998792, -0.005449
0.047882, -0.005811, -0.998815, -0.005803
0.051167, -0.005866, -0.998658, -0.004529
0.049436, -0.005870, -0.998748, -0.003991
0.049882, -0.005907, -0.998729, -0.002944
0.050069, -0.005959, -0.998723, -0.001469
0.052322, -0.005986, -0.998608, -0.000380
0.053505, -0.005967, -0.998545, -0.000363
0.054648, -0.005934, -0.998483, -0.000589
0.053176, -0.005871, -0.998563, -0.001327
0.052195, -0.005815, -0.998614, -0.001964
0.049344, -0.005813, -0.998760, -0.001395
0.045065, -0.005868, -0.998962, 0.000651
0.045154, -0.005781, -0.998959, -0.000204
0.049253, -0.005693, -0.998765, -0.000782
0.052835, -0.005585, -0.998582, -0.001712
0.054094, -0.005533, -0.998515, -0.001532
0.055108, -0.005467, -0.998460, -0.001665
0.055887, -0.005425, -0.998417, -0.001579
0.056368, -0.005338, -0.998389, -0.002340
0.059303, -0.005393, -0.998221, -0.000869
0.060812, -0.005383, -0.998130, -0.000531
0.061843, -0.005351, -0.998067, -0.000633
0.062898, -0.005293, -0.998001, -0.001051
0.060954, -0.005175, -0.998120, -0.002287
0.061479, -0.005151, -0.998088, -0.002108
0.064460, -0.005129, -0.997901, -0.002071
0.066450, -0.005111, -0.997771, -0.001900
0.066283, -0.005066, -0.997781, -0.002151
0.066246, -0.005048, -0.997784, -0.002150
0.063365, -0.005007, -0.997971, -0.002405
0.062884, -0.005073, -0.998003, -0.000985
0.066058, -0.005003, -0.997797, -0.001941
0.067888, -0.004938, -0.997672, -0.002917
0.067001, -0.004945, -0.997733, -0.002694
0.065593, -0.004933, -0.997826, -0.002696
0.064474, -0.004918, -0.997899, -0.002638
0.064540, -0.004954, -0.997897, -0.001589
0.064158, -0.004987, -0.997923, -0.000285
0.065161, -0.004885, -0.997858, -0.001126
0.065431, -0.004811, -0.997840, -0.001635
0.064295, -0.004760, -0.997913, -0.001959
0.062618, -0.004722, -0.998020, -0.002015
0.059445, -0.004818, -0.998215, 0.000531
0.056597, -0.004815, -0.998380, 0.001789
0.055960, -0.004687, -0.998417, 0.000574
0.056111, -0.004606, -0.998410, 0.000094
0.055348, -0.004522, -0.998452, -0.000751
0.054115, -0.004422, -0.998518, -0.002152
0.052545, -0.004363, -0.998601, -0.002844
0.051189, -0.004332, -0.998671, -0.002864
0.050350, -0.004352, -0.998716, -0.001702
0.049174, -0.004268, -0.998774, -0.002270
0.048145, -0.004226, -0.998825, -0.002148
0.047975, -0.004229, -0.998835, -0.000770
0.047169, -0.004168, -0.998873, -0.001157
0.047307, -0.004096, -0.998866, -0.001853
0.047917, -0.004049, -0.998837, -0.002071
0.048326, -0.004029, -0.998818, -0.001460
0.049227, -0.003992, -0.998775, -0.000754
0.050382, -0.003892, -0.998717, -0.001535
0.051610, -0.003797, -0.998653, -0.002191
0.054131, -0.003710, -0.998519, -0.002551
0.056279, -0.003617, -0.998401, -0.002678
0.059025, -0.003542, -0.998243, -0.002340
0.060157, -0.003413, -0.998175, -0.002570
0.064350, -0.003317, -0.997915, -0.002074
0.068126, -0.003179, -0.997665, -0.002358
0.071564, -0.003022, -0.997422, -0.003192
0.075479, -0.002925, -0.997133, -0.003354
0.079700, -0.002837, -0.996805, -0.003336
0.085097, -0.002813, -0.996360, -0.002886
0.089407, -0.002677, -0.995978, -0.004249
0.093087, -0.002626, -0.995638, -0.004971
0.095436, -0.002650, -0.995416, -0.004905
0.096847, -0.002668, -0.995280, -0.004811
0.098656, -0.002643, -0.995102, -0.004830
0.088745, -0.002686, -0.996039, -0.003821
0.091460, -0.002714, -0.995794, -0.003559
0.092115, -0.002699, -0.995734, -0.003660
0.088798, -0.002981, -0.996041, -0.000168
0.090502, -0.002814, -0.995887, -0.001691
0.089433, -0.002773, -0.995983, -0.001962
0.089376, -0.002568, -0.995981, -0.004247
0.086817, -0.002544, -0.996207, -0.004412
0.082915, -0.002503, -0.996540, -0.004332
0.078949, -0.002520, -0.996866, -0.003197
0.075989, -0.002501, -0.997098, -0.002591
0.074579, -0.002393, -0.997203, -0.003147
0.074277, -0.002289, -0.997224, -0.003731
0.073788, -0.002223, -0.997259, -0.003911
0.074294, -0.002199, -0.997223, -0.003503
0.075186, -0.002112, -0.997156, -0.003837
0.075008, -0.002025, -0.997167, -0.004251
0.075290, -0.001967, -0.997146, -0.004435
0.075701, -0.001895, -0.997114, -0.004658
0.075141, -0.001846, -0.997155, -0.004883
0.075439, -0.001809, -0.997132, -0.005054
0.076238, -0.001804, -0.997073, -0.004695
0.076597, -0.001776, -0.997046, -0.004567
0.076701, -0.001745, -0.997038, -0.004595
0.076691, -0.001685, -0.997036, -0.005161
0.076935, -0.001665, -0.997016, -0.005306
0.077548, -0.001666, -0.996969, -0.005236
0.077763, -0.001663, -0.996953, -0.005041
0.077735, -0.001660, -0.996957, -0.004798
0.078075, -0.001664, -0.996931, -0.004674
0.078262, -0.001666, -0.996916, -0.004704
0.078328, -0.001672, -0.996911, -0.004654
0.078418, -0.001669, -0.996904, -0.004532
0.078996, -0.001660, -0.996860, -0.004391
0.079670, -0.001638, -0.996805, -0.004564
0.079679, -0.001628, -0.996804, -0.004710
0.079638, -0.001646, -0.996808, -0.004534
0.079535, -0.001641, -0.996816, -0.004568
0.079989, -0.001656, -0.996781, -0.004189
0.081279, -0.001659, -0.996677, -0.004125
0.081990, -0.001649, -0.996618, -0.004324
0.082145, -0.001638, -0.996604, -0.004549
0.080051, -0.001624, -0.996774, -0.004806
0.083028, -0.001632, -0.996528, -0.005159
0.083549, -0.001663, -0.996485, -0.005133
0.083513, -0.001690, -0.996488, -0.005016
0.081669, -0.001692, -0.996642, -0.004957
0.079753, -0.001700, -0.996797, -0.004846
0.078507, -0.001713, -0.996897, -0.004732
0.077521, -0.001729, -0.996975, -0.004461
0.076522, -0.001729, -0.997054, -0.004095
0.075533, -0.001706, -0.997130, -0.003843
0.075177, -0.001619, -0.997154, -0.004623
0.076832, -0.001637, -0.997028, -0.004474
0.080105, -0.001682, -0.996771, -0.004379
0.080453, -0.001719, -0.996743, -0.004310
0.079956, -0.001738, -0.996784, -0.004148
0.079476, -0.001737, -0.996822, -0.004165
0.078649, -0.001733, -0.996888, -0.004161
0.077757, -0.001730, -0.996958, -0.004176
0.077546, -0.001733, -0.996974, -0.004249
0.077348, -0.001742, -0.996989, -0.004311
0.077139, -0.001756, -0.997005, -0.004265
0.076655, -0.001770, -0.997043, -0.004110
0.075992, -0.001769, -0.997094, -0.004115
0.075908, -0.001773, -0.997100, -0.004099
0.075761, -0.001771, -0.997112, -0.004125
0.075265, -0.001743, -0.997149, -0.004124
0.071838, -0.002023, -0.997410, 0.000491
0.072652, -0.001935, -0.997351, 0.000015
0.074326, -0.001843, -0.997228, -0.000548
0.074871, -0.001832, -0.997187, -0.000098
0.076202, -0.001694, -0.997085, -0.001615
0.076918, -0.001723, -0.997031, -0.000974
0.079393, -0.001572, -0.996834, -0.002601
0.080679, -0.001532, -0.996731, -0.002764
0.080231, -0.001590, -0.996769, -0.001688
0.081473, -0.001405, -0.996662, -0.004005
0.081759, -0.001352, -0.996636, -0.004684
0.081985, -0.001359, -0.996618, -0.004536
0.082115, -0.001357, -0.996608, -0.004470
0.081763, -0.001345, -0.996636, -0.004545
0.081158, -0.001350, -0.996686, -0.004477
0.072692, -0.001419, -0.997344, -0.003151
0.074833, -0.001406, -0.997185, -0.003548
0.075543, -0.001414, -0.997131, -0.003661
0.076319, -0.001453, -0.997073, -0.003333
0.076906, -0.001457, -0.997027, -0.003394
0.067355, -0.001012, -0.997683, -0.009078
0.069524, -0.001197, -0.997549, -0.007263
0.070380, -0.001286, -0.997492, -0.006802
0.069355, -0.001290, -0.997562, -0.007092
0.068449, -0.001415, -0.997635, -0.005410
0.065902, -0.001504, -0.997812, -0.004076
0.063623, -0.001512, -0.997960, -0.004060
0.062209, -0.001534, -0.998050, -0.003932
0.060941, -0.001540, -0.998127, -0.004087
0.059433, -0.001568, -0.998220, -0.003796
0.058043, -0.001593, -0.998302, -0.003493
0.056481, -0.001629, -0.998393, -0.003025
0.055126, -0.001666, -0.998470, -0.002617
0.053802, -0.001655, -0.998542, -0.002871
0.053048, -0.001667, -0.998583, -0.002677
0.051690, -0.001647, -0.998653, -0.002840
0.048961, -0.001550, -0.998785, -0.004564
0.048961, -0.001588, -0.998787, -0.003906
0.049678, -0.001622, -0.998754, -0.003335
0.049739, -0.001628, -0.998751, -0.003300
0.048868, -0.001624, -0.998794, -0.003363
0.048263, -0.001623, -0.998823, -0.003399
0.048214, -0.001623, -0.998825, -0.003508
0.048652, -0.001629, -0.998804, -0.003541
0.048386, -0.001633, -0.998817, -0.003530
0.047678, -0.001635, -0.998851, -0.003500
0.047157, -0.001638, -0.998875, -0.003573
0.047320, -0.001647, -0.998867, -0.003654
0.047430, -0.001654, -0.998862, -0.003780
0.046994, -0.001658, -0.998882, -0.003809
0.046312, -0.001663, -0.998914, -0.003697
0.045921, -0.001663, -0.998932, -0.003699
0.045839, -0.001665, -0.998936, -0.003720
0.045693, -0.001670, -0.998943, -0.003679
0.045352, -0.001669, -0.998958, -0.003742
0.044778, -0.001674, -0.998984, -0.003717
0.044634, -0.001676, -0.998991, -0.003717
0.045174, -0.001679, -0.998966, -0.003736
0.045026, -0.001682, -0.998973, -0.003713
0.044136, -0.001685, -0.999013, -0.003633
0.043371, -0.001685, -0.999047, -0.003625
0.043150, -0.001685, -0.999056, -0.003677
0.042927, -0.001684, -0.999066, -0.003720
0.042738, -0.001685, -0.999074, -0.003736
0.042059, -0.001687, -0.999103, -0.003692
0.040972, -0.001686, -0.999148, -0.003692
0.040908, -0.001686, -0.999150, -0.003674
0.041385, -0.001688, -0.999131, -0.003641
0.041547, -0.001691, -0.999124, -0.003633
0.040662, -0.001689, -0.999160, -0.003663
0.039707, -0.001692, -0.999199, -0.003576
0.039342, -0.001692, -0.999214, -0.003596
0.039569, -0.001684, -0.999204, -0.003670
0.039282, -0.001674, -0.999216, -0.003654
0.038989, -0.001675, -0.999227, -0.003603
0.038303, -0.001673, -0.999254, -0.003655
0.037284, -0.001675, -0.999292, -0.003700
0.036930, -0.001676, -0.999305, -0.003698
0.037183, -0.001679, -0.999296, -0.003718
0.037070, -0.001686, -0.999300, -0.003618
0.036371, -0.001696, -0.999326, -0.003591
0.036000, -0.001704, -0.999340, -0.003531
0.036174, -0.001711, -0.999334, -0.003461
0.035947, -0.001713, -0.999342, -0.003422
0.035311, -0.001711, -0.999364, -0.003485
0.034905, -0.001710, -0.999379, -0.003557
0.034837, -0.001713, -0.999381, -0.003520
0.034967, -0.001715, -0.999376, -0.003549
0.034735, -0.001711, -0.999385, -0.003456
0.034633, -0.001701, -0.999388, -0.003490
0.034717, -0.001699, -0.999385, -0.003561
0.035039, -0.001705, -0.999374, -0.003506
0.034917, -0.001691, -0.999376, -0.004071
0.035290, -0.001757, -0.999369, -0.002341
0.035372, -0.001780, -0.999366, -0.001959
0.035495, -0.001782, -0.999362, -0.002180
0.034896, -0.001779, -0.999382, -0.002402
0.034706, -0.001774, -0.999388, -0.002608
0.034682, -0.001771, -0.999389, -0.002762
0.034591, -0.001766, -0.999391, -0.002968
0.034470, -0.001763, -0.999395, -0.003084
0.034461, -0.001762, -0.999395, -0.003181
0.034653, -0.001764, -0.999388, -0.003224
0.034877, -0.001765, -0.999380, -0.003280
0.034951, -0.001766, -0.999377, -0.003347
0.034719, -0.001765, -0.999385, -0.003422
0.034678, -0.001766, -0.999387, -0.003485
0.034803, -0.001771, -0.999382, -0.003461
0.034843, -0.001774, -0.999381, -0.003537
0.034768, -0.001780, -0.999384, -0.003469
0.034749, -0.001783, -0.999384, -0.003524
0.034918, -0.001790, -0.999378, -0.003571
0.035207, -0.001798, -0.999368, -0.003515
0.035210, -0.001798, -0.999368, -0.003583
0.035103, -0.001800, -0.999371, -0.003601
0.034796, -0.001803, -0.999382, -0.003576
0.035051, -0.001811, -0.999373, -0.003577
0.035461, -0.001816, -0.999359, -0.003596
0.035628, -0.001819, -0.999353, -0.003593
0.035538, -0.001820, -0.999356, -0.003610
0.035336, -0.001822, -0.999363, -0.003624
0.035565, -0.001823, -0.999355, -0.003675
0.035595, -0.001827, -0.999354, -0.003642
0.035553, -0.001827, -0.999355, -0.003709
0.035693, -0.001832, -0.999350, -0.003650
0.035530, -0.001836, -0.999356, -0.003579
0.035376, -0.001839, -0.999362, -0.003579
0.035159, -0.001839, -0.999369, -0.003617
0.035273, -0.001843, -0.999365, -0.003593
0.035466, -0.001846, -0.999358, -0.003630
0.035276, -0.001851, -0.999365, -0.003660
0.035052, -0.001857, -0.999373, -0.003685
0.034611, -0.001863, -0.999388, -0.003649
0.034254, -0.001868, -0.999401, -0.003578
0.034635, -0.001870, -0.999387, -0.003636
0.035007, -0.001874, -0.999374, -0.003628
0.034882, -0.001877, -0.999379, -0.003601
0.034433, -0.001878, -0.999394, -0.003597
0.034377, -0.001878, -0.999396, -0.003690
0.034668, -0.001883, -0.999386, -0.003634
0.034796, -0.001886, -0.999382, -0.003626
0.034596, -0.001890, -0.999389, -0.003580
0.034360, -0.001891, -0.999397, -0.003598
0.034221, -0.001894, -0.999402, -0.003575
0.034358, -0.001902, -0.999397, -0.003557
0.034269, -0.001906, -0.999400, -0.003540
0.034470, -0.001910, -0.999393, -0.003546
0.034638, -0.001914, -0.999388, -0.003497
0.034630, -0.001916, -0.999388, -0.003510
0.034573, -0.001919, -0.999390, -0.003520
0.034775, -0.001921, -0.999383, -0.003531
0.035111, -0.001926, -0.999371, -0.003500
0.035202, -0.001930, -0.999368, -0.003436
0.035149, -0.001929, -0.999370, -0.003537
0.035313, -0.001932, -0.999364, -0.003544
0.035355, -0.001932, -0.999362, -0.003628
0.035299, -0.001934, -0.999364, -0.003640
0.035168, -0.001935, -0.999368, -0.003670
0.035074, -0.001940, -0.999372, -0.003578
0.034977, -0.001943, -0.999375, -0.003578
0.035149, -0.001945, -0.999369, -0.003598
0.035401, -0.001949, -0.999360, -0.003655
0.035547, -0.001953, -0.999355, -0.003722
0.035317, -0.001957, -0.999363, -0.003738
0.035102, -0.001963, -0.999371, -0.003674
0.035160, -0.001965, -0.999369, -0.003698
0.035476, -0.001969, -0.999357, -0.003681
0.035474, -0.001973, -0.999358, -0.003665
0.035194, -0.001978, -0.999368, -0.003632
0.034863, -0.001980, -0.999379, -0.003642
0.034950, -0.001982, -0.999376, -0.003652
0.035171, -0.001983, -0.999368, -0.003719
0.035042, -0.001987, -0.999373, -0.003658
0.034738, -0.001991, -0.999384, -0.003607
0.034586, -0.001994, -0.999389, -0.003565
0.034742, -0.001996, -0.999384, -0.003587
0.034740, -0.002000, -0.999384, -0.003567
0.034540, -0.002001, -0.999391, -0.003588
0.034375, -0.002003, -0.999396, -0.003568
0.034272, -0.002007, -0.999400, -0.003531
0.034448, -0.002007, -0.999394, -0.003598
0.034492, -0.002011, -0.999392, -0.003557
0.034318, -0.002015, -0.999398, -0.003522
0.034262, -0.002017, -0.999400, -0.003512
0.034316, -0.002018, -0.999398, -0.003543
0.034323, -0.002018, -0.999398, -0.003622
0.034270, -0.002021, -0.999400, -0.003596
0.034283, -0.002028, -0.999400, -0.003517
0.034061, -0.002034, -0.999407, -0.003430
0.034264, -0.002036, -0.999400, -0.003436
0.034612, -0.002038, -0.999388, -0.003480
0.034610, -0.002041, -0.999388, -0.003477
0.034609, -0.002044, -0.999389, -0.003455
0.034521, -0.002046, -0.999392, -0.003456
0.034477, -0.002047, -0.999393, -0.003496
0.034531, -0.002050, -0.999391, -0.003471
0.034491, -0.002052, -0.999393, -0.003489
0.034584, -0.002054, -0.999389, -0.003485
0.034429, -0.002054, -0.999394, -0.003559
0.034178, -0.002057, -0.999403, -0.003504
0.034401, -0.002060, -0.999396, -0.003420
0.034552, -0.002060, -0.999390, -0.003447
0.034462, -0.002062, -0.999394, -0.003449
0.034401, -0.002063, -0.999396, -0.003471
0.034255, -0.002062, -0.999400, -0.003547
0.034410, -0.002063, -0.999395, -0.003570
0.034751, -0.002059, -0.999383, -0.003611
0.034157, -0.002031, -0.999400, -0.004378
