0.259614, -0.706744, 0.311514, 0.579710
0.259635, -0.706708, 0.311497, 0.579753
0.259613, -0.706693, 0.311517, 0.579772
0.259570, -0.706700, 0.311554, 0.579762
0.259547, -0.706708, 0.311574, 0.579752
0.259530, -0.706649, 0.311589, 0.579823
0.259526, -0.706670, 0.311594, 0.579796
0.259445, -0.706622, 0.311662, 0.579855
0.259424, -0.706646, 0.311681, 0.579825
0.259480, -0.706703, 0.311636, 0.579755
0.259507, -0.706735, 0.311614, 0.579715
0.259562, -0.706756, 0.311570, 0.579689
0.259526, -0.706752, 0.311601, 0.579693
0.259550, -0.706770, 0.311583, 0.579671
0.259584, -0.706755, 0.311555, 0.579688
0.259636, -0.706764, 0.311514, 0.579676
0.259653, -0.706729, 0.311501, 0.579718
0.259667, -0.706729, 0.311491, 0.579717
0.259597, -0.706730, 0.311549, 0.579716
0.259539, -0.706737, 0.311598, 0.579707
0.259528, -0.706697, 0.311609, 0.579755
0.259604, -0.706687, 0.311548, 0.579766
0.259605, -0.706618, 0.311549, 0.579849
0.259637, -0.706619, 0.311524, 0.579846
0.259567, -0.706649, 0.311582, 0.579810
0.259575, -0.706697, 0.311577, 0.579751
0.259544, -0.706692, 0.311604, 0.579757
0.259585, -0.706707, 0.311571, 0.579738
0.259610, -0.706682, 0.311552, 0.579767
0.259639, -0.706677, 0.311529, 0.579772
0.259641, -0.706742, 0.311528, 0.579693
0.259649, -0.706697, 0.311523, 0.579746
0.259703, -0.706631, 0.311480, 0.579826
0.259619, -0.706575, 0.311551, 0.579894
0.259620, -0.706608, 0.311552, 0.579852
0.259575, -0.706662, 0.311591, 0.579786
0.259563, -0.706628, 0.311603, 0.579827
0.259530, -0.706551, 0.311632, 0.579920
0.259569, -0.706455, 0.311602, 0.580035
0.259642, -0.706451, 0.311543, 0.580040
0.259642, -0.706498, 0.311545, 0.579981
0.259716, -0.706385, 0.311506, 0.580106
0.259563, -0.706501, 0.311641, 0.579961
0.259580, -0.706365, 0.311633, 0.580123
0.259595, -0.706241, 0.311623, 0.580273
0.259613, -0.706187, 0.311610, 0.580337
0.259644, -0.706199, 0.311585, 0.580322
0.259642, -0.706235, 0.311588, 0.580278
0.259655, -0.706294, 0.311577, 0.580206
0.259645, -0.706325, 0.311586, 0.580167
0.259726, -0.706368, 0.311521, 0.580114
0.259696, -0.706406, 0.311546, 0.580068
0.259691, -0.706400, 0.311552, 0.580075
0.259697, -0.706496, 0.311548, 0.579957
0.259641, -0.706457, 0.311595, 0.580004
0.259666, -0.706433, 0.311575, 0.580034
0.259704, -0.706409, 0.311545, 0.580061
0.259726, -0.706500, 0.311527, 0.579950
0.259723, -0.706498, 0.311530, 0.579952
0.259713, -0.706509, 0.311539, 0.579938
0.259693, -0.706542, 0.311558, 0.579898
0.259610, -0.706389, 0.311629, 0.580083
0.259587, -0.706443, 0.311648, 0.580017
0.259420, -0.706342, 0.311788, 0.580140
0.259399, -0.706200, 0.311808, 0.580312
0.259551, -0.706420, 0.311683, 0.580042
0.259614, -0.706662, 0.311632, 0.579747
0.259649, -0.706710, 0.311605, 0.579687
0.259615, -0.706695, 0.311635, 0.579704
0.259536, -0.706595, 0.311702, 0.579826
0.259615, -0.706508, 0.311639, 0.579930
0.259662, -0.706507, 0.311602, 0.579930
0.259644, -0.706551, 0.311618, 0.579876
0.259632, -0.706553, 0.311629, 0.579873
0.259596, -0.706513, 0.311661, 0.579921
0.259620, -0.706496, 0.311642, 0.579942
0.259643, -0.706479, 0.311624, 0.579960
0.259653, -0.706425, 0.311617, 0.580026
0.259728, -0.706374, 0.311557, 0.580087
0.259735, -0.706315, 0.311553, 0.580158
0.259721, -0.706361, 0.311565, 0.580101
0.259709, -0.706461, 0.311575, 0.579980
0.259722, -0.706473, 0.311566, 0.579964
0.259781, -0.706450, 0.311518, 0.579992
0.259774, -0.706420, 0.311526, 0.580027
0.259727, -0.706471, 0.311565, 0.579965
0.259645, -0.706533, 0.311634, 0.579889
0.259639, -0.706555, 0.311639, 0.579862
0.259667, -0.706544, 0.311617, 0.579874
0.259616, -0.706555, 0.311660, 0.579861
0.259622, -0.706532, 0.311656, 0.579888
0.259621, -0.706525, 0.311658, 0.579896
0.259548, -0.706623, 0.311718, 0.579778
0.259551, -0.706730, 0.311717, 0.579646
0.259593, -0.706725, 0.311684, 0.579651
0.259611, -0.706692, 0.311671, 0.579690
0.259645, -0.706657, 0.311645, 0.579732
0.259780, -0.706618, 0.311541, 0.579775
0.259720, -0.706784, 0.311594, 0.579571
0.259633, -0.706873, 0.311666, 0.579463
0.259622, -0.706798, 0.311678, 0.579552
0.259652, -0.706726, 0.311658, 0.579637
0.259677, -0.706668, 0.311644, 0.579705
0.259719, -0.706614, 0.311624, 0.579762
0.259769, -0.706794, 0.311588, 0.579539
0.259809, -0.706847, 0.311562, 0.579472
0.259705, -0.706937, 0.311649, 0.579361
0.259603, -0.706974, 0.311734, 0.579317
0.259554, -0.706941, 0.311782, 0.579353
0.259500, -0.706716, 0.311836, 0.579621
0.259556, -0.706744, 0.311798, 0.579584
0.259384, -0.706599, 0.311949, 0.579756
0.259467, -0.706649, 0.311886, 0.579692
0.259499, -0.706861, 0.311862, 0.579432
0.259516, -0.706874, 0.311851, 0.579415
0.259549, -0.706829, 0.311837, 0.579461
0.259587, -0.706683, 0.311817, 0.579634
0.259716, -0.706611, 0.311718, 0.579717
0.259753, -0.706630, 0.311693, 0.579692
0.259796, -0.706723, 0.311673, 0.579569
0.259931, -0.706700, 0.311583, 0.579584
0.260046, -0.706933, 0.311506, 0.579290
0.259960, -0.706859, 0.311611, 0.579362
0.259416, -0.707038, 0.312068, 0.579142
0.260031, -0.706504, 0.311567, 0.579788
0.260063, -0.706380, 0.311543, 0.579937
0.260076, -0.706327, 0.311534, 0.580001
0.259983, -0.706442, 0.311609, 0.579862
0.260061, -0.706218, 0.311534, 0.580140
0.263244, -0.703367, 0.308906, 0.583563
0.263784, -0.702779, 0.308464, 0.584261
0.261773, -0.704153, 0.310134, 0.582625
0.260098, -0.703941, 0.311530, 0.582886
0.259340, -0.704459, 0.312159, 0.582261
0.259155, -0.703900, 0.312320, 0.582933
0.262573, -0.702363, 0.309560, 0.584727
0.265355, -0.700950, 0.307316, 0.586348
0.265773, -0.699037, 0.307059, 0.588573
0.263482, -0.696646, 0.309161, 0.591331
0.261405, -0.694621, 0.310963, 0.593685
0.262952, -0.704235, 0.309667, 0.582244
0.258293, -0.691054, 0.313737, 0.597737
0.265593, -0.695743, 0.307606, 0.592260
0.269076, -0.701145, 0.304592, 0.585840
0.269581, -0.701002, 0.304156, 0.586005
0.267713, -0.699398, 0.305791, 0.587924
0.269203, -0.695769, 0.304639, 0.592134
0.270694, -0.695694, 0.303405, 0.592175
0.271181, -0.694553, 0.302987, 0.593504
0.270840, -0.694569, 0.303255, 0.593504
0.269612, -0.693878, 0.304226, 0.594374
0.269563, -0.692461, 0.304224, 0.596047
0.266583, -0.687511, 0.306804, 0.601768
0.269426, -0.688661, 0.304207, 0.600503
0.271870, -0.691556, 0.301886, 0.597239
0.269734, -0.689614, 0.303699, 0.599528
0.269113, -0.690498, 0.304285, 0.598492
0.269150, -0.687485, 0.304341, 0.601906
0.270825, -0.687487, 0.302913, 0.601873
0.272699, -0.688718, 0.301230, 0.600462
0.272442, -0.689135, 0.301384, 0.600023
0.271847, -0.689299, 0.301818, 0.599886
0.272537, -0.690557, 0.301176, 0.598447
0.272833, -0.690363, 0.300914, 0.598668
0.272197, -0.690366, 0.301374, 0.598723
0.274666, -0.693767, 0.298946, 0.594868
0.273116, -0.692953, 0.300153, 0.595922
0.270955, -0.690533, 0.301986, 0.598785
0.270609, -0.689662, 0.302198, 0.599837
0.268550, -0.687026, 0.303998, 0.602870
0.269102, -0.687628, 0.303486, 0.602195
0.268601, -0.686404, 0.303890, 0.603611
0.269764, -0.688192, 0.302826, 0.601587
0.270513, -0.689065, 0.302170, 0.600581
0.271442, -0.688933, 0.301379, 0.600710
0.272401, -0.689044, 0.300584, 0.600547
0.272672, -0.689555, 0.300382, 0.599938
0.273685, -0.690195, 0.299507, 0.599178
0.275033, -0.689759, 0.298361, 0.599634
0.275965, -0.689396, 0.297572, 0.600015
0.276000, -0.688580, 0.297582, 0.600931
0.276025, -0.687332, 0.297593, 0.602341
0.276164, -0.686350, 0.297482, 0.603451
0.275996, -0.685281, 0.297649, 0.604659
0.275681, -0.684153, 0.297964, 0.605924
0.275279, -0.682992, 0.298363, 0.607219
0.274765, -0.682351, 0.298852, 0.607931
0.274354, -0.682143, 0.299233, 0.608163
0.274250, -0.681972, 0.299331, 0.608353
0.273886, -0.681960, 0.299670, 0.608363
0.273645, -0.681870, 0.299917, 0.608450
0.273019, -0.682602, 0.300486, 0.607630
0.272437, -0.683445, 0.301002, 0.606688
0.272119, -0.683852, 0.301282, 0.606233
0.271854, -0.684052, 0.301518, 0.606008
0.271847, -0.683792, 0.301529, 0.606300
0.271758, -0.683843, 0.301611, 0.606241
0.271780, -0.683622, 0.301596, 0.606489
0.271754, -0.683657, 0.301627, 0.606444
0.271560, -0.684024, 0.301800, 0.606031
0.271070, -0.684637, 0.302234, 0.605343
0.270478, -0.685731, 0.302753, 0.604108
0.270119, -0.686215, 0.303069, 0.603561
0.270349, -0.685724, 0.302870, 0.604114
0.270596, -0.685268, 0.302657, 0.604629
0.270563, -0.685364, 0.302687, 0.604519
0.270316, -0.685812, 0.302896, 0.604018
0.270202, -0.685964, 0.302987, 0.603849
0.270388, -0.685569, 0.302820, 0.604298
0.270677, -0.684947, 0.302566, 0.605001
0.270883, -0.684461, 0.302383, 0.605550
0.271086, -0.684086, 0.302203, 0.605973
0.271289, -0.683677, 0.302024, 0.606433
0.271617, -0.682984, 0.301732, 0.607212
0.271866, -0.682483, 0.301505, 0.607776
0.271934, -0.682245, 0.301434, 0.608047
0.271929, -0.682264, 0.301428, 0.608032
0.271918, -0.682297, 0.301434, 0.607997
0.272147, -0.681719, 0.301228, 0.608644
0.272404, -0.681284, 0.300991, 0.609134
0.272605, -0.680855, 0.300800, 0.609617
0.272777, -0.680460, 0.300644, 0.610058
0.272840, -0.680294, 0.300584, 0.610245
0.272817, -0.680298, 0.300592, 0.610247
0.272854, -0.680309, 0.300539, 0.610244
0.273039, -0.679969, 0.300352, 0.610632
0.273273, -0.679595, 0.300092, 0.611071
0.274448, -0.678740, 0.298998, 0.612032
0.273289, -0.678625, 0.300030, 0.612172
0.273085, -0.678361, 0.300154, 0.612495
0.275606, -0.677920, 0.297807, 0.612999
0.276472, -0.677538, 0.296974, 0.613436
0.275654, -0.677644, 0.297620, 0.613373
0.277695, -0.677294, 0.295673, 0.613781
0.276449, -0.676957, 0.296730, 0.614205
0.277260, -0.677221, 0.295953, 0.613923
0.275534, -0.677120, 0.297461, 0.614083
0.280411, -0.677621, 0.292812, 0.613557
0.278677, -0.677333, 0.294205, 0.613998
0.276926, -0.676434, 0.295627, 0.615098
0.277146, -0.676314, 0.295291, 0.615292
0.275252, -0.675797, 0.296936, 0.615919
0.276674, -0.675267, 0.295503, 0.616551
0.275682, -0.674129, 0.296262, 0.617875
0.275512, -0.674031, 0.296238, 0.618070
0.275024, -0.674067, 0.296537, 0.618104
0.275933, -0.675312, 0.295572, 0.616801
0.275202, -0.674920, 0.296165, 0.617272
0.274627, -0.674978, 0.296611, 0.617250
0.274350, -0.674881, 0.296780, 0.617398
0.274278, -0.674692, 0.296702, 0.617675
0.274336, -0.674883, 0.296540, 0.617518
0.273787, -0.675681, 0.296875, 0.616727
0.273572, -0.674702, 0.296938, 0.617864
0.273649, -0.674305, 0.296733, 0.618361
0.273903, -0.673467, 0.296381, 0.619329
0.276175, -0.672846, 0.294153, 0.620057
0.276607, -0.672662, 0.293639, 0.620308
0.275626, -0.671868, 0.294451, 0.621219
0.276340, -0.671889, 0.293690, 0.621240
0.276946, -0.671594, 0.293032, 0.621600
0.276454, -0.670784, 0.293382, 0.622527
0.276985, -0.670328, 0.292803, 0.623055
0.278326, -0.670453, 0.291446, 0.622960
0.278925, -0.670241, 0.290812, 0.623215
0.278873, -0.669967, 0.290777, 0.623550
0.278242, -0.668386, 0.291232, 0.625313
0.278025, -0.667057, 0.291297, 0.626797
0.277954, -0.666441, 0.291226, 0.627516
0.279039, -0.666308, 0.290096, 0.627700
0.280117, -0.666338, 0.288927, 0.627726
0.279861, -0.665771, 0.288969, 0.628422
0.278338, -0.664882, 0.290212, 0.629466
0.279478, -0.664754, 0.288955, 0.629675
0.278236, -0.664645, 0.290026, 0.629848
0.279824, -0.665068, 0.288400, 0.629445
0.279632, -0.666021, 0.288400, 0.628521
0.279295, -0.665550, 0.288523, 0.629113
0.280005, -0.666742, 0.287603, 0.627955
0.279130, -0.666814, 0.288249, 0.627972
0.277923, -0.666180, 0.289264, 0.628714
0.275807, -0.666794, 0.291166, 0.628117
0.277079, -0.667723, 0.289822, 0.627190
0.276396, -0.669186, 0.290300, 0.625710
0.276088, -0.669425, 0.290417, 0.625535
0.274919, -0.670007, 0.291371, 0.624984
0.273593, -0.671530, 0.292471, 0.623416
0.272557, -0.671652, 0.293326, 0.623336
0.271510, -0.672088, 0.294199, 0.622911
0.271410, -0.672358, 0.294187, 0.622668
0.271453, -0.672861, 0.294038, 0.622177
0.272081, -0.672859, 0.293376, 0.622218
0.272506, -0.673195, 0.292905, 0.621890
0.272213, -0.673025, 0.293110, 0.622105
0.273154, -0.672335, 0.292157, 0.622887
0.273844, -0.671091, 0.291463, 0.624249
0.274218, -0.670133, 0.291079, 0.625293
0.274494, -0.669317, 0.290773, 0.626187
0.276122, -0.667848, 0.289163, 0.627783
0.277494, -0.666406, 0.287784, 0.629342
0.277150, -0.665465, 0.288064, 0.630361
0.277428, -0.664586, 0.287762, 0.631303
0.278196, -0.663244, 0.286977, 0.632732
0.278601, -0.662257, 0.286530, 0.633790
0.279064, -0.661054, 0.286061, 0.635053
0.279476, -0.660089, 0.285650, 0.636059
0.279845, -0.659461, 0.285293, 0.636708
0.280201, -0.658763, 0.284937, 0.637433
0.280592, -0.658202, 0.284506, 0.638033
0.284304, -0.657668, 0.280834, 0.638566
0.283196, -0.657153, 0.281889, 0.639125
0.282491, -0.656616, 0.282558, 0.639693
0.282437, -0.656066, 0.282587, 0.640267
0.282337, -0.655437, 0.282680, 0.640915
0.282312, -0.654816, 0.282701, 0.641551
0.282797, -0.654217, 0.282240, 0.642151
0.282798, -0.653627, 0.282234, 0.642754
0.283605, -0.652108, 0.281450, 0.644283
0.283336, -0.652539, 0.281724, 0.643845
0.283766, -0.651971, 0.281297, 0.644418
0.289433, -0.651265, 0.275582, 0.645081
0.295666, -0.651767, 0.269221, 0.644432
0.292767, -0.650230, 0.272160, 0.646072
0.286096, -0.648095, 0.278902, 0.648326
0.288342, -0.647440, 0.276647, 0.648951
0.288550, -0.646448, 0.276444, 0.649934
0.291043, -0.645463, 0.273915, 0.650872
0.289020, -0.645213, 0.275966, 0.651154
0.288310, -0.644915, 0.276665, 0.651468
0.290581, -0.644680, 0.274317, 0.651684
0.293678, -0.644633, 0.271111, 0.651683
0.293830, -0.643221, 0.270957, 0.653073
0.287916, -0.640361, 0.277031, 0.655963
0.287575, -0.639693, 0.277347, 0.656630
0.287654, -0.639829, 0.277214, 0.656519
0.291111, -0.639063, 0.273600, 0.657258
0.287932, -0.638908, 0.276850, 0.657447
0.287625, -0.637288, 0.277149, 0.659027
0.288175, -0.635137, 0.276556, 0.661108
0.290646, -0.633912, 0.273951, 0.662286
0.288862, -0.636112, 0.275767, 0.660200
0.290788, -0.637261, 0.273710, 0.659101
0.291701, -0.636321, 0.272688, 0.660029
0.289837, -0.636711, 0.274530, 0.659711
0.288920, -0.636588, 0.275392, 0.659873
0.290509, -0.637437, 0.273646, 0.659081
0.289985, -0.636747, 0.274133, 0.659776
0.289443, -0.635231, 0.274656, 0.661256
0.288989, -0.633907, 0.275084, 0.662546
0.288671, -0.633379, 0.275378, 0.663068
0.288608, -0.632914, 0.275427, 0.663518
0.289054, -0.632437, 0.274934, 0.663983
0.289549, -0.631912, 0.274350, 0.664509
0.290069, -0.631611, 0.273721, 0.664827
0.290557, -0.631027, 0.273112, 0.665420
0.291725, -0.631252, 0.271787, 0.665238
0.292448, -0.631213, 0.270935, 0.665305
0.293751, -0.631699, 0.269489, 0.664856
0.294062, -0.631818, 0.269108, 0.664760
0.294706, -0.631482, 0.268389, 0.665085
0.294118, -0.630464, 0.268987, 0.666068
0.292678, -0.629166, 0.270498, 0.667317
0.292058, -0.628887, 0.271132, 0.667594
0.291617, -0.628650, 0.271595, 0.667822
0.290754, -0.627898, 0.272518, 0.668530
0.290867, -0.627556, 0.272402, 0.668848
0.291165, -0.627334, 0.272088, 0.669055
0.291339, -0.627440, 0.271906, 0.668954
0.291447, -0.627622, 0.271792, 0.668782
0.291669, -0.627417, 0.271559, 0.668972
0.291787, -0.627558, 0.271437, 0.668838
0.291536, -0.628386, 0.271805, 0.668020
0.291628, -0.628719, 0.271813, 0.667663
0.292875, -0.626376, 0.270577, 0.669818
0.293853, -0.624328, 0.269584, 0.671699
0.294914, -0.621455, 0.268460, 0.674344
0.295530, -0.619867, 0.267799, 0.675797
0.296088, -0.618608, 0.267198, 0.676944
0.296560, -0.617287, 0.266689, 0.678143
0.296862, -0.616557, 0.266363, 0.678802
0.297023, -0.616048, 0.266203, 0.679257
0.297179, -0.615727, 0.266060, 0.679535
0.297219, -0.615366, 0.266042, 0.679852
0.297480, -0.614756, 0.265762, 0.680399
0.297875, -0.613867, 0.265331, 0.681196
0.297904, -0.613818, 0.265302, 0.681239
0.298139, -0.613306, 0.265046, 0.681697
0.298343, -0.612829, 0.264824, 0.682123
0.298430, -0.612573, 0.264732, 0.682350
0.298875, -0.611440, 0.264243, 0.683360
0.299199, -0.610364, 0.263888, 0.684317
0.299380, -0.609763, 0.263689, 0.684850
0.299738, -0.608759, 0.263321, 0.685728
0.299688, -0.608786, 0.263403, 0.685695
0.300046, -0.607906, 0.263014, 0.686467
0.300546, -0.606786, 0.262456, 0.687452
0.300789, -0.606237, 0.262191, 0.687932
0.300926, -0.606284, 0.262035, 0.687890
0.300345, -0.605791, 0.262698, 0.688325
0.300462, -0.605444, 0.262569, 0.688629
0.300488, -0.605524, 0.262542, 0.688558
0.300484, -0.605659, 0.262549, 0.688438
0.300451, -0.605849, 0.262588, 0.688270
0.300343, -0.606256, 0.262713, 0.687911
0.300003, -0.607244, 0.263098, 0.687040
0.299905, -0.607659, 0.263211, 0.686672
0.299795, -0.608187, 0.263336, 0.686205
0.299622, -0.608730, 0.263531, 0.685723
0.299377, -0.609611, 0.263807, 0.684941
0.299099, -0.610406, 0.264120, 0.684234
0.299139, -0.610405, 0.264078, 0.684234
0.298927, -0.610836, 0.264332, 0.683843
0.298572, -0.611548, 0.264748, 0.683200
0.298515, -0.611922, 0.264825, 0.682861
0.298356, -0.612338, 0.265013, 0.682484
0.298310, -0.612619, 0.265084, 0.682225
0.297797, -0.613576, 0.265717, 0.681342
0.297522, -0.614289, 0.266093, 0.680673
0.297149, -0.615104, 0.266556, 0.679919
0.297219, -0.615463, 0.266499, 0.679585
0.297130, -0.615789, 0.266656, 0.679267
0.297341, -0.614837, 0.266511, 0.680094
0.297264, -0.615262, 0.266638, 0.679693
0.297043, -0.616734, 0.266883, 0.678358
0.296901, -0.617388, 0.267039, 0.677764
0.296760, -0.617601, 0.267196, 0.677570
0.296686, -0.617630, 0.267279, 0.677543
0.296625, -0.617690, 0.267349, 0.677487
0.296480, -0.618082, 0.267508, 0.677130
0.296464, -0.618177, 0.267527, 0.677043
0.296314, -0.618534, 0.267693, 0.676717
0.296133, -0.618970, 0.267892, 0.676318
0.296084, -0.619078, 0.267947, 0.676219
0.296156, -0.618922, 0.267871, 0.676361
0.296196, -0.618808, 0.267830, 0.676464
0.296071, -0.619072, 0.267968, 0.676222
0.296000, -0.619211, 0.268049, 0.676094
0.296014, -0.619178, 0.268036, 0.676123
0.296091, -0.619023, 0.267955, 0.676263
0.296111, -0.618906, 0.267937, 0.676369
0.296208, -0.618778, 0.267834, 0.676485
0.296273, -0.618500, 0.267767, 0.676737
0.296374, -0.618231, 0.267669, 0.676977
0.296302, -0.618295, 0.267761, 0.676914
0.296502, -0.618095, 0.267561, 0.677087
0.296656, -0.617760, 0.267420, 0.677381
0.296752, -0.617527, 0.267337, 0.677584
0.296957, -0.617182, 0.267119, 0.677894
0.297076, -0.617060, 0.266992, 0.678004
0.297141, -0.617009, 0.266923, 0.678049
0.297134, -0.616881, 0.266935, 0.678164
0.297117, -0.616722, 0.266958, 0.678307
0.297235, -0.616366, 0.266834, 0.678628
0.297419, -0.615919, 0.266634, 0.679031
0.297593, -0.615605, 0.266446, 0.679314
0.297654, -0.615484, 0.266382, 0.679421
0.297659, -0.615430, 0.266380, 0.679469
0.297633, -0.615425, 0.266412, 0.679472
0.297728, -0.615124, 0.266310, 0.679743
0.297877, -0.614627, 0.266150, 0.680190
0.298039, -0.614329, 0.265975, 0.680457
0.298150, -0.614037, 0.265855, 0.680718
0.298130, -0.614079, 0.265880, 0.680680
0.298049, -0.614205, 0.265972, 0.680566
0.298084, -0.614157, 0.265935, 0.680607
0.298109, -0.613914, 0.265911, 0.680825
0.298138, -0.613872, 0.265883, 0.680862
0.298061, -0.614020, 0.265970, 0.680728
0.297953, -0.614325, 0.266091, 0.680452
0.297890, -0.614511, 0.266162, 0.680284
0.297870, -0.614622, 0.266186, 0.680184
0.297923, -0.614570, 0.266131, 0.680229
0.297888, -0.614551, 0.266172, 0.680245
0.297896, -0.614480, 0.266166, 0.680308
0.297890, -0.614559, 0.266175, 0.680236
0.297781, -0.614889, 0.266296, 0.679938
0.297681, -0.615117, 0.266410, 0.679731
0.297733, -0.614892, 0.266355, 0.679933
0.297905, -0.614486, 0.266169, 0.680297
0.298000, -0.614308, 0.266068, 0.680456
0.297923, -0.614448, 0.266154, 0.680330
0.297953, -0.614394, 0.266122, 0.680378
0.297945, -0.614232, 0.266135, 0.680523
0.298082, -0.613866, 0.265988, 0.680851
0.298216, -0.613329, 0.265843, 0.681333
0.298405, -0.612936, 0.265637, 0.681684
0.298491, -0.612788, 0.265543, 0.681815
0.298553, -0.612549, 0.265478, 0.682028
0.298692, -0.612162, 0.265326, 0.682374
0.298808, -0.611950, 0.265201, 0.682562
0.298838, -0.611762, 0.265170, 0.682730
0.298832, -0.611757, 0.265180, 0.682733
0.298808, -0.611837, 0.265209, 0.682660
0.298869, -0.611833, 0.265143, 0.682662
0.298894, -0.611869, 0.265117, 0.682630
0.298994, -0.611768, 0.265008, 0.682718
0.299071, -0.611629, 0.264923, 0.682842
0.299254, -0.611370, 0.264701, 0.683080
0.299240, -0.611370, 0.264706, 0.683084
0.299355, -0.610860, 0.264566, 0.683544
0.299319, -0.610741, 0.264600, 0.683653
0.299497, -0.610488, 0.264347, 0.683899
0.299576, -0.610424, 0.264220, 0.683970
0.299698, -0.610577, 0.264038, 0.683851
0.299671, -0.610343, 0.264012, 0.684081
0.299502, -0.609952, 0.264139, 0.684456
0.299604, -0.609461, 0.263968, 0.684914
0.299139, -0.609451, 0.264440, 0.684943
0.299743, -0.608683, 0.263713, 0.685643
0.299543, -0.608977, 0.263884, 0.685403
0.299016, -0.609462, 0.264463, 0.684979
0.299039, -0.609543, 0.264397, 0.684923
0.299879, -0.608608, 0.263349, 0.685789
0.300005, -0.608424, 0.263096, 0.685995
0.299658, -0.608609, 0.263395, 0.685868
0.299482, -0.608796, 0.263522, 0.685730
0.299310, -0.609193, 0.263652, 0.685402
0.299301, -0.609643, 0.263600, 0.685026
0.299749, -0.609423, 0.263015, 0.685251
0.300051, -0.609287, 0.262540, 0.685422
0.300265, -0.609372, 0.262180, 0.685390
0.299418, -0.609864, 0.263041, 0.684993
0.298773, -0.610229, 0.263668, 0.684709
0.298328, -0.609907, 0.264071, 0.685034
0.297835, -0.610739, 0.264539, 0.684326
0.297715, -0.612227, 0.264596, 0.683025
0.297349, -0.613914, 0.264910, 0.681548
0.297100, -0.614744, 0.265009, 0.680870
0.296847, -0.616062, 0.265077, 0.679760
0.296639, -0.617736, 0.265131, 0.678310
0.295572, -0.619441, 0.266174, 0.676811
0.295694, -0.621154, 0.265890, 0.675297
0.294329, -0.621271, 0.267181, 0.675277
0.293414, -0.621881, 0.268005, 0.674786
0.292037, -0.623587, 0.269387, 0.673257
0.291031, -0.624511, 0.270398, 0.672430
0.290688, -0.625330, 0.270681, 0.671703
0.290729, -0.626844, 0.270533, 0.670333
0.290665, -0.628553, 0.270495, 0.668774
0.290351, -0.629467, 0.270719, 0.667960
0.290406, -0.629901, 0.270523, 0.667606
0.291239, -0.630766, 0.269486, 0.666846
0.291852, -0.630380, 0.268689, 0.667264
0.292480, -0.631513, 0.267864, 0.666248
0.291916, -0.632695, 0.268350, 0.665178
0.290938, -0.632737, 0.269305, 0.665181
0.289044, -0.631646, 0.271232, 0.666260
0.289109, -0.632053, 0.271067, 0.665912
0.291692, -0.634711, 0.268187, 0.663420
0.288340, -0.633236, 0.271641, 0.664887
0.286741, -0.632971, 0.273211, 0.665187
0.286444, -0.634358, 0.273445, 0.663897
0.286832, -0.634677, 0.272971, 0.663619
0.287129, -0.634550, 0.272594, 0.663767
0.286954, -0.634123, 0.272683, 0.664214
0.287222, -0.634511, 0.272309, 0.663881
0.287093, -0.635513, 0.272360, 0.662957
0.286656, -0.635988, 0.272753, 0.662528
0.286544, -0.636090, 0.272816, 0.662454
0.285671, -0.635441, 0.273674, 0.663100
0.286397, -0.635777, 0.272842, 0.662807
0.287269, -0.636617, 0.271857, 0.662027
0.287030, -0.637456, 0.272048, 0.661245
0.286451, -0.637051, 0.272589, 0.661664
0.286825, -0.637018, 0.272135, 0.661720
0.287259, -0.637029, 0.271607, 0.661738
0.287278, -0.636941, 0.271507, 0.661855
0.286646, -0.637036, 0.272100, 0.661795
0.285554, -0.637334, 0.273184, 0.661533
0.284937, -0.637074, 0.273785, 0.661801
0.284801, -0.637614, 0.273878, 0.661301
0.284870, -0.638428, 0.273758, 0.660536
0.284604, -0.639238, 0.273977, 0.659775
0.283193, -0.637896, 0.275375, 0.661097
0.283616, -0.639547, 0.274911, 0.659513
0.284548, -0.641089, 0.273930, 0.658020
0.285120, -0.641244, 0.273315, 0.657878
0.285175, -0.640665, 0.273234, 0.658451
0.284467, -0.639525, 0.273948, 0.659568
0.283865, -0.638240, 0.274557, 0.660818
0.283647, -0.638830, 0.274769, 0.660253
0.284370, -0.640022, 0.274002, 0.659105
0.284651, -0.641194, 0.273683, 0.657976
0.284051, -0.641167, 0.274282, 0.658013
0.283620, -0.640655, 0.274713, 0.658517
0.283449, -0.640164, 0.274888, 0.658995
0.283458, -0.640094, 0.274881, 0.659063
0.283535, -0.640324, 0.274803, 0.658838
0.283567, -0.640564, 0.274772, 0.658604
0.283592, -0.640785, 0.274747, 0.658389
0.283517, -0.641137, 0.274816, 0.658050
0.283761, -0.641729, 0.274533, 0.657485
0.283680, -0.642504, 0.274572, 0.656746
0.283649, -0.642991, 0.274562, 0.656287
0.283635, -0.643128, 0.274544, 0.656166
0.283672, -0.643201, 0.274482, 0.656105
0.283481, -0.642556, 0.274650, 0.656749
0.283659, -0.642322, 0.274436, 0.656990
0.283821, -0.641747, 0.274247, 0.657560
0.284095, -0.641014, 0.273952, 0.658280
0.284325, -0.640235, 0.273719, 0.659036
0.284507, -0.639254, 0.273537, 0.659983
0.284924, -0.638160, 0.273123, 0.661034
0.285203, -0.637615, 0.272842, 0.661555
0.285334, -0.637368, 0.272709, 0.661791
0.285291, -0.637496, 0.272756, 0.661667
0.285190, -0.637829, 0.272862, 0.661346
0.285195, -0.637890, 0.272857, 0.661286
0.285151, -0.637985, 0.272901, 0.661196
0.285402, -0.638215, 0.272637, 0.660975
0.285224, -0.638171, 0.272816, 0.661020
0.285252, -0.638418, 0.272780, 0.660785
0.285041, -0.638420, 0.272997, 0.660784
0.284963, -0.638465, 0.273078, 0.660740
0.284916, -0.638601, 0.273128, 0.660609
0.284907, -0.638924, 0.273138, 0.660296
0.284846, -0.639254, 0.273203, 0.659977
0.284743, -0.639549, 0.273311, 0.659690
0.284631, -0.639333, 0.273430, 0.659899
0.284570, -0.639457, 0.273495, 0.659777
0.284494, -0.639823, 0.273574, 0.659422
0.284339, -0.640219, 0.273736, 0.659038
0.284252, -0.640586, 0.273826, 0.658681
0.284216, -0.640773, 0.273866, 0.658498
0.284137, -0.640836, 0.273950, 0.658436
0.284057, -0.640958, 0.274035, 0.658317
0.283904, -0.641265, 0.274193, 0.658018
0.283798, -0.641574, 0.274303, 0.657717
0.283719, -0.641810, 0.274386, 0.657486
0.283645, -0.641991, 0.274465, 0.657308
0.283569, -0.642182, 0.274549, 0.657119
0.283455, -0.642463, 0.274674, 0.656841
0.283385, -0.642671, 0.274750, 0.656636
0.283281, -0.642988, 0.274860, 0.656324
0.283154, -0.643281, 0.274995, 0.656035
0.283060, -0.643533, 0.275097, 0.655786
0.283073, -0.643738, 0.275090, 0.655582
0.283009, -0.643983, 0.275161, 0.655339
0.282958, -0.644143, 0.275215, 0.655181
0.282830, -0.644447, 0.275347, 0.654882
0.282652, -0.644727, 0.275531, 0.654605
0.282648, -0.644729, 0.275541, 0.654602
0.282653, -0.644602, 0.275539, 0.654725
0.282744, -0.644432, 0.275451, 0.654890
0.282723, -0.644352, 0.275481, 0.654966
0.282685, -0.644470, 0.275526, 0.654847
0.282604, -0.644547, 0.275615, 0.654768
0.282525, -0.644784, 0.275707, 0.654531
0.282496, -0.644894, 0.275746, 0.654419
0.282442, -0.645061, 0.275815, 0.654248
0.282419, -0.645194, 0.275858, 0.654109
0.282331, -0.645464, 0.275961, 0.653837
0.282408, -0.645324, 0.275887, 0.653973
0.282289, -0.645640, 0.276009, 0.653661
0.282107, -0.646029, 0.276195, 0.653276
0.281870, -0.646629, 0.276440, 0.652681
0.281800, -0.646832, 0.276520, 0.652476
0.281733, -0.647194, 0.276594, 0.652115
0.281765, -0.647186, 0.276565, 0.652121
0.281777, -0.646969, 0.276556, 0.652335
0.281560, -0.647493, 0.276775, 0.651816
0.281381, -0.648065, 0.276957, 0.651247
0.281280, -0.648296, 0.277066, 0.651014
0.281192, -0.648567, 0.277161, 0.650742
0.281106, -0.648715, 0.277250, 0.650594
0.280925, -0.649059, 0.277433, 0.650251
0.280787, -0.649383, 0.277573, 0.649927
0.280697, -0.649594, 0.277664, 0.649716
0.280590, -0.649847, 0.277772, 0.649463
0.280456, -0.650160, 0.277907, 0.649150
0.280313, -0.650497, 0.278055, 0.648810
0.280231, -0.650723, 0.278138, 0.648583
0.280058, -0.651049, 0.278307, 0.648259
0.279801, -0.651435, 0.278553, 0.647876
0.279860, -0.652500, 0.278483, 0.646808
0.279706, -0.652838, 0.278634, 0.646469
0.279586, -0.653204, 0.278755, 0.646099
0.279507, -0.652814, 0.278841, 0.646490
0.279571, -0.652563, 0.278784, 0.646740
0.279409, -0.652887, 0.278946, 0.646413
0.279173, -0.653520, 0.279180, 0.645775
0.278987, -0.653954, 0.279363, 0.645335
0.278940, -0.654174, 0.279411, 0.645112
0.278812, -0.654424, 0.279539, 0.644858
0.278501, -0.654998, 0.279846, 0.644277
0.278388, -0.655275, 0.279958, 0.643995
0.278106, -0.655765, 0.280236, 0.643497
0.277875, -0.656368, 0.280464, 0.642882
0.277776, -0.656656, 0.280566, 0.642586
0.277706, -0.656808, 0.280642, 0.642428
0.277610, -0.657083, 0.280738, 0.642146
0.277541, -0.657425, 0.280806, 0.641796
0.277572, -0.657468, 0.280777, 0.641752
0.277408, -0.657809, 0.280941, 0.641401
0.277094, -0.658427, 0.281251, 0.640767
0.276789, -0.659171, 0.281546, 0.640004
0.276613, -0.659581, 0.281718, 0.639582
0.276540, -0.659723, 0.281790, 0.639435
0.276484, -0.659770, 0.281848, 0.639385
0.276367, -0.660027, 0.281963, 0.639120
0.276271, -0.660271, 0.282057, 0.638867
0.276210, -0.660433, 0.282117, 0.638699
0.276219, -0.660403, 0.282111, 0.638730
0.276267, -0.660421, 0.282067, 0.638710
0.276173, -0.660571, 0.282159, 0.638555
0.276140, -0.660627, 0.282193, 0.638496
0.276186, -0.660604, 0.282151, 0.638519
0.276217, -0.660506, 0.282123, 0.638619
0.276239, -0.660466, 0.282104, 0.638658
0.276193, -0.660545, 0.282151, 0.638576
0.276202, -0.660505, 0.282145, 0.638616
0.276313, -0.660443, 0.282040, 0.638679
0.276309, -0.660408, 0.282046, 0.638714
0.276360, -0.660458, 0.281999, 0.638661
0.276371, -0.660404, 0.281991, 0.638716
0.276421, -0.660299, 0.281945, 0.638823
0.276395, -0.660227, 0.281972, 0.638896
0.276387, -0.660272, 0.281981, 0.638849
0.276410, -0.660176, 0.281962, 0.638947
0.276429, -0.660098, 0.281947, 0.639027
0.276415, -0.660132, 0.281963, 0.638990
0.276454, -0.659981, 0.281928, 0.639145
0.276498, -0.659895, 0.281888, 0.639232
0.276487, -0.659897, 0.281901, 0.639230
0.276445, -0.660042, 0.281943, 0.639080
0.276471, -0.659989, 0.281920, 0.639132
0.276560, -0.659797, 0.281836, 0.639329
0.276602, -0.659740, 0.281798, 0.639387
0.276604, -0.659737, 0.281798, 0.639389
0.276613, -0.659752, 0.281792, 0.639372
0.276613, -0.659651, 0.281795, 0.639475
0.276601, -0.659658, 0.281809, 0.639467
0.276562, -0.659694, 0.281849, 0.639429
0.276483, -0.659798, 0.281928, 0.639321
0.276495, -0.659910, 0.281918, 0.639205
0.276528, -0.659914, 0.281888, 0.639200
0.276545, -0.659912, 0.281874, 0.639201
0.276540, -0.659886, 0.281882, 0.639226
0.276504, -0.659938, 0.281919, 0.639172
0.276520, -0.660015, 0.281909, 0.639090
0.276478, -0.660205, 0.281953, 0.638892
0.276411, -0.660270, 0.282020, 0.638825
0.276345, -0.660409, 0.282086, 0.638680
0.276353, -0.660383, 0.282080, 0.638706
0.276456, -0.660281, 0.281983, 0.638809
0.276487, -0.660219, 0.281956, 0.638873
0.276505, -0.660249, 0.281941, 0.638840
0.276472, -0.660286, 0.281976, 0.638801
0.276429, -0.660416, 0.282019, 0.638666
0.276474, -0.660379, 0.281978, 0.638703
0.276478, -0.660322, 0.281976, 0.638760
0.276512, -0.660306, 0.281945, 0.638777
0.276480, -0.660364, 0.281979, 0.638715
0.276378, -0.660514, 0.282081, 0.638560
0.276279, -0.660609, 0.282178, 0.638461
0.276187, -0.660736, 0.282270, 0.638329
0.276169, -0.660778, 0.282289, 0.638284
0.276103, -0.660825, 0.282355, 0.638235
0.276066, -0.660857, 0.282393, 0.638201
0.276082, -0.660915, 0.282382, 0.638140
0.276009, -0.661090, 0.282455, 0.637957
0.275931, -0.661241, 0.282532, 0.637800
0.275945, -0.661257, 0.282520, 0.637783
0.276045, -0.661177, 0.282427, 0.637865
0.276077, -0.661122, 0.282398, 0.637920
0.276082, -0.661030, 0.282400, 0.638013
0.276065, -0.661065, 0.282419, 0.637975
0.276043, -0.661143, 0.282442, 0.637894
0.275970, -0.661233, 0.282515, 0.637800
0.275956, -0.661302, 0.282530, 0.637727
0.275925, -0.661308, 0.282563, 0.637720
0.275881, -0.661349, 0.282608, 0.637677
0.275839, -0.661364, 0.282650, 0.637661
0.275802, -0.661481, 0.282688, 0.637539
0.275784, -0.661582, 0.282707, 0.637433
0.275775, -0.661650, 0.282718, 0.637361
0.275743, -0.661730, 0.282750, 0.637277
0.275710, -0.661846, 0.282784, 0.637156
0.275744, -0.661773, 0.282754, 0.637231
0.275730, -0.661840, 0.282769, 0.637161
0.275706, -0.661860, 0.282794, 0.637140
0.275671, -0.661974, 0.282829, 0.637020
0.275627, -0.662003, 0.282873, 0.636990
0.275592, -0.662024, 0.282908, 0.636967
0.275658, -0.662097, 0.282847, 0.636890
0.275648, -0.661977, 0.282860, 0.637014
0.275694, -0.661881, 0.282819, 0.637112
0.275654, -0.661841, 0.282859, 0.637153
0.275658, -0.661824, 0.282857, 0.637170
0.275735, -0.661782, 0.282785, 0.637212
0.275747, -0.661697, 0.282777, 0.637299
0.275753, -0.661668, 0.282773, 0.637328
0.275758, -0.661710, 0.282770, 0.637284
0.275760, -0.661716, 0.282769, 0.637277
0.275821, -0.661658, 0.282713, 0.637335
0.275878, -0.661529, 0.282661, 0.637467
0.275909, -0.661489, 0.282633, 0.637507
0.275897, -0.661613, 0.282647, 0.637378
0.275889, -0.661644, 0.282657, 0.637345
0.275909, -0.661706, 0.282639, 0.637280
0.275902, -0.661749, 0.282648, 0.637234
0.275850, -0.661792, 0.282699, 0.637190
0.275841, -0.661816, 0.282711, 0.637164
0.275897, -0.661861, 0.282658, 0.637116
0.275905, -0.661787, 0.282653, 0.637191
0.275908, -0.661834, 0.282653, 0.637142
0.275831, -0.661914, 0.282729, 0.637058
0.275772, -0.661974, 0.282788, 0.636995
0.275771, -0.661876, 0.282791, 0.637096
0.275839, -0.661679, 0.282728, 0.637299
0.275834, -0.661649, 0.282736, 0.637329
0.275845, -0.661660, 0.282729, 0.637316
0.275801, -0.661751, 0.282772, 0.637221
0.275718, -0.661900, 0.282854, 0.637066
0.275783, -0.661948, 0.282793, 0.637015
0.275926, -0.661738, 0.282659, 0.637231
0.276085, -0.661405, 0.282510, 0.637574
0.276141, -0.661267, 0.282459, 0.637716
0.276149, -0.661271, 0.282453, 0.637710
0.276139, -0.661210, 0.282465, 0.637772
0.276179, -0.661060, 0.282435, 0.637924
0.276178, -0.661078, 0.282445, 0.637901
0.276000, -0.661427, 0.282625, 0.637537
0.275720, -0.661973, 0.282900, 0.636968
0.275545, -0.662396, 0.283071, 0.636528
0.275439, -0.662661, 0.283177, 0.636251
0.275472, -0.662577, 0.283150, 0.636336
0.275506, -0.662496, 0.283124, 0.636419
0.275363, -0.662712, 0.283263, 0.636193
0.274799, -0.662738, 0.283819, 0.636162
0.277045, -0.664464, 0.281655, 0.634346
0.276900, -0.664605, 0.281807, 0.634195
0.278135, -0.665174, 0.280626, 0.633581
0.277779, -0.665148, 0.280981, 0.633607
0.278398, -0.665662, 0.280385, 0.633059
0.278011, -0.666059, 0.280749, 0.632650
0.277556, -0.666045, 0.281186, 0.632672
0.277100, -0.665644, 0.281651, 0.633086
0.273312, -0.662774, 0.285322, 0.636092
0.271407, -0.661489, 0.287165, 0.637415
0.273072, -0.662544, 0.285579, 0.636319
0.274745, -0.663686, 0.283977, 0.635125
0.275101, -0.663731, 0.283640, 0.635075
0.275122, -0.663551, 0.283624, 0.635261
0.275148, -0.663514, 0.283611, 0.635294
0.274663, -0.663053, 0.284081, 0.635775
0.275117, -0.663503, 0.283646, 0.635304
0.275259, -0.663483, 0.283513, 0.635323
0.275390, -0.663271, 0.283391, 0.635541
0.275624, -0.662821, 0.283177, 0.636004
0.268068, -0.662012, 0.290424, 0.636809
0.270985, -0.662601, 0.287648, 0.636221
0.272139, -0.662505, 0.286552, 0.636322
0.272858, -0.662093, 0.285867, 0.636751
0.273587, -0.661503, 0.285167, 0.637366
0.274106, -0.661310, 0.284668, 0.637566
0.274534, -0.661242, 0.284266, 0.637632
0.274736, -0.661604, 0.284084, 0.637250
0.275354, -0.661309, 0.283491, 0.637553
0.275671, -0.660595, 0.283186, 0.638292
0.275780, -0.660310, 0.283079, 0.638588
0.275753, -0.660543, 0.283108, 0.638345
0.275676, -0.660824, 0.283186, 0.638053
0.275657, -0.660997, 0.283207, 0.637872
0.275816, -0.661023, 0.283056, 0.637844
0.275841, -0.661141, 0.283033, 0.637721
0.275796, -0.661262, 0.283078, 0.637595
0.275726, -0.661434, 0.283146, 0.637416
0.275820, -0.661339, 0.283057, 0.637514
0.275900, -0.661192, 0.282982, 0.637665
0.275918, -0.661203, 0.282959, 0.637657
0.275941, -0.661320, 0.282918, 0.637543
0.275619, -0.661625, 0.283243, 0.637222
0.275534, -0.661203, 0.283337, 0.637655
0.278074, -0.662661, 0.280864, 0.636130
0.280451, -0.664636, 0.278537, 0.634046
0.279773, -0.665208, 0.279190, 0.633459
0.278831, -0.665457, 0.280121, 0.633201
0.278795, -0.665528, 0.280168, 0.633122
0.279077, -0.665722, 0.279897, 0.632913
0.277903, -0.664885, 0.281027, 0.633809
0.277327, -0.664876, 0.281571, 0.633829
0.276812, -0.664968, 0.282054, 0.633743
0.276548, -0.664539, 0.282303, 0.634197
0.276516, -0.663874, 0.282339, 0.634891
0.276682, -0.663217, 0.282187, 0.635573
0.276556, -0.662918, 0.282314, 0.635882
0.276356, -0.662977, 0.282509, 0.635821
0.276121, -0.663034, 0.282737, 0.635763
0.275997, -0.662960, 0.282858, 0.635840
0.275887, -0.663010, 0.282965, 0.635788
0.275775, -0.663138, 0.283074, 0.635654
0.275696, -0.663071, 0.283153, 0.635724
0.275576, -0.663210, 0.283270, 0.635579
0.275427, -0.663291, 0.283415, 0.635494
0.275363, -0.663222, 0.283478, 0.635565
0.275346, -0.663221, 0.283497, 0.635565
0.275301, -0.663252, 0.283542, 0.635532
0.275313, -0.663169, 0.283533, 0.635618
0.275292, -0.663202, 0.283555, 0.635583
0.275267, -0.663213, 0.283581, 0.635571
0.275186, -0.663321, 0.283657, 0.635458
0.275147, -0.663314, 0.283695, 0.635466
0.275164, -0.663198, 0.283682, 0.635586
0.275216, -0.663082, 0.283633, 0.635706
0.275300, -0.662965, 0.283556, 0.635826
0.275346, -0.662990, 0.283514, 0.635799
0.275313, -0.663036, 0.283548, 0.635750
0.275276, -0.663162, 0.283585, 0.635618
0.275163, -0.663320, 0.283695, 0.635453
0.275144, -0.663379, 0.283714, 0.635390
0.275133, -0.663385, 0.283727, 0.635384
0.275120, -0.663399, 0.283742, 0.635368
0.275083, -0.663504, 0.283780, 0.635258
0.275124, -0.663465, 0.283743, 0.635298
0.275124, -0.663409, 0.283744, 0.635355
0.275113, -0.663453, 0.283757, 0.635308
0.275090, -0.663580, 0.283776, 0.635177
0.275103, -0.663752, 0.283759, 0.634999
0.275179, -0.663688, 0.283687, 0.635065
0.275169, -0.663637, 0.283700, 0.635118
0.275170, -0.663567, 0.283701, 0.635189
0.275198, -0.663580, 0.283676, 0.635175
0.275136, -0.663716, 0.283734, 0.635034
0.275093, -0.663743, 0.283777, 0.635004
0.275051, -0.663749, 0.283817, 0.634998
0.275104, -0.663651, 0.283762, 0.635103
0.275063, -0.663692, 0.283799, 0.635062
0.275023, -0.663870, 0.283837, 0.634875
0.274876, -0.664142, 0.283978, 0.634592
0.274846, -0.664230, 0.284008, 0.634499
0.274827, -0.664327, 0.284028, 0.634396
0.274867, -0.664318, 0.283991, 0.634406
0.274796, -0.664378, 0.284060, 0.634343
0.274697, -0.664578, 0.284156, 0.634132
0.274688, -0.664719, 0.284167, 0.633984
0.274595, -0.664798, 0.284258, 0.633901
0.274526, -0.665005, 0.284325, 0.633683
0.274403, -0.665225, 0.284443, 0.633452
0.274316, -0.665471, 0.284527, 0.633194
0.274263, -0.665667, 0.284579, 0.632987
0.274214, -0.665807, 0.284627, 0.632840
0.274210, -0.665879, 0.284632, 0.632764
0.274136, -0.665986, 0.284695, 0.632655
0.274015, -0.666238, 0.284802, 0.632394
0.273880, -0.666057, 0.284931, 0.632585
0.273096, -0.665118, 0.285681, 0.633573
0.274148, -0.665955, 0.284678, 0.632689
0.274135, -0.666213, 0.284693, 0.632418
0.273995, -0.666511, 0.284826, 0.632103
0.273907, -0.666663, 0.284911, 0.631943
0.273884, -0.666678, 0.284934, 0.631927
0.273861, -0.666636, 0.284956, 0.631972
0.273851, -0.666643, 0.284967, 0.631963
0.273787, -0.666646, 0.285030, 0.631960
0.273808, -0.666512, 0.285016, 0.632098
0.274042, -0.666204, 0.284812, 0.632414
0.274322, -0.665935, 0.284552, 0.632692
0.275181, -0.666198, 0.283733, 0.632410
0.273970, -0.665594, 0.284892, 0.633050
0.273400, -0.664851, 0.285439, 0.633831
0.273662, -0.664437, 0.285186, 0.634266
0.273929, -0.664102, 0.284926, 0.634617
0.274179, -0.663713, 0.284687, 0.635024
0.275349, -0.663183, 0.283564, 0.635574
0.275400, -0.662828, 0.283519, 0.635942
0.275540, -0.662535, 0.283389, 0.636244
0.275549, -0.662411, 0.283391, 0.636369
0.275511, -0.662542, 0.283442, 0.636226
0.275823, -0.662724, 0.283146, 0.636033
0.277049, -0.663466, 0.281961, 0.635253
0.275917, -0.663194, 0.283055, 0.635543
0.275503, -0.663256, 0.283457, 0.635479
0.275247, -0.663237, 0.283705, 0.635498
0.274798, -0.662899, 0.284140, 0.635852
0.274804, -0.662844, 0.284136, 0.635908
0.274788, -0.662942, 0.284154, 0.635804
0.274871, -0.663018, 0.284076, 0.635724
0.274904, -0.663089, 0.284048, 0.635648
0.274979, -0.663257, 0.283983, 0.635470
0.274983, -0.663427, 0.283984, 0.635289
0.274960, -0.663523, 0.284009, 0.635188
0.274916, -0.663663, 0.284053, 0.635041
0.274889, -0.663723, 0.284080, 0.634978
0.274919, -0.663666, 0.284063, 0.635032
0.275061, -0.663592, 0.283934, 0.635107
0.275112, -0.663606, 0.283889, 0.635090
0.275080, -0.663586, 0.283922, 0.635110
0.275152, -0.663552, 0.283855, 0.635144
0.275142, -0.663582, 0.283867, 0.635112
0.275067, -0.663653, 0.283942, 0.635037
0.275022, -0.663676, 0.283986, 0.635011
0.274990, -0.663680, 0.284019, 0.635007
0.274921, -0.663844, 0.284087, 0.634835
0.274940, -0.663904, 0.284070, 0.634771
0.274958, -0.663960, 0.284056, 0.634712
0.275017, -0.663943, 0.284002, 0.634728
0.275014, -0.663974, 0.284006, 0.634695
0.274857, -0.664211, 0.284157, 0.634447
0.274738, -0.664388, 0.284273, 0.634262
0.274736, -0.664416, 0.284277, 0.634231
0.274785, -0.664327, 0.284233, 0.634323
0.274848, -0.664297, 0.284174, 0.634354
0.274810, -0.664348, 0.284213, 0.634299
0.274829, -0.664276, 0.284197, 0.634374
0.274941, -0.664005, 0.284093, 0.634655
0.274995, -0.663934, 0.284045, 0.634728
0.274989, -0.663954, 0.284053, 0.634706
0.274907, -0.664010, 0.284139, 0.634644
0.274884, -0.664027, 0.284167, 0.634624
0.274768, -0.664378, 0.284280, 0.634256
0.274500, -0.664958, 0.284536, 0.633649
0.274264, -0.665433, 0.284761, 0.633151
0.274267, -0.665611, 0.284759, 0.632964
0.274332, -0.665468, 0.284700, 0.633113
0.274386, -0.665314, 0.284651, 0.633273
0.274312, -0.665551, 0.284722, 0.633024
0.274252, -0.665744, 0.284781, 0.632821
0.274276, -0.665804, 0.284761, 0.632756
0.274230, -0.665872, 0.284806, 0.632684
0.274193, -0.665958, 0.284842, 0.632593
0.274182, -0.666018, 0.284851, 0.632531
0.274426, -0.665841, 0.284615, 0.632717
0.274051, -0.664802, 0.284978, 0.633809
0.274091, -0.664416, 0.284944, 0.634211
0.274198, -0.664366, 0.284845, 0.634262
0.274195, -0.664494, 0.284854, 0.634125
0.274460, -0.664457, 0.284609, 0.634159
0.274440, -0.664296, 0.284630, 0.634327
0.274420, -0.664384, 0.284642, 0.634238
0.270954, -0.663363, 0.287951, 0.635302
0.270956, -0.663176, 0.287949, 0.635498
0.272939, -0.664418, 0.286054, 0.634206
0.273282, -0.664527, 0.285729, 0.634091
0.272619, -0.663794, 0.286373, 0.634853
0.272536, -0.663993, 0.286466, 0.634639
0.272688, -0.664376, 0.286333, 0.634232
0.272658, -0.664945, 0.286369, 0.633632
0.272715, -0.665512, 0.286325, 0.633032
0.272734, -0.665885, 0.286315, 0.632636
0.272880, -0.665958, 0.286187, 0.632554
0.272984, -0.666219, 0.286097, 0.632275
0.272997, -0.666579, 0.286094, 0.631891
0.273069, -0.666942, 0.286037, 0.631503
0.273051, -0.667186, 0.286066, 0.631240
0.273166, -0.667159, 0.285968, 0.631263
0.273162, -0.667341, 0.285983, 0.631065
0.273215, -0.667569, 0.285941, 0.630820
0.273195, -0.667696, 0.285968, 0.630682
0.273135, -0.667750, 0.286049, 0.630614
0.272907, -0.667273, 0.286287, 0.631110
0.272367, -0.667272, 0.286817, 0.631103
0.273603, -0.668097, 0.285656, 0.630222
0.273594, -0.668139, 0.285721, 0.630153
0.274333, -0.667089, 0.285050, 0.631247
0.275424, -0.666909, 0.284028, 0.631422
0.274320, -0.665961, 0.285089, 0.632424
0.273964, -0.666024, 0.285436, 0.632355
0.274725, -0.667038, 0.284709, 0.631283
0.273541, -0.666660, 0.285844, 0.631683
0.273818, -0.666778, 0.285600, 0.631550
0.274271, -0.667234, 0.285203, 0.631051
0.273716, -0.666225, 0.285793, 0.632090
0.273905, -0.665452, 0.285638, 0.632892
0.274256, -0.665005, 0.285341, 0.633343
0.272817, -0.665210, 0.286749, 0.633114
0.273608, -0.666612, 0.286038, 0.631618
0.272858, -0.667390, 0.286781, 0.630783
0.273506, -0.666900, 0.286190, 0.631289
0.274481, -0.666778, 0.285282, 0.631405
0.276127, -0.666117, 0.283710, 0.632094
0.277105, -0.667757, 0.282758, 0.630359
0.275863, -0.667957, 0.283929, 0.630166
0.276745, -0.667918, 0.283071, 0.630207
0.278264, -0.668449, 0.281599, 0.629634
0.276136, -0.667200, 0.283622, 0.630986
0.275899, -0.667017, 0.283835, 0.631188
0.276540, -0.667102, 0.283206, 0.631100
0.274311, -0.668509, 0.285305, 0.629636
0.273866, -0.668635, 0.285715, 0.629510
0.273233, -0.666881, 0.286302, 0.631376
0.274377, -0.664492, 0.285179, 0.633903
0.275441, -0.662564, 0.284116, 0.635933
0.276737, -0.661960, 0.282827, 0.636574
0.277302, -0.661740, 0.282233, 0.636820
0.277268, -0.660698, 0.282237, 0.637914
0.277340, -0.658103, 0.282147, 0.640599
0.277919, -0.656537, 0.281550, 0.642216
0.279495, -0.656448, 0.279964, 0.642316
0.280840, -0.656870, 0.278577, 0.641901
0.280281, -0.657065, 0.279027, 0.641750
0.280267, -0.657333, 0.278932, 0.641523
0.280432, -0.657253, 0.278672, 0.641646
0.282483, -0.656540, 0.276561, 0.642390
0.285542, -0.655126, 0.273412, 0.643826
0.286363, -0.654536, 0.272426, 0.644480
0.284808, -0.655086, 0.273755, 0.644047
0.283825, -0.655212, 0.274510, 0.644032
0.285589, -0.653032, 0.272569, 0.646287
0.286025, -0.650959, 0.271903, 0.648461
0.287197, -0.646289, 0.270542, 0.653167
0.285538, -0.644732, 0.272012, 0.654820
0.284536, -0.643158, 0.272782, 0.656482
0.283504, -0.639323, 0.273478, 0.660373
0.282672, -0.633466, 0.273966, 0.666146
0.283996, -0.630959, 0.272267, 0.668655
0.284954, -0.629573, 0.270967, 0.670080
0.285394, -0.627832, 0.270250, 0.671813
0.286810, -0.622473, 0.268385, 0.676926
0.288186, -0.617429, 0.266523, 0.681679
0.289675, -0.614417, 0.264605, 0.684512
0.290933, -0.612788, 0.262991, 0.686058
0.292599, -0.610351, 0.260976, 0.688288
0.294145, -0.605743, 0.258955, 0.692451
0.295473, -0.601633, 0.257166, 0.696126
0.296213, -0.599098, 0.256135, 0.698374
0.296171, -0.597188, 0.256105, 0.700037
0.297455, -0.594303, 0.254520, 0.702520
0.299695, -0.592170, 0.251761, 0.704362
0.300409, -0.591987, 0.250813, 0.704549
0.299242, -0.592042, 0.252158, 0.704520
0.297934, -0.592411, 0.253655, 0.704226
0.294986, -0.593627, 0.257131, 0.703182
0.294275, -0.595845, 0.257984, 0.701289
0.294522, -0.598118, 0.257667, 0.699364
0.295298, -0.598241, 0.256642, 0.699309
0.294372, -0.598353, 0.257612, 0.699247
0.292469, -0.599556, 0.259765, 0.698218
0.291709, -0.601929, 0.260658, 0.696158
0.293426, -0.603663, 0.258692, 0.694667
0.295487, -0.607074, 0.256332, 0.691689
0.294076, -0.606391, 0.257940, 0.692292
0.293332, -0.604608, 0.258803, 0.693843
0.292912, -0.603552, 0.259324, 0.694745
0.292485, -0.602890, 0.259843, 0.695305
0.294033, -0.602091, 0.258078, 0.696002
0.295515, -0.601960, 0.256367, 0.696119
0.297010, -0.599811, 0.254626, 0.697975
0.300542, -0.595260, 0.250502, 0.701841
0.300329, -0.592875, 0.250735, 0.703864
0.298845, -0.593089, 0.252469, 0.703695
0.298679, -0.592832, 0.252592, 0.703938
0.300007, -0.590152, 0.250960, 0.706206
0.300944, -0.589152, 0.249826, 0.707044
0.301431, -0.588548, 0.249205, 0.707559
0.302085, -0.585179, 0.248285, 0.710392
0.301798, -0.583794, 0.248413, 0.711607
0.302669, -0.583640, 0.247154, 0.711802
0.302386, -0.583710, 0.247342, 0.711800
0.301870, -0.583030, 0.247894, 0.712383
0.301683, -0.580846, 0.248067, 0.714184
0.301055, -0.577479, 0.248770, 0.716930
0.301748, -0.575707, 0.247887, 0.718369
0.302052, -0.575032, 0.247525, 0.718906
0.303997, -0.574469, 0.245126, 0.719358
0.305155, -0.574340, 0.243695, 0.719457
0.306077, -0.572786, 0.242560, 0.720687
0.305449, -0.570854, 0.243383, 0.722207
0.305038, -0.571221, 0.243911, 0.721912
0.304355, -0.572747, 0.244770, 0.720699
0.302458, -0.573421, 0.247154, 0.720149
0.300408, -0.572764, 0.249762, 0.720629
0.301188, -0.570288, 0.248788, 0.722602
0.302616, -0.569907, 0.247042, 0.722905
0.304049, -0.570711, 0.245297, 0.722263
0.302093, -0.571267, 0.247842, 0.721775
0.301527, -0.569474, 0.248593, 0.723170
0.307677, -0.564849, 0.240795, 0.726835
0.309311, -0.566884, 0.238753, 0.725229
0.309315, -0.569894, 0.238742, 0.722869
0.308063, -0.572605, 0.240273, 0.720750
0.307888, -0.572241, 0.240492, 0.721041
0.307659, -0.570908, 0.240808, 0.722090
0.306987, -0.571432, 0.241673, 0.721671
0.306211, -0.572987, 0.242654, 0.720438
0.305544, -0.574213, 0.243494, 0.719461
0.305272, -0.574347, 0.243862, 0.719345
0.305119, -0.574113, 0.244070, 0.719526
0.304958, -0.574540, 0.244276, 0.719184
0.304670, -0.575132, 0.244641, 0.718708
0.304688, -0.574425, 0.244621, 0.719273
0.304973, -0.573327, 0.244312, 0.720133
0.304760, -0.573139, 0.244636, 0.720262
0.305224, -0.572775, 0.244062, 0.720550
0.305021, -0.573285, 0.244321, 0.720142
0.304951, -0.573300, 0.244412, 0.720129
0.304840, -0.573236, 0.244556, 0.720178
0.304783, -0.573072, 0.244630, 0.720308
0.304899, -0.572529, 0.244486, 0.720739
0.304881, -0.572234, 0.244493, 0.720979
0.304985, -0.571798, 0.244350, 0.721329
0.305022, -0.571316, 0.244302, 0.721711
0.305125, -0.570785, 0.244151, 0.722139
0.305791, -0.569587, 0.243262, 0.723102
0.306200, -0.568076, 0.242720, 0.724299
0.306352, -0.566703, 0.242524, 0.725375
0.306400, -0.566446, 0.242518, 0.725558
0.305598, -0.567788, 0.243628, 0.724475
0.305311, -0.569044, 0.244039, 0.723471
0.305204, -0.570252, 0.244189, 0.722514
0.305120, -0.570716, 0.244324, 0.722138
0.304596, -0.571756, 0.245036, 0.721294
0.304172, -0.572995, 0.245609, 0.720295
0.303411, -0.575107, 0.246593, 0.718594
0.303349, -0.575818, 0.246679, 0.718021
0.303369, -0.575935, 0.246660, 0.717925
0.303242, -0.576118, 0.246861, 0.717763
0.303025, -0.577067, 0.247178, 0.716983
0.302707, -0.578645, 0.247586, 0.715703
0.302448, -0.579785, 0.247914, 0.714776
0.302358, -0.579957, 0.248032, 0.714633
0.301691, -0.580995, 0.248901, 0.713770
0.301372, -0.581710, 0.249351, 0.713165
0.301106, -0.582414, 0.249727, 0.712570
0.301252, -0.582772, 0.249577, 0.712268
0.301073, -0.583806, 0.249837, 0.711406
0.300605, -0.585224, 0.250462, 0.710218
0.300046, -0.587074, 0.251188, 0.708670
0.299586, -0.588813, 0.251774, 0.707212
0.299343, -0.589786, 0.252092, 0.706390
0.298894, -0.591074, 0.252663, 0.705299
0.298389, -0.592466, 0.253288, 0.704120
0.298099, -0.593370, 0.253655, 0.703349
0.297926, -0.594016, 0.253882, 0.702794
0.297711, -0.594616, 0.254168, 0.702275
0.297485, -0.595310, 0.254454, 0.701678
0.297240, -0.596203, 0.254764, 0.700912
0.297066, -0.596628, 0.255011, 0.700534
0.296979, -0.596794, 0.255156, 0.700377
0.296765, -0.597442, 0.255451, 0.699807
0.296567, -0.598242, 0.255702, 0.699115
0.296220, -0.599395, 0.256114, 0.698124
0.296055, -0.599968, 0.256310, 0.697629
0.296058, -0.599883, 0.256310, 0.697701
0.295982, -0.600177, 0.256403, 0.697446
0.295877, -0.600685, 0.256528, 0.697008
0.295926, -0.600364, 0.256473, 0.697283
0.295967, -0.600210, 0.256428, 0.697415
0.295794, -0.600531, 0.256632, 0.697136
0.295312, -0.601830, 0.257195, 0.696013
0.295028, -0.602701, 0.257527, 0.695256
0.295189, -0.602276, 0.257343, 0.695624
0.295293, -0.601929, 0.257225, 0.695924
0.295252, -0.602059, 0.257275, 0.695810
0.295276, -0.602011, 0.257249, 0.695851
0.295495, -0.601359, 0.256998, 0.696415
0.295616, -0.600979, 0.256860, 0.696742
0.295588, -0.601054, 0.256896, 0.696677
0.295483, -0.601373, 0.257020, 0.696400
0.295601, -0.601007, 0.256885, 0.696715
0.295863, -0.600256, 0.256583, 0.697362
0.295911, -0.600097, 0.256530, 0.697498
0.295857, -0.600370, 0.256597, 0.697262
0.295739, -0.600612, 0.256736, 0.697052
0.295834, -0.600287, 0.256629, 0.697331
0.296050, -0.599827, 0.256380, 0.697726
0.295870, -0.600467, 0.256594, 0.697174
0.295569, -0.601337, 0.256948, 0.696421
0.295439, -0.601806, 0.257102, 0.696014
0.295385, -0.601825, 0.257166, 0.695996
0.295493, -0.601614, 0.257044, 0.696178
0.295351, -0.602034, 0.257212, 0.695814
0.295163, -0.602569, 0.257433, 0.695348
0.295164, -0.602441, 0.257435, 0.695458
0.295297, -0.602088, 0.257284, 0.695763
0.295216, -0.602165, 0.257381, 0.695695
0.295067, -0.602785, 0.257556, 0.695157
0.294999, -0.602964, 0.257637, 0.695000
0.295018, -0.602984, 0.257617, 0.694982
0.295022, -0.602808, 0.257616, 0.695133
0.295098, -0.602582, 0.257532, 0.695328
0.295121, -0.602649, 0.257509, 0.695269
0.295106, -0.602835, 0.257529, 0.695106
0.295143, -0.602784, 0.257490, 0.695150
0.295196, -0.602720, 0.257432, 0.695204
0.295227, -0.602522, 0.257399, 0.695374
0.295129, -0.602838, 0.257517, 0.695098
0.295008, -0.603015, 0.257686, 0.694933
0.294853, -0.602643, 0.257902, 0.695241
0.294856, -0.602946, 0.257929, 0.694967
0.294831, -0.603276, 0.257985, 0.694671
0.294790, -0.603393, 0.258062, 0.694558
0.294645, -0.603819, 0.258247, 0.694181
0.294470, -0.604612, 0.258458, 0.693486
0.294400, -0.604961, 0.258550, 0.693177
0.294352, -0.605281, 0.258610, 0.692895
0.294291, -0.605543, 0.258683, 0.692665
0.294282, -0.605648, 0.258696, 0.692572
0.294204, -0.605925, 0.258787, 0.692329
0.294029, -0.606303, 0.258990, 0.691997
0.294113, -0.606114, 0.258897, 0.692161
0.294181, -0.605887, 0.258821, 0.692359
0.294118, -0.605982, 0.258896, 0.692275
0.294037, -0.605990, 0.258991, 0.692268
0.294209, -0.605464, 0.258796, 0.692727
0.294399, -0.604901, 0.258581, 0.693218
0.294391, -0.604950, 0.258592, 0.693175
0.294220, -0.605434, 0.258791, 0.692750
0.294253, -0.605254, 0.258754, 0.692907
0.294307, -0.604924, 0.258695, 0.693194
0.294375, -0.604698, 0.258620, 0.693391
0.294341, -0.604939, 0.258662, 0.693180
0.294357, -0.605057, 0.258645, 0.693076
0.294374, -0.605001, 0.258629, 0.693124
0.294486, -0.604618, 0.258503, 0.693457
0.294466, -0.604640, 0.258529, 0.693437
0.294346, -0.605075, 0.258668, 0.693056
0.294336, -0.605197, 0.258676, 0.692951
0.294843, -0.604658, 0.258091, 0.693424
0.294854, -0.604251, 0.258082, 0.693778
0.294811, -0.604160, 0.258134, 0.693855
0.294754, -0.604329, 0.258203, 0.693707
0.294619, -0.604630, 0.258361, 0.693443
0.294574, -0.604735, 0.258416, 0.693350
0.294585, -0.604546, 0.258407, 0.693513
0.294438, -0.604809, 0.258579, 0.693283
0.294299, -0.605295, 0.258743, 0.692856
0.294187, -0.605613, 0.258874, 0.692576
0.294114, -0.605902, 0.258962, 0.692322
0.294079, -0.606148, 0.259006, 0.692106
0.294000, -0.606264, 0.259100, 0.692002
0.294026, -0.606143, 0.259097, 0.692098
0.294137, -0.605844, 0.258997, 0.692349
0.294065, -0.606107, 0.259099, 0.692112
0.293911, -0.606678, 0.259282, 0.691608
0.293781, -0.607232, 0.259435, 0.691120
0.293733, -0.607400, 0.259507, 0.690966
0.293629, -0.607044, 0.259643, 0.691271
0.293585, -0.607364, 0.259699, 0.690988
0.293429, -0.607948, 0.259880, 0.690472
0.293478, -0.607886, 0.259828, 0.690526
0.293550, -0.607604, 0.259750, 0.690773
0.293540, -0.607664, 0.259764, 0.690719
0.293397, -0.608150, 0.259930, 0.690289
0.293263, -0.608372, 0.260085, 0.690092
0.293289, -0.608043, 0.260059, 0.690381
0.293359, -0.607751, 0.259983, 0.690637
0.293334, -0.607930, 0.260028, 0.690473
0.293267, -0.608228, 0.260113, 0.690207
0.293150, -0.608642, 0.260250, 0.689840
0.293095, -0.608876, 0.260318, 0.689632
0.293000, -0.608960, 0.260445, 0.689550
0.292866, -0.609250, 0.260614, 0.689287
0.292762, -0.609796, 0.260741, 0.688800
0.292637, -0.610278, 0.260887, 0.688371
0.292596, -0.610436, 0.260936, 0.688230
0.292557, -0.610506, 0.260982, 0.688166
0.292729, -0.610136, 0.260791, 0.688493
0.292879, -0.609634, 0.260625, 0.688937
0.293002, -0.609215, 0.260490, 0.689306
0.293011, -0.609167, 0.260498, 0.689342
0.292986, -0.609252, 0.260543, 0.689261
0.293023, -0.609495, 0.260509, 0.689042
0.292919, -0.609758, 0.260631, 0.688808
0.292779, -0.610230, 0.260794, 0.688388
0.292683, -0.610423, 0.260907, 0.688215
0.292756, -0.610233, 0.260844, 0.688376
0.292713, -0.610282, 0.260915, 0.688323
0.292567, -0.610607, 0.261093, 0.688030
0.292467, -0.611061, 0.261210, 0.687625
0.292434, -0.611021, 0.261251, 0.687659
0.292536, -0.610795, 0.261140, 0.687859
0.292452, -0.611016, 0.261238, 0.687660
0.292249, -0.611555, 0.261472, 0.687179
0.292140, -0.611844, 0.261599, 0.686920
0.292145, -0.611940, 0.261596, 0.686833
0.292227, -0.611704, 0.261505, 0.687042
0.292374, -0.611303, 0.261342, 0.687399
0.292380, -0.611167, 0.261339, 0.687519
0.292360, -0.611333, 0.261365, 0.687370
0.292352, -0.611382, 0.261376, 0.687326
0.292389, -0.611272, 0.261337, 0.687423
0.292457, -0.611084, 0.261264, 0.687589
0.292445, -0.611035, 0.261282, 0.687630
0.292248, -0.611561, 0.261507, 0.687161
0.292143, -0.611840, 0.261627, 0.686911
0.292297, -0.611475, 0.261456, 0.687235
0.292491, -0.610928, 0.261241, 0.687721
0.292518, -0.610939, 0.261216, 0.687710
0.292416, -0.611158, 0.261359, 0.687504
0.292271, -0.611308, 0.261532, 0.687367
0.292254, -0.611659, 0.261556, 0.687052
0.292247, -0.611749, 0.261567, 0.686971
0.292275, -0.611662, 0.261539, 0.687047
0.292236, -0.611680, 0.261586, 0.687030
0.292158, -0.611888, 0.261676, 0.686843
0.292083, -0.612126, 0.261764, 0.686630
0.292023, -0.612244, 0.261833, 0.686524
0.292142, -0.611900, 0.261704, 0.686829
0.292070, -0.612102, 0.261822, 0.686635
0.292064, -0.612223, 0.261851, 0.686518
0.292019, -0.612363, 0.261921, 0.686386
0.292027, -0.612501, 0.261923, 0.686258
0.291892, -0.612871, 0.262078, 0.685926
0.291688, -0.613382, 0.262310, 0.685467
0.291676, -0.613431, 0.262326, 0.685423
0.291633, -0.613488, 0.262378, 0.685370
0.291565, -0.613800, 0.262457, 0.685089
0.291465, -0.614181, 0.262576, 0.684744
0.291196, -0.613738, 0.262890, 0.685135
0.291326, -0.613794, 0.262749, 0.685084
0.291206, -0.614282, 0.262887, 0.684645
0.290930, -0.615122, 0.263198, 0.683888
0.290770, -0.615675, 0.263379, 0.683388
0.290768, -0.615868, 0.263384, 0.683213
0.290817, -0.615751, 0.263331, 0.683318
0.290938, -0.615482, 0.263198, 0.683560
0.290968, -0.615406, 0.263167, 0.683628
0.290962, -0.615313, 0.263175, 0.683711
0.291145, -0.614888, 0.262939, 0.684106
0.291117, -0.614664, 0.262963, 0.684311
0.291440, -0.613728, 0.262602, 0.685151
0.291751, -0.612835, 0.262256, 0.685950
0.291873, -0.612781, 0.262122, 0.685998
0.291896, -0.612869, 0.262099, 0.685918
0.291929, -0.612689, 0.262064, 0.686078
0.292034, -0.612482, 0.261949, 0.686262
0.292161, -0.612278, 0.261809, 0.686443
0.292222, -0.612230, 0.261743, 0.686486
0.292248, -0.612219, 0.261717, 0.686494
0.292281, -0.612143, 0.261682, 0.686562
0.292192, -0.612386, 0.261784, 0.686344
0.292086, -0.612567, 0.261906, 0.686180
0.292105, -0.612506, 0.261888, 0.686234
0.292096, -0.612482, 0.261901, 0.686255
0.292186, -0.612243, 0.261802, 0.686467
0.292204, -0.612156, 0.261753, 0.686556
0.292323, -0.611709, 0.261603, 0.686961
0.292647, -0.610502, 0.261238, 0.688034
0.293028, -0.609274, 0.260809, 0.689122
0.293129, -0.609083, 0.260700, 0.689290
0.293271, -0.608917, 0.260542, 0.689436
0.293452, -0.608566, 0.260338, 0.689745
0.293559, -0.608216, 0.260220, 0.690053
0.293783, -0.607605, 0.259970, 0.690590
0.293934, -0.607118, 0.259835, 0.691005
0.293953, -0.606148, 0.259849, 0.691842
0.293158, -0.606853, 0.260779, 0.691211
0.293207, -0.607284, 0.260744, 0.690826
0.293508, -0.607213, 0.260421, 0.690882
0.293595, -0.607059, 0.260354, 0.691006
0.293452, -0.607501, 0.260541, 0.690607
0.293374, -0.608450, 0.260637, 0.689768
0.293329, -0.608942, 0.260691, 0.689332
0.293277, -0.609009, 0.260753, 0.689272
0.293313, -0.608928, 0.260716, 0.689342
0.293264, -0.609109, 0.260775, 0.689181
0.293309, -0.609179, 0.260727, 0.689117
0.293453, -0.608885, 0.260568, 0.689377
0.293587, -0.608491, 0.260418, 0.689724
0.293509, -0.608813, 0.260508, 0.689439
0.293497, -0.608754, 0.260522, 0.689490
0.293729, -0.608030, 0.260262, 0.690129
0.293925, -0.607596, 0.260041, 0.690510
0.293817, -0.607814, 0.260167, 0.690317
0.293930, -0.607606, 0.260043, 0.690500
0.294187, -0.606810, 0.259752, 0.691199
0.294593, -0.605634, 0.259291, 0.692229
0.294905, -0.604907, 0.258937, 0.692865
0.295157, -0.604320, 0.258650, 0.693377
0.295594, -0.602957, 0.258148, 0.694563
0.296362, -0.600686, 0.257258, 0.696531
0.297047, -0.598696, 0.256461, 0.698244
0.297562, -0.597222, 0.255861, 0.699507
0.297881, -0.596258, 0.255487, 0.700330
0.298038, -0.595822, 0.255304, 0.700700
0.298253, -0.595190, 0.255053, 0.701237
0.298413, -0.594715, 0.254867, 0.701639
0.298799, -0.593694, 0.254413, 0.702504
0.299006, -0.593162, 0.254171, 0.702953
0.299246, -0.592414, 0.253888, 0.703584
0.299447, -0.591942, 0.253652, 0.703980
0.299521, -0.591657, 0.253566, 0.704220
0.299773, -0.591039, 0.253268, 0.704738
0.300034, -0.590235, 0.252958, 0.705412
0.300332, -0.589218, 0.252602, 0.706262
0.300397, -0.588950, 0.252579, 0.706466
0.300773, -0.588501, 0.252172, 0.706826
0.300731, -0.588806, 0.252243, 0.706564
0.300742, -0.589235, 0.252247, 0.706200
0.300403, -0.589067, 0.252711, 0.706320
0.300330, -0.588680, 0.252850, 0.706623
0.300710, -0.588002, 0.252418, 0.707180
0.301340, -0.587749, 0.251665, 0.707390
0.301242, -0.587973, 0.251785, 0.707203
0.301186, -0.587947, 0.251855, 0.707224
0.301361, -0.587444, 0.251647, 0.707642
0.301513, -0.586893, 0.251466, 0.708098
0.301543, -0.586668, 0.251433, 0.708284
0.301423, -0.586854, 0.251582, 0.708128
0.301110, -0.587795, 0.251963, 0.707344
0.300721, -0.589093, 0.252436, 0.706260
0.300565, -0.589475, 0.252628, 0.705940
0.300816, -0.588763, 0.252330, 0.706533
0.301034, -0.588113, 0.252106, 0.707061
0.300684, -0.588430, 0.252570, 0.706781
0.300547, -0.589372, 0.252748, 0.705990
0.300412, -0.590205, 0.252916, 0.705291
0.300392, -0.590300, 0.252944, 0.705210
0.300272, -0.590630, 0.253090, 0.704932
0.300262, -0.590653, 0.253106, 0.704911
0.300257, -0.590439, 0.253116, 0.705089
0.300431, -0.590025, 0.252911, 0.705435
0.300738, -0.589206, 0.252589, 0.706104
0.300904, -0.588632, 0.252437, 0.706567
0.300904, -0.588764, 0.252473, 0.706443
0.301023, -0.588762, 0.252340, 0.706442
0.301004, -0.589002, 0.252374, 0.706238
0.300658, -0.589719, 0.252833, 0.705623
0.299319, -0.591866, 0.254499, 0.703793
0.299327, -0.592173, 0.254570, 0.703505
0.299940, -0.591018, 0.253914, 0.704452
0.300688, -0.589292, 0.253092, 0.705874
0.301064, -0.588463, 0.252669, 0.706556
0.301766, -0.587413, 0.251830, 0.707429
0.301786, -0.587269, 0.251908, 0.707512
0.301789, -0.586610, 0.251923, 0.708052
0.302679, -0.584532, 0.250849, 0.709770
0.302063, -0.585453, 0.251632, 0.708996
0.302057, -0.585825, 0.251652, 0.708684
0.302236, -0.585582, 0.251448, 0.708881
0.301805, -0.585897, 0.251993, 0.708611
0.302223, -0.585341, 0.251489, 0.709071
0.302290, -0.585221, 0.251409, 0.709170
0.302214, -0.585459, 0.251505, 0.708972
0.302099, -0.585841, 0.251648, 0.708654
0.302174, -0.585754, 0.251561, 0.708726
0.302302, -0.585416, 0.251405, 0.709005
0.302595, -0.584478, 0.251005, 0.709795
0.303328, -0.582808, 0.250022, 0.711201
0.302300, -0.582337, 0.251175, 0.711618
0.301869, -0.583015, 0.251618, 0.711090
0.301940, -0.584646, 0.251527, 0.709752
0.302352, -0.584600, 0.251025, 0.709792
0.302538, -0.584089, 0.250789, 0.710216
0.301918, -0.584028, 0.251559, 0.710258
0.302536, -0.583896, 0.250817, 0.710366
0.303128, -0.583797, 0.250098, 0.710448
0.303321, -0.583357, 0.249867, 0.710809
0.303263, -0.583332, 0.249952, 0.710824
0.302691, -0.584175, 0.250711, 0.710108
0.302445, -0.584393, 0.251082, 0.709902
0.302826, -0.584071, 0.250667, 0.710151
0.303253, -0.584019, 0.250184, 0.710182
0.303406, -0.584431, 0.250015, 0.709837
0.303013, -0.585113, 0.250535, 0.709260
0.302947, -0.584629, 0.250676, 0.709638
0.303257, -0.583207, 0.250364, 0.710785
0.303470, -0.582504, 0.250177, 0.711335
0.303823, -0.582170, 0.249802, 0.711589
0.304380, -0.580876, 0.249168, 0.712631
0.304461, -0.580682, 0.249088, 0.712782
0.304648, -0.580350, 0.248859, 0.713052
0.304789, -0.579926, 0.248688, 0.713397
0.304775, -0.579910, 0.248708, 0.713409
0.304655, -0.580324, 0.248859, 0.713071
0.304306, -0.581046, 0.249294, 0.712480
0.303982, -0.582090, 0.249703, 0.711623
0.303947, -0.582321, 0.249752, 0.711431
0.303556, -0.583330, 0.250238, 0.710600
0.303261, -0.584257, 0.250602, 0.709835
0.302802, -0.585634, 0.251164, 0.708697
0.302415, -0.586735, 0.251684, 0.707767
0.301923, -0.588242, 0.252322, 0.706498
0.301500, -0.589420, 0.252870, 0.705500
0.301243, -0.590259, 0.253194, 0.704792
0.300851, -0.591572, 0.253681, 0.703682
0.300414, -0.592619, 0.254208, 0.702797
0.300329, -0.592941, 0.254314, 0.702523
0.300649, -0.592014, 0.253938, 0.703304
0.300915, -0.591216, 0.253629, 0.703973
0.300919, -0.590700, 0.253691, 0.704382
0.300981, -0.590369, 0.253677, 0.704637
0.301061, -0.589966, 0.253625, 0.704960
0.301885, -0.588341, 0.252644, 0.706316
0.301999, -0.588176, 0.252511, 0.706452
0.301866, -0.588526, 0.252674, 0.706160
0.301882, -0.588653, 0.252659, 0.706053
0.301820, -0.588817, 0.252736, 0.705914
0.301762, -0.588860, 0.252808, 0.705877
0.301790, -0.588870, 0.252777, 0.705869
0.301753, -0.588596, 0.252823, 0.706096
0.301841, -0.588711, 0.252721, 0.705999
0.301910, -0.588484, 0.252642, 0.706187
0.302006, -0.588075, 0.252529, 0.706527
0.301954, -0.588104, 0.252593, 0.706502
0.301837, -0.588297, 0.252736, 0.706340
0.301656, -0.588843, 0.252958, 0.705884
0.301605, -0.589091, 0.253022, 0.705675
0.301563, -0.589300, 0.253075, 0.705499
0.301531, -0.589542, 0.253117, 0.705296
0.301480, -0.589768, 0.253182, 0.705106
0.301455, -0.589652, 0.253216, 0.705201
0.301603, -0.589017, 0.253048, 0.705728
0.301926, -0.588332, 0.252661, 0.706300
0.301988, -0.588116, 0.252588, 0.706479
0.301843, -0.588569, 0.252767, 0.706100
0.301671, -0.588936, 0.252977, 0.705792
0.301632, -0.589060, 0.253027, 0.705688
0.301700, -0.588997, 0.252948, 0.705739
0.301739, -0.588887, 0.252904, 0.705831
0.301596, -0.589106, 0.253078, 0.705646
0.301418, -0.589892, 0.253295, 0.704988
0.301146, -0.590819, 0.253625, 0.704208
0.301006, -0.591201, 0.253796, 0.703886
0.301036, -0.591150, 0.253764, 0.703928
0.301139, -0.590892, 0.253644, 0.704144
0.301095, -0.590961, 0.253699, 0.704084
0.300848, -0.591679, 0.253997, 0.703479
0.300537, -0.592544, 0.254381, 0.702745
0.300453, -0.592585, 0.254488, 0.702708
0.300691, -0.591948, 0.254207, 0.703244
0.300771, -0.591676, 0.254114, 0.703473
0.300709, -0.591839, 0.254190, 0.703334
0.300630, -0.592202, 0.254288, 0.703028
0.300617, -0.592283, 0.254307, 0.702958
0.300810, -0.591749, 0.254080, 0.703407
0.301074, -0.590904, 0.253766, 0.704117
0.301256, -0.590303, 0.253550, 0.704621
0.301294, -0.590384, 0.253508, 0.704552
0.301239, -0.590657, 0.253577, 0.704322
0.301105, -0.591056, 0.253741, 0.703985
0.300992, -0.591284, 0.253879, 0.703793
0.301004, -0.591176, 0.253869, 0.703882
0.301109, -0.590933, 0.253746, 0.704085
0.301090, -0.590879, 0.253772, 0.704130
0.301006, -0.591172, 0.253875, 0.703882
0.300933, -0.591501, 0.253966, 0.703604
0.300917, -0.591689, 0.253989, 0.703445
0.301011, -0.591400, 0.253880, 0.703687
0.301174, -0.590961, 0.253688, 0.704055
0.301279, -0.590755, 0.253566, 0.704226
0.301255, -0.590896, 0.253597, 0.704107
0.301243, -0.590919, 0.253615, 0.704087
0.301290, -0.590741, 0.253562, 0.704236
0.301365, -0.590417, 0.253475, 0.704506
0.301434, -0.590167, 0.253396, 0.704714
0.301487, -0.590235, 0.253335, 0.704656
0.301365, -0.590607, 0.253485, 0.704343
0.301193, -0.591038, 0.253695, 0.703979
0.301007, -0.591402, 0.253921, 0.703672
0.300989, -0.591551, 0.253947, 0.703544
0.301046, -0.591326, 0.253882, 0.703733
0.301063, -0.591260, 0.253864, 0.703788
0.300961, -0.591491, 0.253989, 0.703592
0.300886, -0.591729, 0.254081, 0.703390
0.300898, -0.591760, 0.254070, 0.703364
0.300976, -0.591597, 0.253980, 0.703500
0.300999, -0.591544, 0.253956, 0.703543
0.300999, -0.591438, 0.253959, 0.703631
0.301000, -0.591196, 0.253959, 0.703834
0.301013, -0.591189, 0.253948, 0.703839
0.301038, -0.591139, 0.253921, 0.703879
0.301101, -0.591022, 0.253849, 0.703977
0.301134, -0.590798, 0.253811, 0.704164
0.301122, -0.590828, 0.253829, 0.704138
0.301100, -0.590847, 0.253858, 0.704121
0.301175, -0.590755, 0.253772, 0.704197
0.301247, -0.590577, 0.253688, 0.704345
0.301290, -0.590516, 0.253640, 0.704395
0.301335, -0.590478, 0.253589, 0.704427
0.301371, -0.590450, 0.253549, 0.704449
0.301338, -0.590605, 0.253592, 0.704318
0.301275, -0.590642, 0.253669, 0.704285
0.301336, -0.590549, 0.253600, 0.704363
0.301417, -0.590348, 0.253506, 0.704531
0.301491, -0.590165, 0.253420, 0.704684
0.301490, -0.590335, 0.253423, 0.704539
0.301480, -0.590394, 0.253438, 0.704489
0.301464, -0.590502, 0.253460, 0.704397
0.301530, -0.590336, 0.253385, 0.704536
0.301552, -0.589949, 0.253361, 0.704859
0.301603, -0.589724, 0.253303, 0.705046
0.301482, -0.589915, 0.253450, 0.704885
0.301390, -0.590203, 0.253564, 0.704643
0.301369, -0.590319, 0.253591, 0.704544
0.301458, -0.590238, 0.253488, 0.704611
0.301523, -0.590049, 0.253414, 0.704769
0.301526, -0.590070, 0.253413, 0.704750
0.301369, -0.590456, 0.253603, 0.704425
0.301123, -0.590910, 0.253901, 0.704042
0.301145, -0.591036, 0.253879, 0.703936
0.301285, -0.590577, 0.253715, 0.704320
0.301480, -0.590088, 0.253484, 0.704729
0.301507, -0.590135, 0.253455, 0.704689
0.301409, -0.590436, 0.253576, 0.704435
0.301424, -0.590523, 0.253561, 0.704361
0.301547, -0.590312, 0.253460, 0.704521
