0.001176, -0.999819, 0.003437, -0.018421
0.001171, -0.999822, 0.003443, -0.018274
0.001185, -0.999818, 0.003447, -0.018499
0.001140, -0.999811, 0.003448, -0.018888
0.001139, -0.999805, 0.003449, -0.019199
0.001080, -0.999804, 0.003451, -0.019263
0.001051, -0.999804, 0.003454, -0.019236
0.001064, -0.999804, 0.003456, -0.019247
0.001152, -0.999796, 0.003459, -0.019630
0.001266, -0.999787, 0.003463, -0.020069
0.001401, -0.999783, 0.003466, -0.020264
0.001361, -0.999785, 0.003468, -0.020200
0.001147, -0.999783, 0.003466, -0.020274
0.001144, -0.999782, 0.003469, -0.020337
0.001232, -0.999773, 0.003471, -0.020756
0.001372, -0.999763, 0.003475, -0.021229
0.001237, -0.999762, 0.003475, -0.021280
0.001073, -0.999766, 0.003475, -0.021136
0.000906, -0.999772, 0.003474, -0.020828
0.001153, -0.999767, 0.003480, -0.021063
0.001222, -0.999759, 0.003480, -0.021431
0.001286, -0.999748, 0.003481, -0.021927
0.001282, -0.999744, 0.003484, -0.022124
0.001076, -0.999753, 0.003484, -0.021741
0.000890, -0.999763, 0.003481, -0.021274
0.000890, -0.999758, 0.003482, -0.021487
0.001143, -0.999742, 0.003488, -0.022231
0.001357, -0.999727, 0.003492, -0.022878
0.001140, -0.999728, 0.003490, -0.022827
0.000707, -0.999740, 0.003485, -0.022312
0.000734, -0.999745, 0.003488, -0.022081
0.000903, -0.999739, 0.003494, -0.022373
0.001001, -0.999726, 0.003497, -0.022921
0.000868, -0.999717, 0.003495, -0.023324
0.000559, -0.999724, 0.003492, -0.023056
0.000320, -0.999735, 0.003494, -0.022577
0.000375, -0.999744, 0.003494, -0.022152
0.000457, -0.999732, 0.003494, -0.022698
0.000568, -0.999715, 0.003498, -0.023427
0.000195, -0.999719, 0.003490, -0.023257
-0.000101, -0.999731, 0.003482, -0.022724
-0.000351, -0.999736, 0.003477, -0.022507
-0.000343, -0.999734, 0.003478, -0.022595
-0.000188, -0.999717, 0.003480, -0.023360
-0.000377, -0.999709, 0.003476, -0.023678
-0.000697, -0.999715, 0.003471, -0.023437
-0.001265, -0.999733, 0.003459, -0.022637
-0.001422, -0.999741, 0.003454, -0.022274
-0.001417, -0.999729, 0.003453, -0.022768
-0.001523, -0.999716, 0.003453, -0.023338
-0.001798, -0.999713, 0.003449, -0.023443
-0.002284, -0.999731, 0.003438, -0.022631
-0.002466, -0.999740, 0.003434, -0.022225
-0.002138, -0.999733, 0.003442, -0.022546
-0.001917, -0.999722, 0.003445, -0.023037
-0.002018, -0.999717, 0.003439, -0.023255
-0.002485, -0.999721, 0.003428, -0.023067
-0.002961, -0.999730, 0.003418, -0.022605
-0.003229, -0.999738, 0.003413, -0.022215
-0.003255, -0.999735, 0.003415, -0.022355
-0.002805, -0.999720, 0.003428, -0.023064
-0.002466, -0.999711, 0.003439, -0.023489
-0.002731, -0.999716, 0.003435, -0.023237
-0.002995, -0.999729, 0.003431, -0.022633
-0.002740, -0.999729, 0.003443, -0.022652
-0.002294, -0.999723, 0.003456, -0.022981
-0.001976, -0.999709, 0.003466, -0.023618
-0.002017, -0.999702, 0.003466, -0.023898
-0.002172, -0.999709, 0.003462, -0.023583
-0.002344, -0.999721, 0.003457, -0.023056
-0.002516, -0.999726, 0.003450, -0.022807
-0.002200, -0.999716, 0.003455, -0.023293
-0.001950, -0.999706, 0.003456, -0.023746
-0.002094, -0.999706, 0.003450, -0.023734
-0.002308, -0.999711, 0.003444, -0.023500
-0.003023, -0.999723, 0.003427, -0.022897
-0.003350, -0.999720, 0.003421, -0.023000
-0.003306, -0.999709, 0.003421, -0.023474
-0.003131, -0.999698, 0.003424, -0.023950
-0.003568, -0.999698, 0.003416, -0.023884
-0.004467, -0.999709, 0.003397, -0.023268
-0.004692, -0.999710, 0.003399, -0.023178
-0.004664, -0.999717, 0.003404, -0.022900
-0.004140, -0.999715, 0.003422, -0.023080
-0.003374, -0.999702, 0.003447, -0.023740
-0.003261, -0.999689, 0.003456, -0.024306
-0.003661, -0.999692, 0.003453, -0.024134
-0.003536, -0.999686, 0.003475, -0.024401
-0.001758, -0.999744, 0.003512, -0.022080
-0.000949, -0.999707, 0.003536, -0.023749
-0.000641, -0.999692, 0.003548, -0.024370
-0.001052, -0.999727, 0.003533, -0.022880
-0.000671, -0.999711, 0.003541, -0.023576
-0.000365, -0.999708, 0.003542, -0.023733
-0.000108, -0.999709, 0.003549, -0.023664
0.000041, -0.999711, 0.003560, -0.023582
0.000216, -0.999728, 0.003572, -0.022865
0.000342, -0.999728, 0.003584, -0.022846
0.000460, -0.999730, 0.003592, -0.022779
0.000663, -0.999728, 0.003603, -0.022824
0.000794, -0.999730, 0.003608, -0.022763
0.000845, -0.999741, 0.003612, -0.022262
0.000970, -0.999754, 0.003617, -0.021653
0.001065, -0.999753, 0.003628, -0.021706
0.001149, -0.999740, 0.003636, -0.022285
0.001162, -0.999729, 0.003644, -0.022758
0.001175, -0.999735, 0.003650, -0.022492
0.001248, -0.999760, 0.003657, -0.021362
0.001270, -0.999775, 0.003660, -0.020623
0.001244, -0.999767, 0.003667, -0.021035
0.000007, -0.999790, 0.003647, -0.019970
0.000703, -0.999755, 0.003667, -0.021620
0.000809, -0.999761, 0.003675, -0.021339
0.000879, -0.999782, 0.003678, -0.020338
0.001059, -0.999809, 0.003682, -0.018935
0.000685, -0.999820, 0.003680, -0.018366
0.001313, -0.999800, 0.003693, -0.019384
0.001540, -0.999795, 0.003698, -0.019620
0.001554, -0.999807, 0.003700, -0.019011
0.001510, -0.999826, 0.003699, -0.017963
0.001299, -0.999844, 0.003698, -0.016984
0.001584, -0.999845, 0.003706, -0.016898
0.001827, -0.999843, 0.003711, -0.016962
0.001815, -0.999846, 0.003713, -0.016809
0.001321, -0.999853, 0.003706, -0.016408
0.002026, -0.999845, 0.003716, -0.016849
0.002118, -0.999848, 0.003720, -0.016615
0.002063, -0.999854, 0.003721, -0.016303
0.001994, -0.999860, 0.003723, -0.015939
0.001955, -0.999866, 0.003724, -0.015574
0.001923, -0.999867, 0.003725, -0.015465
0.001954, -0.999869, 0.003723, -0.015382
0.001959, -0.999866, 0.003724, -0.015515
0.001907, -0.999871, 0.003725, -0.015222
0.001886, -0.999884, 0.003726, -0.014381
-0.001052, -0.999904, 0.003693, -0.012958
0.000135, -0.999901, 0.003709, -0.013213
0.000998, -0.999885, 0.003720, -0.014395
0.001251, -0.999870, 0.003719, -0.015352
0.001330, -0.999863, 0.003731, -0.015771
0.001348, -0.999851, 0.003748, -0.016541
0.001715, -0.999847, 0.003756, -0.016721
0.005466, -0.999696, 0.003795, -0.023543
0.003349, -0.999753, 0.003752, -0.021440
0.001897, -0.999797, 0.003724, -0.019509
0.001143, -0.999843, 0.003713, -0.017036
0.001523, -0.999873, 0.003708, -0.015143
0.001872, -0.999888, 0.003686, -0.014103
0.001714, -0.999883, 0.003612, -0.014477
-0.000162, -0.999884, 0.003547, -0.014536
-0.002360, -0.999877, 0.003493, -0.014850
-0.002530, -0.999878, 0.003471, -0.014706
0.003644, -0.999793, 0.003490, -0.019489
0.000812, -0.999826, 0.003380, -0.018097
0.001821, -0.999833, 0.003365, -0.017623
-0.000442, -0.999816, 0.003314, -0.018652
-0.000393, -0.999809, 0.003286, -0.019013
0.000260, -0.999794, 0.003234, -0.019839
-0.000476, -0.999778, 0.003159, -0.020627
-0.001206, -0.999744, 0.003113, -0.022188
-0.000312, -0.999725, 0.003123, -0.023047
-0.002353, -0.999714, 0.003073, -0.023430
-0.002687, -0.999720, 0.003061, -0.023118
-0.000672, -0.999689, 0.003089, -0.024552
-0.000267, -0.999685, 0.003063, -0.024750
0.000863, -0.999679, 0.003036, -0.024974
0.002403, -0.999674, 0.003012, -0.025060
0.002374, -0.999641, 0.002923, -0.026369
0.001129, -0.999622, 0.002811, -0.027161
-0.000529, -0.999628, 0.002663, -0.026983
0.001680, -0.999612, 0.002583, -0.027535
0.002280, -0.999619, 0.002458, -0.027230
0.004485, -0.999672, 0.002371, -0.024913
0.005402, -0.999625, 0.002257, -0.026608
0.002032, -0.999587, 0.002046, -0.028447
0.002181, -0.999566, 0.001957, -0.029153
0.001514, -0.999544, 0.001831, -0.029971
0.002266, -0.999525, 0.001753, -0.030546
0.003976, -0.999515, 0.001702, -0.030713
0.004244, -0.999525, 0.001591, -0.030354
0.003488, -0.999532, 0.001462, -0.030206
0.002944, -0.999511, 0.001339, -0.030953
0.001945, -0.999496, 0.001232, -0.031517
0.002035, -0.999503, 0.001142, -0.031309
0.002443, -0.999504, 0.001046, -0.031249
0.002584, -0.999535, 0.000939, -0.030224
0.002749, -0.999551, 0.000841, -0.029683
0.002017, -0.999519, 0.000711, -0.030803
0.001801, -0.999503, 0.000620, -0.031331
0.001588, -0.999533, 0.000555, -0.030365
0.001215, -0.999484, 0.000486, -0.031962
0.001562, -0.999530, 0.000431, -0.030467
0.001757, -0.999548, 0.000346, -0.029881
0.001400, -0.999551, 0.000237, -0.029774
0.001583, -0.999572, 0.000159, -0.029062
0.002223, -0.999616, 0.000063, -0.027455
0.001413, -0.999582, -0.000055, -0.028715
0.001072, -0.999593, -0.000108, -0.028357
0.000921, -0.999600, -0.000168, -0.028124
0.001821, -0.999621, -0.000192, -0.027302
0.002073, -0.999632, -0.000241, -0.026881
0.002091, -0.999648, -0.000318, -0.026282
0.002884, -0.999691, -0.000416, -0.024494
0.002639, -0.999681, -0.000537, -0.024959
0.002219, -0.999743, -0.000637, -0.022374
0.001582, -0.999684, -0.000777, -0.024894
0.001644, -0.999670, -0.000851, -0.025466
0.000787, -0.999636, -0.000968, -0.026809
0.002454, -0.999638, -0.001006, -0.026604
0.001992, -0.999620, -0.001100, -0.027296
0.001605, -0.999623, -0.001215, -0.027206
0.001124, -0.999609, -0.001308, -0.027760
0.001418, -0.999603, -0.001407, -0.027940
0.000543, -0.999560, -0.001486, -0.029461
0.000502, -0.999560, -0.001549, -0.029476
-0.000265, -0.999530, -0.001649, -0.030455
0.001803, -0.999558, -0.001648, -0.029496
0.001719, -0.999536, -0.001694, -0.030237
0.001836, -0.999527, -0.001761, -0.030510
0.001689, -0.999512, -0.001829, -0.030985
0.003464, -0.999568, -0.001816, -0.028969
0.002399, -0.999523, -0.001878, -0.030580
0.002434, -0.999505, -0.001930, -0.031164
0.001864, -0.999485, -0.002001, -0.031829
0.003070, -0.999470, -0.002033, -0.032200
0.002712, -0.999434, -0.002116, -0.033334
0.002682, -0.999401, -0.002187, -0.034297
0.002600, -0.999361, -0.002269, -0.035459
0.001853, -0.999354, -0.002357, -0.035678
0.003043, -0.999416, -0.002406, -0.033838
0.003009, -0.999324, -0.002539, -0.036444
0.002705, -0.999298, -0.002683, -0.037154
0.002703, -0.999289, -0.002813, -0.037386
0.002348, -0.999307, -0.002927, -0.036926
0.001681, -0.999326, -0.003022, -0.036422
0.001669, -0.999283, -0.003106, -0.037573
0.001442, -0.999298, -0.003195, -0.037179
0.002302, -0.999277, -0.003247, -0.037691
0.001800, -0.999282, -0.003321, -0.037595
0.001787, -0.999275, -0.003378, -0.037769
0.001310, -0.999279, -0.003474, -0.037656
0.001316, -0.999285, -0.003544, -0.037514
0.001729, -0.999304, -0.003608, -0.036981
0.002077, -0.999304, -0.003676, -0.036957
0.002099, -0.999303, -0.003744, -0.036958
0.003180, -0.999304, -0.003771, -0.036858
0.001923, -0.999271, -0.003888, -0.037824
0.001252, -0.999284, -0.003970, -0.037498
0.001869, -0.999293, -0.003998, -0.037210
0.000914, -0.999317, -0.004069, -0.036587
0.001719, -0.999353, -0.004071, -0.035570
0.001487, -0.999361, -0.004123, -0.035342
0.003638, -0.999365, -0.004080, -0.035093
0.002598, -0.999355, -0.004154, -0.035460
0.002264, -0.999358, -0.004204, -0.035391
0.002797, -0.999368, -0.004244, -0.035072
0.001868, -0.999387, -0.004304, -0.034578
0.001108, -0.999394, -0.004359, -0.034390
0.001227, -0.999396, -0.004389, -0.034331
0.001285, -0.999408, -0.004408, -0.033969
0.001392, -0.999425, -0.004445, -0.033448
0.001542, -0.999430, -0.004488, -0.033283
0.001632, -0.999419, -0.004530, -0.033615
0.001706, -0.999423, -0.004568, -0.033484
0.001864, -0.999434, -0.004594, -0.033140
0.001825, -0.999442, -0.004633, -0.032902
0.001831, -0.999429, -0.004685, -0.033271
0.001817, -0.999418, -0.004734, -0.033617
0.001805, -0.999418, -0.004779, -0.033595
0.001795, -0.999419, -0.004833, -0.033574
0.001926, -0.999399, -0.004886, -0.034136
0.001997, -0.999388, -0.004947, -0.034456
0.002364, -0.999392, -0.004980, -0.034289
0.002032, -0.999408, -0.005041, -0.033838
0.002003, -0.999424, -0.005084, -0.033372
0.002002, -0.999422, -0.005119, -0.033424
0.001940, -0.999432, -0.005137, -0.033116
0.001871, -0.999427, -0.005145, -0.033281
0.001851, -0.999424, -0.005160, -0.033353
0.003013, -0.999441, -0.005151, -0.032774
0.002385, -0.999437, -0.005216, -0.032922
0.002069, -0.999443, -0.005260, -0.032748
0.002341, -0.999478, -0.005265, -0.031641
0.002073, -0.999457, -0.005283, -0.032310
0.002081, -0.999444, -0.005311, -0.032733
0.001972, -0.999428, -0.005335, -0.033214
0.002651, -0.999441, -0.005338, -0.032776
0.002988, -0.999454, -0.005358, -0.032344
0.003275, -0.999450, -0.005373, -0.032436
0.003352, -0.999467, -0.005382, -0.031883
0.003077, -0.999459, -0.005408, -0.032168
0.002674, -0.999436, -0.005431, -0.032893
0.002333, -0.999430, -0.005449, -0.033098
0.002416, -0.999425, -0.005463, -0.033255
0.002041, -0.999408, -0.005493, -0.033786
0.003264, -0.999442, -0.005479, -0.032646
0.002458, -0.999456, -0.005530, -0.032287
0.002456, -0.999489, -0.005551, -0.031242
0.002261, -0.999509, -0.005573, -0.030621
0.002141, -0.999504, -0.005592, -0.030766
0.002040, -0.999495, -0.005616, -0.031057
0.002087, -0.999511, -0.005629, -0.030538
0.002011, -0.999524, -0.005644, -0.030105
0.001949, -0.999525, -0.005658, -0.030074
0.001974, -0.999522, -0.005668, -0.030178
0.001802, -0.999519, -0.005679, -0.030301
0.001981, -0.999540, -0.005676, -0.029573
0.002020, -0.999540, -0.005677, -0.029571
0.002072, -0.999540, -0.005687, -0.029582
0.001943, -0.999528, -0.005695, -0.029986
0.001986, -0.999536, -0.005693, -0.029701
0.001985, -0.999538, -0.005695, -0.029639
0.001945, -0.999541, -0.005710, -0.029552
0.001823, -0.999537, -0.005728, -0.029667
0.001945, -0.999539, -0.005739, -0.029592
0.001776, -0.999539, -0.005749, -0.029602
0.001751, -0.999538, -0.005750, -0.029638
0.001806, -0.999543, -0.005748, -0.029478
0.001850, -0.999559, -0.005757, -0.028908
0.001907, -0.999572, -0.005766, -0.028481
0.001878, -0.999579, -0.005775, -0.028201
0.001835, -0.999578, -0.005781, -0.028237
0.001742, -0.999572, -0.005783, -0.028477
0.001779, -0.999572, -0.005781, -0.028455
0.001731, -0.999581, -0.005780, -0.028150
0.001807, -0.999589, -0.005778, -0.027867
0.001871, -0.999594, -0.005776, -0.027680
0.001827, -0.999600, -0.005778, -0.027474
0.001811, -0.999601, -0.005782, -0.027438
0.001914, -0.999595, -0.005784, -0.027639
0.002020, -0.999597, -0.005787, -0.027557
0.002108, -0.999606, -0.005857, -0.027213
0.011643, -0.999550, -0.005647, -0.026894
0.013587, -0.999505, -0.005658, -0.027660
0.008387, -0.999523, -0.005840, -0.028981
0.003828, -0.999547, -0.005976, -0.029088
0.002161, -0.999541, -0.006025, -0.029456
0.002026, -0.999535, -0.006028, -0.029684
0.002023, -0.999524, -0.006029, -0.030034
0.002080, -0.999501, -0.006040, -0.030785
0.002088, -0.999489, -0.006047, -0.031172
0.001978, -0.999483, -0.006053, -0.031384
0.001981, -0.999485, -0.006055, -0.031318
0.002002, -0.999492, -0.006059, -0.031087
0.002003, -0.999489, -0.006091, -0.031177
0.004498, -0.999479, -0.006047, -0.031236
0.003615, -0.999481, -0.006107, -0.031287
0.002061, -0.999488, -0.006187, -0.031173
0.003541, -0.999515, -0.006173, -0.030172
0.002361, -0.999539, -0.006249, -0.029479
0.001450, -0.999549, -0.006331, -0.029172
0.000774, -0.999591, -0.006425, -0.027715
0.001028, -0.999593, -0.006489, -0.027589
0.001037, -0.999563, -0.006541, -0.028660
0.001110, -0.999588, -0.006582, -0.027752
0.001249, -0.999605, -0.006615, -0.027118
0.001359, -0.999648, -0.006635, -0.025493
0.001368, -0.999697, -0.006645, -0.023491
0.001486, -0.999753, -0.006645, -0.020938
0.001427, -0.999807, -0.006653, -0.018209
0.001608, -0.999854, -0.006687, -0.015370
0.001910, -0.999900, -0.006737, -0.011966
0.001976, -0.999922, -0.006801, -0.009873
0.001956, -0.999934, -0.006862, -0.008492
0.001827, -0.999937, -0.006908, -0.008094
0.001839, -0.999935, -0.006943, -0.008376
0.001794, -0.999928, -0.006973, -0.009151
0.001752, -0.999926, -0.007001, -0.009346
0.001694, -0.999928, -0.007027, -0.009062
0.001625, -0.999933, -0.007060, -0.008487
0.001598, -0.999946, -0.007088, -0.006863
0.001565, -0.999945, -0.007125, -0.006911
0.001424, -0.999942, -0.007158, -0.007387
0.001399, -0.999941, -0.007187, -0.007421
0.001512, -0.999943, -0.007205, -0.007169
0.001472, -0.999944, -0.007229, -0.007011
0.001354, -0.999951, -0.007239, -0.005976
0.001398, -0.999950, -0.007259, -0.006046
0.001434, -0.999949, -0.007279, -0.006164
0.001443, -0.999950, -0.007294, -0.005968
0.001413, -0.999951, -0.007305, -0.005901
0.001312, -0.999949, -0.007306, -0.006252
0.001325, -0.999946, -0.007304, -0.006688
0.001197, -0.999946, -0.007304, -0.006666
0.001283, -0.999947, -0.007302, -0.006542
0.001316, -0.999947, -0.007301, -0.006494
0.001346, -0.999946, -0.007299, -0.006607
0.001392, -0.999945, -0.007297, -0.006838
0.001392, -0.999943, -0.007296, -0.007147
0.001337, -0.999939, -0.007306, -0.007683
0.001272, -0.999934, -0.007317, -0.008290
0.001239, -0.999927, -0.007326, -0.009035
0.001317, -0.999908, -0.007333, -0.010919
0.001465, -0.999879, -0.007341, -0.013299
0.001477, -0.999845, -0.007352, -0.015689
0.001527, -0.999808, -0.007359, -0.017873
0.001435, -0.999767, -0.007363, -0.020024
0.001434, -0.999731, -0.007364, -0.021759
0.001512, -0.999696, -0.007363, -0.023291
0.001497, -0.999672, -0.007365, -0.024318
0.001692, -0.999670, -0.007362, -0.024378
0.001709, -0.999645, -0.007362, -0.025385
0.001702, -0.999624, -0.007362, -0.026176
0.001659, -0.999606, -0.007362, -0.026872
0.001600, -0.999601, -0.007363, -0.027057
0.001609, -0.999599, -0.007374, -0.027116
0.001638, -0.999588, -0.007385, -0.027522
0.001552, -0.999560, -0.007391, -0.028549
0.001443, -0.999525, -0.007394, -0.029723
0.001486, -0.999497, -0.007392, -0.030671
0.001483, -0.999478, -0.007397, -0.031282
0.001559, -0.999463, -0.007408, -0.031734
0.001511, -0.999425, -0.007423, -0.032914
0.001419, -0.999365, -0.007430, -0.034707
0.001344, -0.999295, -0.007433, -0.036650
0.001280, -0.999238, -0.007435, -0.038196
0.001260, -0.999211, -0.007435, -0.038888
0.001360, -0.999186, -0.007430, -0.039509
0.001423, -0.999161, -0.007427, -0.040135
0.001420, -0.999142, -0.007426, -0.040612
0.001417, -0.999128, -0.007424, -0.040948
0.001454, -0.999117, -0.007421, -0.041212
0.001428, -0.999096, -0.007422, -0.041720
0.001427, -0.999076, -0.007426, -0.042210
0.001486, -0.999042, -0.007422, -0.043011
0.001499, -0.999004, -0.007420, -0.043879
0.001469, -0.998979, -0.007410, -0.044441
0.001440, -0.998980, -0.007396, -0.044427
0.001475, -0.998975, -0.007382, -0.044527
0.001485, -0.998966, -0.007363, -0.044733
0.001533, -0.998955, -0.007350, -0.044986
0.001552, -0.998963, -0.007347, -0.044821
0.001647, -0.998957, -0.007341, -0.044930
0.001578, -0.998926, -0.007342, -0.045632
0.001562, -0.998862, -0.007332, -0.047010
0.001509, -0.998809, -0.007329, -0.048117
0.001538, -0.998800, -0.007326, -0.048312
0.001638, -0.998802, -0.007321, -0.048269
0.001586, -0.998802, -0.007322, -0.048267
0.001430, -0.998782, -0.007327, -0.048682
0.001409, -0.998771, -0.007311, -0.048902
0.003928, -0.999035, -0.007167, -0.043062
0.002359, -0.998884, -0.007241, -0.046519
0.006212, -0.999038, -0.007044, -0.042738
0.004708, -0.998993, -0.007105, -0.043954
0.003475, -0.999016, -0.007138, -0.043545
0.000597, -0.999044, -0.007259, -0.042996
-0.001876, -0.999164, -0.007364, -0.040050
-0.003001, -0.999339, -0.007418, -0.035327
-0.002358, -0.999494, -0.007408, -0.030700
-0.001717, -0.999598, -0.007395, -0.027166
-0.001177, -0.999662, -0.007376, -0.024747
-0.000876, -0.999705, -0.007366, -0.022938
-0.000453, -0.999747, -0.007358, -0.021036
-0.000253, -0.999783, -0.007364, -0.019289
-0.000046, -0.999810, -0.007371, -0.017804
0.000240, -0.999839, -0.007372, -0.016064
0.000110, -0.999867, -0.007392, -0.014204
-0.000056, -0.999888, -0.007420, -0.012634
-0.001048, -0.999901, -0.007455, -0.011497
-0.000118, -0.999916, -0.007464, -0.010177
0.001209, -0.999921, -0.007464, -0.009607
0.001492, -0.999924, -0.007486, -0.009251
0.001631, -0.999928, -0.007514, -0.008714
0.001516, -0.999932, -0.007550, -0.008249
0.001038, -0.999930, -0.007611, -0.008553
0.001302, -0.999920, -0.007654, -0.009538
0.001683, -0.999904, -0.007680, -0.010991
0.001671, -0.999891, -0.007703, -0.012170
0.001563, -0.999883, -0.007731, -0.012761
0.001417, -0.999872, -0.007762, -0.013590
0.001417, -0.999856, -0.007800, -0.014736
0.001661, -0.999809, -0.007817, -0.017584
0.001542, -0.999749, -0.007844, -0.020725
0.001520, -0.999690, -0.007872, -0.023390
0.001302, -0.999633, -0.007908, -0.025718
0.001206, -0.999568, -0.007935, -0.028106
0.001069, -0.999507, -0.007997, -0.030189
0.000399, -0.999552, -0.008033, -0.028684
0.000397, -0.999538, -0.008048, -0.029147
0.000472, -0.999533, -0.008068, -0.029321
0.000424, -0.999505, -0.008078, -0.030252
0.000311, -0.999455, -0.008078, -0.031875
0.000353, -0.999403, -0.008068, -0.033452
0.000211, -0.999360, -0.008056, -0.034715
0.000405, -0.999321, -0.008046, -0.035825
0.000420, -0.999337, -0.008043, -0.035373
0.000354, -0.999359, -0.008043, -0.034771
0.000344, -0.999350, -0.008041, -0.035028
0.000340, -0.999318, -0.008039, -0.035904
0.000281, -0.999281, -0.008041, -0.036941
0.000423, -0.999264, -0.008049, -0.037386
0.000367, -0.999249, -0.008062, -0.037775
0.000377, -0.999242, -0.008068, -0.037969
0.000454, -0.999213, -0.008112, -0.038720
0.000365, -0.999180, -0.008173, -0.039552
0.000318, -0.999191, -0.008200, -0.039251
0.000488, -0.999215, -0.008180, -0.038644
0.000336, -0.999279, -0.008169, -0.036949
0.000425, -0.999292, -0.008164, -0.036595
0.000569, -0.999258, -0.008190, -0.037508
0.000674, -0.999230, -0.008235, -0.038236
0.000776, -0.999236, -0.008298, -0.038064
0.000660, -0.999290, -0.008403, -0.036604
0.001052, -0.999247, -0.008511, -0.037716
0.000822, -0.999260, -0.008624, -0.037349
0.000155, -0.999296, -0.008700, -0.036376
0.000127, -0.999365, -0.008756, -0.034402
0.000246, -0.999413, -0.008842, -0.032981
0.000662, -0.999438, -0.008948, -0.032171
0.000364, -0.999472, -0.009043, -0.031069
0.000299, -0.999525, -0.009092, -0.029296
0.000326, -0.999554, -0.009142, -0.028280
0.000455, -0.999543, -0.009214, -0.028619
0.000326, -0.999558, -0.009292, -0.028094
0.000101, -0.999582, -0.009389, -0.027173
0.000703, -0.999578, -0.009464, -0.027291
0.000715, -0.999588, -0.009553, -0.026905
0.000663, -0.999598, -0.009614, -0.026499
0.000536, -0.999615, -0.009664, -0.025838
0.000495, -0.999606, -0.009730, -0.026172
0.000242, -0.999609, -0.009825, -0.025993
0.000466, -0.999610, -0.009949, -0.025917
0.000628, -0.999662, -0.010046, -0.023796
0.000763, -0.999660, -0.010103, -0.023824
0.000359, -0.999685, -0.010150, -0.022759
0.000355, -0.999697, -0.010207, -0.022215
0.000468, -0.999703, -0.010279, -0.021902
0.000465, -0.999711, -0.010346, -0.021508
0.000657, -0.999682, -0.010429, -0.022780
0.000709, -0.999753, -0.010491, -0.019359
0.000326, -0.999771, -0.010528, -0.018376
0.000454, -0.999781, -0.010575, -0.017789
0.000635, -0.999796, -0.010638, -0.016886
0.000691, -0.999809, -0.010715, -0.016091
-0.000355, -0.999829, -0.010786, -0.014706
-0.000127, -0.999819, -0.010839, -0.015335
0.000162, -0.999834, -0.010896, -0.014330
0.000212, -0.999844, -0.010958, -0.013537
0.000392, -0.999848, -0.011032, -0.013176
0.000851, -0.999855, -0.011093, -0.012570
-0.000154, -0.999874, -0.011158, -0.010863
0.000705, -0.999890, -0.011197, -0.009245
0.001525, -0.999898, -0.011250, -0.008112
0.000361, -0.999901, -0.011315, -0.007796
-0.000310, -0.999905, -0.011359, -0.007241
-0.000935, -0.999910, -0.011392, -0.006403
-0.000881, -0.999915, -0.011421, -0.005556
-0.000587, -0.999919, -0.011470, -0.004533
0.000070, -0.999922, -0.011538, -0.003816
0.000291, -0.999923, -0.011612, -0.003206
0.000593, -0.999924, -0.011670, -0.002706
0.000313, -0.999926, -0.011701, -0.001734
0.000134, -0.999927, -0.011728, -0.000473
0.000027, -0.999926, -0.011771, 0.000339
0.000109, -0.999925, -0.011818, 0.001093
0.000103, -0.999924, -0.011862, 0.001504
-0.000039, -0.999923, -0.011907, 0.001974
0.000161, -0.999919, -0.011946, 0.003198
0.000410, -0.999916, -0.011985, 0.003976
0.000697, -0.999912, -0.012026, 0.004644
0.000727, -0.999910, -0.012067, 0.004943
0.000216, -0.999911, -0.012121, 0.004819
0.000881, -0.999912, -0.012206, 0.004271
0.000311, -0.999912, -0.012281, 0.004085
0.000355, -0.999916, -0.012356, 0.002614
-0.001836, -0.999917, -0.012408, 0.000146
-0.002051, -0.999909, -0.012446, -0.003760
-0.001455, -0.999889, -0.012469, -0.007425
0.000033, -0.999862, -0.012468, -0.010554
0.000845, -0.999835, -0.012465, -0.012827
0.000837, -0.999808, -0.012471, -0.014811
0.000755, -0.999778, -0.012477, -0.016733
0.000661, -0.999757, -0.012491, -0.017890
0.000229, -0.999748, -0.012517, -0.018400
0.000231, -0.999745, -0.012544, -0.018534
0.000285, -0.999751, -0.012574, -0.018182
0.000688, -0.999743, -0.012594, -0.018623
0.000779, -0.999758, -0.012614, -0.017753
0.000704, -0.999766, -0.012639, -0.017294
0.000673, -0.999753, -0.012665, -0.018005
0.000461, -0.999731, -0.012679, -0.019195
0.000360, -0.999741, -0.012680, -0.018654
0.000370, -0.999753, -0.012630, -0.018032
-0.000232, -0.999771, -0.012583, -0.017062
-0.000144, -0.999774, -0.012534, -0.016918
0.000782, -0.999752, -0.012468, -0.018192
0.001057, -0.999724, -0.012443, -0.019696
0.001263, -0.999680, -0.012467, -0.021770
0.000955, -0.999635, -0.012490, -0.023773
0.001354, -0.999594, -0.012485, -0.025389
0.001592, -0.999559, -0.012478, -0.026736
0.001396, -0.999549, -0.012466, -0.027111
0.001224, -0.999532, -0.012458, -0.027761
0.003114, -0.999477, -0.012408, -0.029542
0.002370, -0.999443, -0.012434, -0.030732
0.002466, -0.999436, -0.012412, -0.030962
0.002888, -0.999396, -0.012266, -0.032238
0.000570, -0.999318, -0.012332, -0.034666
-0.002855, -0.999257, -0.012482, -0.036232
-0.004056, -0.999187, -0.012553, -0.037972
-0.003915, -0.999190, -0.012566, -0.037912
-0.001176, -0.999078, -0.012485, -0.040943
0.002272, -0.998961, -0.012368, -0.043700
0.002779, -0.998933, -0.012353, -0.044321
0.002493, -0.998936, -0.012351, -0.044268
0.003204, -0.998921, -0.012298, -0.044578
0.001172, -0.998950, -0.012376, -0.044001
-0.000021, -0.998967, -0.012426, -0.043609
-0.000396, -0.998962, -0.012447, -0.043707
-0.000888, -0.998931, -0.012478, -0.044400
-0.001244, -0.998914, -0.012496, -0.044779
0.001173, -0.998758, -0.012453, -0.048143
-0.000009, -0.998888, -0.012539, -0.045353
-0.000445, -0.998913, -0.012596, -0.044792
0.005032, -0.998557, -0.012373, -0.051935
0.003171, -0.998639, -0.012475, -0.050449
0.003255, -0.998484, -0.012519, -0.053415
0.001903, -0.998447, -0.012659, -0.054136
0.001172, -0.998429, -0.012736, -0.054474
0.000336, -0.998380, -0.012834, -0.055348
0.000635, -0.998360, -0.012856, -0.055696
0.000570, -0.998375, -0.012905, -0.055433
0.000323, -0.998381, -0.012974, -0.055295
-0.000154, -0.998381, -0.013056, -0.055284
-0.004046, -0.998483, -0.013336, -0.053178
-0.002121, -0.998488, -0.013290, -0.053212
-0.003271, -0.998534, -0.013410, -0.052257
-0.001037, -0.998502, -0.013335, -0.052967
0.001128, -0.998458, -0.013237, -0.053824
0.000958, -0.998483, -0.013258, -0.053357
0.000537, -0.998551, -0.013295, -0.052059
0.000543, -0.998622, -0.013307, -0.050668
0.000591, -0.998666, -0.013318, -0.049788
0.000338, -0.998710, -0.013347, -0.048896
0.000182, -0.998753, -0.013375, -0.048001
0.000114, -0.998773, -0.013386, -0.047590
-0.000049, -0.998819, -0.013404, -0.046605
0.000164, -0.998863, -0.013428, -0.045655
0.000008, -0.998914, -0.013481, -0.044508
0.000116, -0.998940, -0.013523, -0.043907
0.000000, -0.998997, -0.013560, -0.042584
-0.000113, -0.999033, -0.013587, -0.041709
-0.000268, -0.999067, -0.013615, -0.040890
0.000045, -0.999108, -0.013634, -0.039862
0.000137, -0.999127, -0.013655, -0.039382
0.000884, -0.999171, -0.013649, -0.038238
0.000780, -0.999193, -0.013676, -0.037651
0.001025, -0.999205, -0.013700, -0.037315
0.000821, -0.999222, -0.013750, -0.036829
0.000440, -0.999227, -0.013796, -0.036696
-0.001715, -0.999264, -0.013887, -0.035609
-0.003068, -0.999265, -0.013937, -0.035442
0.000249, -0.999215, -0.013802, -0.037026
0.001603, -0.999236, -0.013750, -0.036435
0.002032, -0.999274, -0.013740, -0.035359
0.000757, -0.999273, -0.013787, -0.035419
0.000155, -0.999308, -0.013805, -0.034414
-0.000500, -0.999325, -0.013828, -0.033893
-0.000614, -0.999363, -0.013848, -0.032745
-0.000342, -0.999401, -0.013855, -0.031576
-0.000928, -0.999432, -0.013894, -0.030555
-0.005190, -0.999512, -0.014082, -0.027233
-0.004090, -0.999567, -0.014127, -0.025327
-0.003555, -0.999573, -0.014172, -0.025140
-0.003521, -0.999565, -0.014216, -0.025425
-0.004052, -0.999580, -0.014274, -0.024701
-0.002614, -0.999563, -0.014288, -0.025572
-0.001560, -0.999579, -0.014336, -0.025006
-0.001595, -0.999573, -0.014420, -0.025191
-0.000404, -0.999534, -0.014470, -0.026708
-0.001833, -0.999516, -0.014580, -0.027252
-0.001009, -0.999517, -0.014629, -0.027226
-0.000137, -0.999509, -0.014656, -0.027550
-0.000358, -0.999429, -0.014715, -0.030278
0.000326, -0.999360, -0.014753, -0.032462
0.000184, -0.999387, -0.014830, -0.031567
0.002781, -0.999438, -0.014813, -0.029782
0.000626, -0.999356, -0.014940, -0.032492
0.003004, -0.999343, -0.014889, -0.032794
0.003600, -0.999329, -0.014913, -0.033134
0.001761, -0.999412, -0.015062, -0.030619
-0.001951, -0.999494, -0.015266, -0.027692
-0.004262, -0.999500, -0.015412, -0.027106
-0.010563, -0.999518, -0.015681, -0.024447
-0.011227, -0.999506, -0.015782, -0.024556
-0.013112, -0.999469, -0.015904, -0.025061
-0.014864, -0.999393, -0.015978, -0.027012
-0.015634, -0.999333, -0.016009, -0.028719
-0.016918, -0.999315, -0.016090, -0.028563
-0.016751, -0.999359, -0.016161, -0.027040
-0.017766, -0.999344, -0.016226, -0.026899
-0.017846, -0.999309, -0.016209, -0.028141
-0.017990, -0.999262, -0.016159, -0.029711
-0.019618, -0.999264, -0.016209, -0.028544
-0.021917, -0.999285, -0.016330, -0.025979
-0.023310, -0.999310, -0.016450, -0.023597
-0.024828, -0.999307, -0.016567, -0.022050
-0.026392, -0.999284, -0.016674, -0.021197
-0.028298, -0.999234, -0.016774, -0.020997
-0.030554, -0.999144, -0.016871, -0.022020
-0.034282, -0.998982, -0.017021, -0.023679
-0.036928, -0.998855, -0.017191, -0.024905
-0.039153, -0.998723, -0.017329, -0.026647
-0.042137, -0.998587, -0.017493, -0.027098
-0.042283, -0.998552, -0.017581, -0.028076
-0.042308, -0.998443, -0.017548, -0.031695
-0.039786, -0.998422, -0.017414, -0.035485
-0.039338, -0.998311, -0.017346, -0.038959
-0.041541, -0.998156, -0.017420, -0.040576
-0.041768, -0.998077, -0.017414, -0.042262
-0.039881, -0.998116, -0.017334, -0.043193
-0.036077, -0.998255, -0.017200, -0.043369
-0.035800, -0.998269, -0.017237, -0.043272
-0.033832, -0.998308, -0.017179, -0.043964
-0.032315, -0.998396, -0.017197, -0.043091
-0.031338, -0.998444, -0.017243, -0.042685
-0.032113, -0.998431, -0.017344, -0.042357
-0.033631, -0.998440, -0.017544, -0.040878
-0.031862, -0.998468, -0.017544, -0.041594
-0.030050, -0.998579, -0.017614, -0.040221
-0.029258, -0.998531, -0.017594, -0.041974
-0.029840, -0.998442, -0.017623, -0.043641
-0.030508, -0.998472, -0.017752, -0.042424
-0.030618, -0.998502, -0.017845, -0.041582
-0.029077, -0.998563, -0.017849, -0.041220
-0.022286, -0.998484, -0.017506, -0.047099
-0.021978, -0.998457, -0.017579, -0.047772
-0.022500, -0.998424, -0.017681, -0.048181
-0.022874, -0.998464, -0.017817, -0.047116
-0.022731, -0.998537, -0.017959, -0.045558
-0.022771, -0.998558, -0.018087, -0.045040
-0.023510, -0.998562, -0.018218, -0.044494
-0.024423, -0.998455, -0.018257, -0.046364
-0.025640, -0.998330, -0.018286, -0.048349
-0.025562, -0.998291, -0.018276, -0.049182
-0.025162, -0.998284, -0.018251, -0.049546
-0.024498, -0.998301, -0.018220, -0.049548
-0.023872, -0.998438, -0.018262, -0.046996
-0.023545, -0.998541, -0.018320, -0.044912
-0.023447, -0.998662, -0.018420, -0.042146
-0.022986, -0.998703, -0.018469, -0.041411
-0.022443, -0.998673, -0.018462, -0.042423
-0.022911, -0.998665, -0.018512, -0.042329
-0.021917, -0.998723, -0.018516, -0.041486
-0.021200, -0.998816, -0.018575, -0.039542
-0.020355, -0.998872, -0.018606, -0.038546
-0.021656, -0.998830, -0.018678, -0.038876
-0.021814, -0.998801, -0.018667, -0.039555
-0.022546, -0.998796, -0.018687, -0.039252
-0.020069, -0.998888, -0.018605, -0.038277
-0.025010, -0.998954, -0.018893, -0.033162
-0.026415, -0.999007, -0.019011, -0.030291
-0.024654, -0.999070, -0.018966, -0.029734
-0.021848, -0.999156, -0.018922, -0.029055
-0.021168, -0.999173, -0.018935, -0.028933
-0.017118, -0.999207, -0.018820, -0.030499
-0.018784, -0.999102, -0.018842, -0.032845
-0.015253, -0.999159, -0.018739, -0.033016
-0.014729, -0.999150, -0.018734, -0.033508
-0.014479, -0.999120, -0.018764, -0.034479
-0.011757, -0.999116, -0.018694, -0.035656
-0.008498, -0.999143, -0.018584, -0.035870
-0.010332, -0.999174, -0.018710, -0.034425
-0.010696, -0.999105, -0.018737, -0.036262
-0.008825, -0.999073, -0.018689, -0.037637
-0.006987, -0.999032, -0.018636, -0.039124
-0.005722, -0.999016, -0.018615, -0.039730
-0.005821, -0.999031, -0.018627, -0.039338
-0.004538, -0.999036, -0.018586, -0.039401
-0.003269, -0.999044, -0.018554, -0.039339
-0.001843, -0.999068, -0.018535, -0.038831
-0.001653, -0.999125, -0.018579, -0.037310
-0.005770, -0.999154, -0.018741, -0.036021
-0.005241, -0.999195, -0.018766, -0.034935
-0.003979, -0.999187, -0.018756, -0.035342
-0.002050, -0.999149, -0.018731, -0.036569
-0.001452, -0.999143, -0.018764, -0.036739
-0.001589, -0.999177, -0.018833, -0.035757
-0.002958, -0.999188, -0.018941, -0.035325
-0.003995, -0.999203, -0.019016, -0.034756
-0.006667, -0.999205, -0.019129, -0.034222
-0.006448, -0.999210, -0.019148, -0.034084
-0.008324, -0.999151, -0.019220, -0.035369
-0.007789, -0.999151, -0.019266, -0.035463
-0.008729, -0.999091, -0.019335, -0.036865
-0.011231, -0.999026, -0.019447, -0.037857
-0.011106, -0.999027, -0.019468, -0.037860
-0.008287, -0.999073, -0.019396, -0.037407
-0.006786, -0.999045, -0.019343, -0.038477
-0.003842, -0.998988, -0.019208, -0.040381
-0.003593, -0.998957, -0.019177, -0.041176
-0.003451, -0.998990, -0.019162, -0.040380
-0.003299, -0.999032, -0.019154, -0.039344
-0.003265, -0.999059, -0.019152, -0.038654
-0.003167, -0.999060, -0.019139, -0.038659
-0.003214, -0.999043, -0.019127, -0.039088
-0.003105, -0.999046, -0.019116, -0.039031
-0.003066, -0.999074, -0.019119, -0.038302
-0.002979, -0.999109, -0.019128, -0.037387
-0.002904, -0.999133, -0.019140, -0.036736
-0.002963, -0.999126, -0.019156, -0.036915
-0.003027, -0.999111, -0.019156, -0.037305
-0.004669, -0.999092, -0.019214, -0.037622
-0.003883, -0.999093, -0.019179, -0.037710
-0.003760, -0.999084, -0.019164, -0.037955
-0.002888, -0.999101, -0.019128, -0.037617
-0.003209, -0.999104, -0.019141, -0.037489
-0.003583, -0.999108, -0.019156, -0.037349
-0.003696, -0.999112, -0.019165, -0.037221
-0.003389, -0.999129, -0.019156, -0.036795
-0.003097, -0.999134, -0.019144, -0.036691
-0.002442, -0.999142, -0.019111, -0.036534
-0.003093, -0.999136, -0.019130, -0.036654
-0.003387, -0.999135, -0.019129, -0.036662
-0.003612, -0.999156, -0.019130, -0.036056
-0.004304, -0.999161, -0.019147, -0.035815
-0.004548, -0.999176, -0.019153, -0.035370
-0.005281, -0.999172, -0.019178, -0.035377
-0.005856, -0.999172, -0.019198, -0.035256
-0.006483, -0.999169, -0.019224, -0.035232
-0.006758, -0.999191, -0.019231, -0.034545
-0.008011, -0.999185, -0.019280, -0.034409
-0.007193, -0.999195, -0.019256, -0.034314
-0.006847, -0.999196, -0.019240, -0.034381
-0.010471, -0.999128, -0.019346, -0.035358
-0.010343, -0.999145, -0.019335, -0.034922
-0.008816, -0.999194, -0.019282, -0.033967
-0.006193, -0.999247, -0.019199, -0.033014
-0.005290, -0.999252, -0.019164, -0.033046
-0.004998, -0.999255, -0.019151, -0.033013
-0.005273, -0.999268, -0.019161, -0.032564
-0.005306, -0.999274, -0.019162, -0.032380
-0.005094, -0.999275, -0.019153, -0.032383
-0.005010, -0.999275, -0.019145, -0.032391
-0.004922, -0.999280, -0.019136, -0.032257
-0.004810, -0.999292, -0.019128, -0.031888
-0.004905, -0.999293, -0.019124, -0.031858
-0.005026, -0.999289, -0.019120, -0.031974
-0.005391, -0.999293, -0.019129, -0.031769
-0.005618, -0.999295, -0.019132, -0.031673
-0.005493, -0.999298, -0.019124, -0.031592
-0.005443, -0.999295, -0.019114, -0.031728
-0.005502, -0.999297, -0.019110, -0.031628
-0.005689, -0.999297, -0.019112, -0.031594
-0.005749, -0.999300, -0.019111, -0.031519
-0.005918, -0.999299, -0.019112, -0.031499
-0.006098, -0.999301, -0.019110, -0.031410
-0.005044, -0.999336, -0.019080, -0.030494
-0.005054, -0.999334, -0.019077, -0.030549
-0.005214, -0.999327, -0.019078, -0.030738
-0.005306, -0.999321, -0.019077, -0.030931
-0.005505, -0.999318, -0.019080, -0.030983
-0.005733, -0.999317, -0.019083, -0.030996
-0.005844, -0.999319, -0.019085, -0.030896
-0.005920, -0.999322, -0.019087, -0.030794
-0.006140, -0.999318, -0.019091, -0.030858
-0.006244, -0.999313, -0.019091, -0.031002
-0.006196, -0.999312, -0.019088, -0.031039
-0.006295, -0.999313, -0.019088, -0.031001
-0.006302, -0.999316, -0.019086, -0.030910
-0.006224, -0.999315, -0.019080, -0.030939
-0.006197, -0.999317, -0.019077, -0.030902
-0.006332, -0.999314, -0.019079, -0.030965
-0.006488, -0.999311, -0.019082, -0.031039
-0.006678, -0.999307, -0.019086, -0.031101
-0.006503, -0.999310, -0.019079, -0.031061
-0.006178, -0.999313, -0.019065, -0.031052
-0.006181, -0.999313, -0.019062, -0.031026
-0.006341, -0.999313, -0.019065, -0.031011
-0.006380, -0.999317, -0.019066, -0.030875
-0.006290, -0.999315, -0.019061, -0.030950
-0.006256, -0.999313, -0.019059, -0.031016
-0.006265, -0.999312, -0.019057, -0.031069
-0.006160, -0.999314, -0.019053, -0.031000
-0.006030, -0.999315, -0.019046, -0.031018
-0.005858, -0.999313, -0.019035, -0.031107
-0.005828, -0.999311, -0.019029, -0.031199
-0.005944, -0.999313, -0.019028, -0.031111
-0.005923, -0.999317, -0.019022, -0.030990
-0.005420, -0.999317, -0.019003, -0.031077
-0.005394, -0.999324, -0.019002, -0.030872
-0.005659, -0.999323, -0.019008, -0.030855
-0.007465, -0.999271, -0.019052, -0.032093
-0.007033, -0.999289, -0.019036, -0.031644
-0.006957, -0.999300, -0.019031, -0.031305
-0.006834, -0.999305, -0.019024, -0.031180
-0.006852, -0.999307, -0.019023, -0.031106
-0.006986, -0.999310, -0.019026, -0.030986
-0.006940, -0.999316, -0.019024, -0.030816
-0.006779, -0.999317, -0.019015, -0.030797
-0.006741, -0.999318, -0.019009, -0.030788
-0.007023, -0.999317, -0.019014, -0.030762
