0.568470, -0.423819, 0.561227, 0.426889
0.568567, -0.423760, 0.561130, 0.426946
0.568742, -0.423657, 0.560954, 0.427047
0.568754, -0.423709, 0.560941, 0.426997
0.568233, -0.424225, 0.561465, 0.426489
0.568233, -0.424189, 0.561467, 0.426523
0.568316, -0.424111, 0.561384, 0.426598
0.568442, -0.424054, 0.561258, 0.426652
0.568529, -0.424003, 0.561172, 0.426701
0.568506, -0.424016, 0.561196, 0.426686
0.568423, -0.424007, 0.561282, 0.426694
0.568418, -0.423950, 0.561288, 0.426749
0.568438, -0.423935, 0.561269, 0.426762
0.568436, -0.423919, 0.561272, 0.426776
0.568369, -0.423956, 0.561341, 0.426738
0.568394, -0.423959, 0.561317, 0.426734
0.568424, -0.423972, 0.561288, 0.426719
0.568463, -0.423956, 0.561250, 0.426734
0.568444, -0.423964, 0.561270, 0.426724
0.568405, -0.424006, 0.561311, 0.426681
0.568352, -0.423970, 0.561365, 0.426715
0.568367, -0.423998, 0.561352, 0.426686
0.568355, -0.423988, 0.561364, 0.426694
0.568339, -0.424036, 0.561382, 0.426645
0.568287, -0.424072, 0.561436, 0.426608
0.568262, -0.424035, 0.561462, 0.426643
0.568235, -0.424060, 0.561490, 0.426617
0.568210, -0.424014, 0.561516, 0.426661
0.568217, -0.423990, 0.561511, 0.426684
0.568265, -0.423936, 0.561464, 0.426735
0.568269, -0.423954, 0.561461, 0.426716
0.568294, -0.423952, 0.561437, 0.426716
0.568290, -0.423986, 0.561442, 0.426681
0.568311, -0.423979, 0.561422, 0.426686
0.568288, -0.423987, 0.561446, 0.426677
0.568302, -0.423900, 0.561434, 0.426762
0.568348, -0.423920, 0.561388, 0.426740
0.568423, -0.423924, 0.561314, 0.426734
0.568406, -0.423974, 0.561332, 0.426684
0.568263, -0.424045, 0.561477, 0.426612
0.568283, -0.424084, 0.561458, 0.426572
0.568291, -0.424106, 0.561451, 0.426549
0.568300, -0.424106, 0.561443, 0.426547
0.568337, -0.424031, 0.561407, 0.426619
0.568330, -0.424032, 0.561415, 0.426617
0.568375, -0.424098, 0.561371, 0.426551
0.568428, -0.424037, 0.561318, 0.426609
0.568424, -0.423992, 0.561324, 0.426652
0.568484, -0.423972, 0.561265, 0.426670
0.568551, -0.423908, 0.561198, 0.426732
0.568535, -0.423961, 0.561216, 0.426678
0.568537, -0.423959, 0.561214, 0.426678
0.568447, -0.423992, 0.561306, 0.426644
0.568389, -0.424042, 0.561366, 0.426593
0.568362, -0.424066, 0.561394, 0.426567
0.568397, -0.424026, 0.561360, 0.426606
0.568419, -0.423981, 0.561340, 0.426649
0.568412, -0.423997, 0.561348, 0.426632
0.568432, -0.424022, 0.561329, 0.426605
0.568575, -0.423914, 0.561185, 0.426709
0.568763, -0.423825, 0.560998, 0.426795
0.568912, -0.423704, 0.560848, 0.426913
0.569134, -0.423529, 0.560624, 0.427084
0.569111, -0.423507, 0.560649, 0.427105
0.568985, -0.423657, 0.560778, 0.426955
0.568951, -0.423744, 0.560813, 0.426868
0.569040, -0.423676, 0.560725, 0.426932
0.569082, -0.423627, 0.560683, 0.426980
0.569132, -0.423591, 0.560634, 0.427013
0.569206, -0.423536, 0.560560, 0.427066
0.569090, -0.423609, 0.560679, 0.426992
0.569015, -0.423723, 0.560753, 0.426882
0.568676, -0.423374, 0.561098, 0.427227
0.568272, -0.423447, 0.561507, 0.427154
0.568169, -0.423898, 0.561611, 0.426708
0.568362, -0.424389, 0.561413, 0.426223
0.568286, -0.424570, 0.561489, 0.426044
0.567992, -0.424604, 0.561786, 0.426010
0.567693, -0.424328, 0.562090, 0.426282
0.567780, -0.424286, 0.562006, 0.426320
0.567789, -0.424299, 0.562001, 0.426300
0.567325, -0.424411, 0.562471, 0.426187
0.567970, -0.424356, 0.561824, 0.426238
0.567833, -0.424480, 0.561961, 0.426113
0.568026, -0.424558, 0.561768, 0.426034
0.567817, -0.424509, 0.561982, 0.426079
0.567518, -0.424526, 0.562287, 0.426058
0.568100, -0.424785, 0.561701, 0.425797
0.568242, -0.424698, 0.561560, 0.425880
0.568459, -0.424482, 0.561344, 0.426090
0.568519, -0.424331, 0.561287, 0.426237
0.568544, -0.424199, 0.561266, 0.426362
0.568731, -0.423996, 0.561081, 0.426558
0.569065, -0.423777, 0.560745, 0.426771
0.569423, -0.423500, 0.560385, 0.427042
0.569574, -0.423296, 0.560233, 0.427243
0.569380, -0.423437, 0.560431, 0.427102
0.569175, -0.423588, 0.560639, 0.426953
0.569109, -0.423600, 0.560707, 0.426940
0.569137, -0.423648, 0.560681, 0.426889
0.569045, -0.423692, 0.560778, 0.426840
0.569078, -0.423815, 0.560746, 0.426715
0.569098, -0.424424, 0.560723, 0.426113
0.569296, -0.423713, 0.560528, 0.426813
0.569127, -0.423663, 0.560705, 0.426856
0.568386, -0.424231, 0.561458, 0.426288
0.567497, -0.424549, 0.562357, 0.425970
0.568963, -0.423838, 0.560884, 0.426664
0.565568, -0.423235, 0.564315, 0.427253
0.565678, -0.423159, 0.564212, 0.427319
0.565172, -0.424129, 0.564728, 0.426344
0.566483, -0.424410, 0.563409, 0.426069
0.567770, -0.423988, 0.562099, 0.426507
0.569318, -0.423209, 0.560512, 0.427304
0.566902, -0.424327, 0.562948, 0.426204
0.566159, -0.424971, 0.563696, 0.425560
0.566309, -0.425014, 0.563547, 0.425515
0.567048, -0.424536, 0.562806, 0.425989
0.567100, -0.424512, 0.562753, 0.426012
0.566459, -0.425027, 0.563400, 0.425497
0.565785, -0.425577, 0.564080, 0.424943
0.565625, -0.425714, 0.564245, 0.424800
0.565548, -0.425272, 0.564328, 0.425234
0.566829, -0.424884, 0.563040, 0.425624
0.567826, -0.424681, 0.562035, 0.425825
0.568360, -0.425239, 0.561493, 0.425271
0.567970, -0.425536, 0.561885, 0.424977
0.567762, -0.425575, 0.562096, 0.424939
0.567712, -0.425391, 0.562147, 0.425121
0.567795, -0.425276, 0.562063, 0.425236
0.567743, -0.424983, 0.562118, 0.425525
0.567583, -0.424977, 0.562290, 0.425517
0.568596, -0.424308, 0.561276, 0.426172
0.569135, -0.424503, 0.560723, 0.425985
0.570367, -0.424658, 0.559469, 0.425831
0.569165, -0.425082, 0.560681, 0.425424
0.567589, -0.425554, 0.562267, 0.424964
0.567436, -0.425509, 0.562422, 0.425009
0.567605, -0.425295, 0.562253, 0.425219
0.568176, -0.424773, 0.561681, 0.425734
0.568592, -0.424349, 0.561264, 0.426153
0.568756, -0.424116, 0.561098, 0.426383
0.568611, -0.424101, 0.561244, 0.426399
0.568577, -0.424109, 0.561278, 0.426391
0.568573, -0.424216, 0.561283, 0.426284
0.568675, -0.424088, 0.561182, 0.426409
0.568700, -0.424056, 0.561163, 0.426432
0.565936, -0.423034, 0.563959, 0.427434
0.567226, -0.423428, 0.562665, 0.427039
0.568522, -0.423852, 0.561359, 0.426613
0.566517, -0.422257, 0.563388, 0.428187
0.566467, -0.422878, 0.563442, 0.427567
0.566519, -0.423448, 0.563391, 0.427002
0.566733, -0.423622, 0.563174, 0.426832
0.567234, -0.423544, 0.562669, 0.426909
0.567086, -0.423840, 0.562816, 0.426617
0.566856, -0.424341, 0.563049, 0.426117
0.566331, -0.424926, 0.563577, 0.425534
0.565956, -0.425315, 0.563954, 0.425145
0.565626, -0.425618, 0.564284, 0.424842
0.565491, -0.425852, 0.564418, 0.424610
0.565499, -0.425892, 0.564397, 0.424587
0.566515, -0.426575, 0.563354, 0.423932
0.566238, -0.425416, 0.563611, 0.425123
0.565304, -0.425138, 0.564536, 0.425416
0.566256, -0.425502, 0.563568, 0.425070
0.565763, -0.426756, 0.563994, 0.423904
0.566690, -0.432703, 0.562940, 0.417997
0.566924, -0.434580, 0.562626, 0.416149
0.564945, -0.430534, 0.564623, 0.420321
0.565124, -0.430269, 0.564441, 0.420596
0.564924, -0.429136, 0.564639, 0.421754
0.565152, -0.428459, 0.564416, 0.422435
0.565283, -0.428077, 0.564285, 0.422822
0.565441, -0.428421, 0.564116, 0.422488
0.565529, -0.429562, 0.564015, 0.421346
0.565554, -0.428577, 0.563999, 0.422334
0.565489, -0.428278, 0.564068, 0.422634
0.565278, -0.428124, 0.564277, 0.422791
0.564787, -0.428370, 0.564758, 0.422557
0.565090, -0.427968, 0.564457, 0.422962
0.565073, -0.427778, 0.564475, 0.423151
0.565221, -0.427485, 0.564331, 0.423444
0.565332, -0.427323, 0.564198, 0.423635
0.565364, -0.427537, 0.564158, 0.423429
0.565011, -0.427480, 0.564488, 0.423519
0.565133, -0.428568, 0.564333, 0.422462
0.565415, -0.427705, 0.564042, 0.423346
0.565670, -0.426948, 0.563788, 0.424108
0.565935, -0.426590, 0.563519, 0.424472
0.566240, -0.426550, 0.563186, 0.424548
0.566712, -0.426727, 0.562692, 0.424394
0.566452, -0.426448, 0.562940, 0.424692
0.566507, -0.425679, 0.562881, 0.425468
0.566540, -0.425733, 0.562828, 0.425440
0.566661, -0.425558, 0.562676, 0.425656
0.567073, -0.426652, 0.562221, 0.424611
0.567166, -0.426256, 0.562096, 0.425051
0.567146, -0.425941, 0.562111, 0.425374
0.567070, -0.424882, 0.562178, 0.426445
0.567290, -0.424686, 0.561946, 0.426652
0.567601, -0.424545, 0.561626, 0.426800
0.567553, -0.424697, 0.561667, 0.426659
0.567589, -0.424712, 0.561631, 0.426644
0.567630, -0.424717, 0.561591, 0.426638
0.567661, -0.424793, 0.561553, 0.426569
0.567602, -0.424837, 0.561606, 0.426534
0.567532, -0.424820, 0.561674, 0.426555
0.567529, -0.424901, 0.561674, 0.426479
0.567699, -0.425475, 0.561492, 0.425920
0.567208, -0.425237, 0.561979, 0.426168
0.567405, -0.425608, 0.561760, 0.425825
0.567653, -0.425599, 0.561491, 0.425856
0.567440, -0.424467, 0.561699, 0.426996
0.567795, -0.423902, 0.561327, 0.427574
0.568002, -0.423562, 0.561116, 0.427912
0.568069, -0.423358, 0.561049, 0.428113
0.568155, -0.423528, 0.560952, 0.427958
0.570251, -0.426318, 0.558763, 0.425255
0.571225, -0.427343, 0.557743, 0.424257
0.571378, -0.426583, 0.557575, 0.425036
0.571510, -0.426082, 0.557436, 0.425542
0.571380, -0.424690, 0.557564, 0.426940
0.572943, -0.425876, 0.555924, 0.425800
0.572537, -0.425017, 0.556335, 0.426667
0.571623, -0.423932, 0.557246, 0.427782
0.572089, -0.424860, 0.556752, 0.426880
0.571678, -0.423552, 0.557158, 0.428199
0.571845, -0.423279, 0.556981, 0.428476
0.571969, -0.423115, 0.556847, 0.428646
0.571780, -0.422849, 0.557003, 0.428959
0.573065, -0.423621, 0.555650, 0.428237
0.573931, -0.424743, 0.554724, 0.427165
0.572742, -0.423206, 0.555952, 0.428686
0.572226, -0.422403, 0.556487, 0.429473
0.572225, -0.422265, 0.556459, 0.429647
0.573187, -0.422842, 0.555449, 0.429103
0.572581, -0.422080, 0.556063, 0.429866
0.572280, -0.421189, 0.556374, 0.430737
0.572671, -0.421156, 0.555971, 0.430770
0.572915, -0.420944, 0.555685, 0.431023
0.575923, -0.423924, 0.552546, 0.428118
0.576375, -0.423562, 0.552069, 0.428483
0.575869, -0.420539, 0.552616, 0.431425
0.575547, -0.418388, 0.552962, 0.433499
0.577408, -0.418848, 0.551014, 0.433059
0.576760, -0.417099, 0.551681, 0.434759
0.577695, -0.417879, 0.550674, 0.434045
0.579004, -0.418611, 0.549248, 0.433403
0.579595, -0.417681, 0.548590, 0.434341
0.579114, -0.415047, 0.549077, 0.436885
0.580000, -0.414985, 0.548104, 0.436991
0.580713, -0.414093, 0.547324, 0.437867
0.581062, -0.412648, 0.546900, 0.439295
0.581996, -0.412616, 0.545855, 0.439389
0.582488, -0.412687, 0.545265, 0.439401
0.583053, -0.413303, 0.544592, 0.438910
0.582450, -0.412883, 0.545163, 0.439395
0.583131, -0.413294, 0.544348, 0.439116
0.582299, -0.413431, 0.545151, 0.439096
0.582429, -0.414292, 0.544933, 0.438381
0.582568, -0.414552, 0.544706, 0.438234
0.582641, -0.414338, 0.544562, 0.438516
0.583019, -0.414425, 0.544101, 0.438505
0.582363, -0.413766, 0.544746, 0.439198
0.582728, -0.415060, 0.544281, 0.438067
0.582139, -0.415152, 0.544846, 0.438060
0.581634, -0.414903, 0.545322, 0.438375
0.582994, -0.416511, 0.543788, 0.436947
0.581108, -0.415239, 0.545717, 0.438263
0.579982, -0.414093, 0.546825, 0.439456
0.580638, -0.414675, 0.546065, 0.438985
0.579882, -0.414787, 0.546819, 0.438941
0.579301, -0.414984, 0.547382, 0.438820
0.578307, -0.415544, 0.548381, 0.438353
0.577608, -0.415819, 0.549074, 0.438147
0.576718, -0.415631, 0.549967, 0.438378
0.575719, -0.415289, 0.550960, 0.438768
0.574648, -0.415403, 0.552021, 0.438730
0.573446, -0.416377, 0.553195, 0.437899
0.573682, -0.417257, 0.552845, 0.437195
0.572276, -0.415934, 0.554220, 0.438555
0.573287, -0.416526, 0.553115, 0.438067
0.574114, -0.417921, 0.552208, 0.436799
0.573296, -0.418464, 0.553015, 0.436332
0.572478, -0.418758, 0.553825, 0.436096
0.572210, -0.419108, 0.554058, 0.435815
0.572002, -0.419607, 0.554230, 0.435389
0.571797, -0.419487, 0.554396, 0.435564
0.571826, -0.419792, 0.554319, 0.435329
0.571569, -0.420252, 0.554542, 0.434939
0.571499, -0.420425, 0.554573, 0.434824
0.571045, -0.420453, 0.555010, 0.434836
0.570715, -0.420291, 0.555311, 0.435041
0.570735, -0.420723, 0.555246, 0.434680
0.570878, -0.420261, 0.555055, 0.435184
0.571234, -0.420560, 0.554629, 0.434970
0.573568, -0.421120, 0.552155, 0.434504
0.572496, -0.420977, 0.553206, 0.434719
0.573834, -0.420433, 0.551767, 0.435310
0.573670, -0.419858, 0.551899, 0.435913
0.573874, -0.419681, 0.551648, 0.436133
0.574103, -0.420068, 0.551363, 0.435820
0.574601, -0.419992, 0.550801, 0.435947
0.575321, -0.419461, 0.550019, 0.436495
0.575919, -0.418882, 0.549375, 0.437073
0.576620, -0.418325, 0.548631, 0.437617
0.576899, -0.417889, 0.548328, 0.438045
0.577213, -0.418005, 0.547980, 0.437958
0.577310, -0.418077, 0.547857, 0.437914
0.577290, -0.418185, 0.547857, 0.437838
0.577503, -0.418147, 0.547609, 0.437903
0.577738, -0.417903, 0.547342, 0.438159
0.577906, -0.417509, 0.547152, 0.438552
0.578012, -0.417993, 0.547014, 0.438122
0.578286, -0.418041, 0.546699, 0.438109
0.578382, -0.418086, 0.546562, 0.438110
0.578355, -0.418181, 0.546547, 0.438073
0.578860, -0.417957, 0.545975, 0.438332
0.579613, -0.417326, 0.545159, 0.438954
0.579976, -0.416926, 0.544758, 0.439354
0.579887, -0.417106, 0.544807, 0.439238
0.579110, -0.417198, 0.545605, 0.439185
0.579547, -0.417092, 0.545112, 0.439321
0.579994, -0.416373, 0.544616, 0.440029
0.580546, -0.415624, 0.544009, 0.440759
0.581269, -0.415158, 0.543212, 0.441228
0.581792, -0.415103, 0.542615, 0.441324
0.582613, -0.415208, 0.541696, 0.441272
0.583036, -0.415142, 0.541202, 0.441381
0.583294, -0.414631, 0.540906, 0.441884
0.583244, -0.413976, 0.540937, 0.442525
0.583121, -0.413643, 0.541046, 0.442866
0.583247, -0.413396, 0.540903, 0.443105
0.583166, -0.413562, 0.540961, 0.442986
0.583388, -0.413426, 0.540699, 0.443140
0.583459, -0.413460, 0.540602, 0.443133
0.583517, -0.413417, 0.540535, 0.443179
0.583552, -0.413431, 0.540474, 0.443195
0.583499, -0.413566, 0.540503, 0.443103
0.583108, -0.413998, 0.540898, 0.442731
0.583251, -0.414030, 0.540717, 0.442733
0.583221, -0.414193, 0.540713, 0.442626
0.583105, -0.414396, 0.540789, 0.442496
0.583058, -0.414545, 0.540798, 0.442407
0.583107, -0.414490, 0.540711, 0.442501
0.582934, -0.414638, 0.540860, 0.442408
0.582928, -0.414758, 0.540822, 0.442351
0.583007, -0.414704, 0.540680, 0.442470
0.583270, -0.414621, 0.540356, 0.442596
0.583247, -0.414486, 0.540341, 0.442772
0.583137, -0.414198, 0.540427, 0.443082
0.583170, -0.414494, 0.540356, 0.442847
0.583083, -0.414661, 0.540414, 0.442735
0.583145, -0.414565, 0.540325, 0.442852
0.582940, -0.414679, 0.540515, 0.442783
0.583080, -0.414931, 0.540325, 0.442594
0.583225, -0.414511, 0.540156, 0.443003
0.583011, -0.414486, 0.540385, 0.443030
0.582501, -0.415130, 0.540912, 0.442454
0.582291, -0.415370, 0.541112, 0.442261
0.581843, -0.415689, 0.541558, 0.442004
0.581638, -0.415954, 0.541744, 0.441797
0.581599, -0.416004, 0.541744, 0.441800
0.581463, -0.415791, 0.541874, 0.442022
0.581255, -0.416203, 0.542076, 0.441658
0.581200, -0.416631, 0.542111, 0.441285
0.580861, -0.416929, 0.542439, 0.441046
0.580692, -0.416927, 0.542586, 0.441090
0.580658, -0.416960, 0.542603, 0.441083
0.580707, -0.416856, 0.542517, 0.441222
0.580794, -0.416965, 0.542385, 0.441167
0.580626, -0.417179, 0.542527, 0.441011
0.580209, -0.417232, 0.542943, 0.440998
0.579880, -0.417440, 0.543257, 0.440847
0.579965, -0.417302, 0.543139, 0.441011
0.579694, -0.417149, 0.543391, 0.441202
0.579472, -0.417494, 0.543594, 0.440917
0.578750, -0.418058, 0.544334, 0.440418
0.578858, -0.418114, 0.544183, 0.440410
0.579605, -0.418217, 0.543337, 0.440373
0.579485, -0.418219, 0.543425, 0.440420
0.578807, -0.418274, 0.544120, 0.440402
0.579381, -0.417983, 0.543492, 0.440699
0.579166, -0.418304, 0.543694, 0.440427
0.579004, -0.418226, 0.543834, 0.440541
0.579367, -0.417916, 0.543419, 0.440872
0.579753, -0.417622, 0.542992, 0.441167
0.579917, -0.417291, 0.542815, 0.441483
0.580016, -0.417151, 0.542712, 0.441613
0.579917, -0.417199, 0.542817, 0.441568
0.579936, -0.417284, 0.542779, 0.441509
0.580060, -0.417150, 0.542607, 0.441684
0.580167, -0.417035, 0.542455, 0.441840
0.580392, -0.417036, 0.542206, 0.441850
0.580197, -0.416962, 0.542389, 0.441950
0.580810, -0.417600, 0.541699, 0.441388
0.580636, -0.417895, 0.541865, 0.441133
0.580068, -0.417871, 0.542446, 0.441190
0.580342, -0.417825, 0.542119, 0.441276
0.580296, -0.417729, 0.542134, 0.441408
0.580135, -0.417408, 0.542296, 0.441725
0.579861, -0.417438, 0.542586, 0.441699
0.579681, -0.417538, 0.542769, 0.441616
0.579883, -0.417817, 0.542520, 0.441393
0.580460, -0.418057, 0.541865, 0.441212
0.580133, -0.417733, 0.542188, 0.441552
0.579965, -0.418044, 0.542359, 0.441268
0.579768, -0.418125, 0.542543, 0.441224
0.580004, -0.418112, 0.542273, 0.441258
0.579869, -0.418394, 0.542387, 0.441028
0.580161, -0.418194, 0.542046, 0.441252
0.580037, -0.417741, 0.542154, 0.441712
0.579967, -0.417654, 0.542210, 0.441819
0.580142, -0.417606, 0.541986, 0.441909
0.581314, -0.417777, 0.540687, 0.441798
0.581425, -0.417986, 0.540503, 0.441680
0.580938, -0.417339, 0.540969, 0.442361
0.577665, -0.417796, 0.544402, 0.442003
0.578507, -0.417758, 0.543477, 0.442077
0.576103, -0.418828, 0.546009, 0.441083
0.576685, -0.418379, 0.545394, 0.441508
0.577199, -0.418438, 0.544835, 0.441473
0.577693, -0.418288, 0.544285, 0.441646
0.577588, -0.417979, 0.544381, 0.441957
0.577648, -0.417477, 0.544296, 0.442457
0.577952, -0.417505, 0.543959, 0.442449
0.578297, -0.417705, 0.543572, 0.442285
0.578737, -0.417947, 0.543084, 0.442081
0.578855, -0.418018, 0.542932, 0.442046
0.579084, -0.418029, 0.542647, 0.442085
0.579671, -0.418518, 0.541967, 0.441688
0.580314, -0.418628, 0.541223, 0.441651
0.579039, -0.418983, 0.542531, 0.441383
0.578773, -0.418023, 0.542781, 0.442334
0.578924, -0.419343, 0.542582, 0.441128
0.578193, -0.419178, 0.543329, 0.441325
0.576851, -0.418371, 0.544730, 0.442119
0.576747, -0.418316, 0.544825, 0.442191
0.576454, -0.418612, 0.545117, 0.441930
0.576740, -0.419123, 0.544798, 0.441467
0.576612, -0.419051, 0.544925, 0.441546
0.576329, -0.419511, 0.545205, 0.441133
0.575786, -0.420072, 0.545754, 0.440630
0.575864, -0.419984, 0.545664, 0.440723
0.575958, -0.420012, 0.545547, 0.440717
0.576268, -0.420259, 0.545189, 0.440520
0.576362, -0.420744, 0.545057, 0.440096
0.575006, -0.421376, 0.546444, 0.439547
0.576017, -0.421673, 0.545337, 0.439312
0.574460, -0.421417, 0.546952, 0.439589
0.573433, -0.421133, 0.548020, 0.439872
0.574684, -0.420696, 0.546726, 0.440268
0.577916, -0.420408, 0.543330, 0.440517
0.576832, -0.420351, 0.544478, 0.440574
0.575126, -0.420594, 0.546262, 0.440363
0.575278, -0.419467, 0.546090, 0.441452
0.574685, -0.419434, 0.546708, 0.441491
0.574703, -0.419412, 0.546693, 0.441507
0.575545, -0.418921, 0.545809, 0.441969
0.575980, -0.418431, 0.545335, 0.442453
0.576669, -0.418168, 0.544571, 0.442744
0.577382, -0.417906, 0.543790, 0.443022
0.578114, -0.417469, 0.542999, 0.443449
0.578846, -0.417039, 0.542212, 0.443861
0.579726, -0.416405, 0.541275, 0.444452
0.580812, -0.415671, 0.540124, 0.445121
0.581143, -0.415518, 0.539762, 0.445271
0.581149, -0.415980, 0.539708, 0.444897
0.581870, -0.415818, 0.538861, 0.445133
0.582458, -0.415195, 0.538160, 0.445792
0.583061, -0.414416, 0.537465, 0.446567
0.583733, -0.413674, 0.536708, 0.447286
0.583442, -0.413766, 0.536992, 0.447242
0.584003, -0.413152, 0.536353, 0.447841
0.585558, -0.411641, 0.534619, 0.449275
0.587234, -0.409925, 0.532748, 0.450875
0.588475, -0.408942, 0.531363, 0.451783
0.589192, -0.408425, 0.530568, 0.452251
0.589677, -0.408089, 0.530030, 0.452553
0.590427, -0.407497, 0.529190, 0.453091
0.591091, -0.406967, 0.528444, 0.453572
0.591552, -0.406623, 0.527926, 0.453882
0.592334, -0.406084, 0.527052, 0.454360
0.592697, -0.405757, 0.526643, 0.454653
0.592945, -0.405623, 0.526351, 0.454787
0.593046, -0.405660, 0.526218, 0.454777
0.593552, -0.405217, 0.525634, 0.455188
0.594157, -0.404795, 0.524945, 0.455567
0.594305, -0.404681, 0.524771, 0.455677
0.594554, -0.404513, 0.524483, 0.455832
0.594632, -0.404399, 0.524386, 0.455943
0.594938, -0.403944, 0.524038, 0.456349
0.595033, -0.403795, 0.523923, 0.456488
0.595186, -0.403862, 0.523744, 0.456435
0.595159, -0.403871, 0.523774, 0.456428
0.595204, -0.403818, 0.523722, 0.456475
0.595177, -0.403812, 0.523752, 0.456481
0.595205, -0.403837, 0.523716, 0.456464
0.595086, -0.403982, 0.523849, 0.456338
0.595266, -0.403749, 0.523646, 0.456543
0.595420, -0.403969, 0.523469, 0.456349
0.595393, -0.403892, 0.523492, 0.456426
0.595297, -0.403855, 0.523597, 0.456465
0.595454, -0.403762, 0.523413, 0.456553
0.595537, -0.403598, 0.523320, 0.456697
0.595548, -0.403565, 0.523309, 0.456723
0.595383, -0.403692, 0.523498, 0.456610
0.595241, -0.403800, 0.523661, 0.456513
0.595261, -0.403935, 0.523640, 0.456392
0.595346, -0.403896, 0.523544, 0.456424
0.595450, -0.403817, 0.523429, 0.456492
0.595459, -0.403818, 0.523420, 0.456489
0.595393, -0.403885, 0.523496, 0.456429
0.595201, -0.403987, 0.523715, 0.456339
0.595245, -0.403947, 0.523666, 0.456372
0.595402, -0.403809, 0.523490, 0.456491
0.595436, -0.403815, 0.523454, 0.456483
0.595266, -0.403921, 0.523649, 0.456388
0.595099, -0.404085, 0.523838, 0.456242
0.594987, -0.404180, 0.523967, 0.456157
0.594976, -0.404170, 0.523981, 0.456164
0.595043, -0.404076, 0.523907, 0.456244
0.595057, -0.404052, 0.523894, 0.456263
0.594993, -0.404226, 0.523966, 0.456109
0.594971, -0.404290, 0.523993, 0.456050
0.594931, -0.404307, 0.524040, 0.456034
0.595008, -0.404243, 0.523954, 0.456089
0.595072, -0.404172, 0.523883, 0.456150
0.594980, -0.404276, 0.523989, 0.456057
0.594878, -0.404292, 0.524105, 0.456041
0.594854, -0.404360, 0.524133, 0.455980
0.594804, -0.404409, 0.524190, 0.455935
0.594803, -0.404469, 0.524193, 0.455881
0.594850, -0.404442, 0.524140, 0.455904
0.594973, -0.404364, 0.523999, 0.455974
0.594937, -0.404403, 0.524036, 0.455945
0.594905, -0.404455, 0.524066, 0.455906
0.594959, -0.404520, 0.523996, 0.455858
0.594939, -0.404357, 0.524018, 0.456003
0.594874, -0.404372, 0.524089, 0.455994
0.594795, -0.404617, 0.524163, 0.455795
0.594646, -0.404574, 0.524325, 0.455840
0.594570, -0.404642, 0.524409, 0.455782
0.594482, -0.404628, 0.524510, 0.455794
0.594348, -0.404815, 0.524654, 0.455637
0.594203, -0.404948, 0.524803, 0.455537
0.594294, -0.405804, 0.524685, 0.454791
0.594232, -0.405420, 0.524753, 0.455136
0.594171, -0.405032, 0.524818, 0.455485
0.594074, -0.405168, 0.524917, 0.455378
0.593929, -0.405352, 0.525069, 0.455227
0.593680, -0.405347, 0.525343, 0.455241
0.593486, -0.405419, 0.525559, 0.455180
0.593355, -0.405599, 0.525696, 0.455032
0.593111, -0.405996, 0.525947, 0.454706
0.592974, -0.407001, 0.526069, 0.453845
0.592601, -0.406975, 0.526462, 0.453899
0.592417, -0.407004, 0.526650, 0.453895
0.592368, -0.408083, 0.526685, 0.452949
0.591921, -0.408357, 0.527171, 0.452721
0.591364, -0.408406, 0.527773, 0.452704
0.590667, -0.408291, 0.528531, 0.452832
0.590174, -0.408388, 0.529072, 0.452757
0.589844, -0.408612, 0.529438, 0.452556
0.589384, -0.409084, 0.529948, 0.452132
0.588912, -0.409643, 0.530462, 0.451637
0.588382, -0.410083, 0.531036, 0.451254
0.588105, -0.410382, 0.531330, 0.450998
0.587906, -0.410550, 0.531542, 0.450855
0.587712, -0.410712, 0.531753, 0.450711
0.587492, -0.410862, 0.531996, 0.450574
0.587255, -0.411139, 0.532258, 0.450321
0.587028, -0.411341, 0.532510, 0.450135
0.586847, -0.411447, 0.532710, 0.450037
0.586632, -0.411698, 0.532947, 0.449807
0.586621, -0.411929, 0.532959, 0.449596
0.586707, -0.411266, 0.532866, 0.450200
0.586690, -0.410638, 0.532890, 0.450768
0.586409, -0.410334, 0.533205, 0.451036
0.586162, -0.410671, 0.533472, 0.450736
0.585434, -0.412110, 0.534266, 0.449426
0.585774, -0.411815, 0.533893, 0.449695
0.585715, -0.411932, 0.533956, 0.449592
0.585776, -0.411970, 0.533893, 0.449552
0.586121, -0.411828, 0.533510, 0.449686
0.586211, -0.411642, 0.533416, 0.449850
0.587185, -0.411157, 0.532381, 0.450251
0.585391, -0.411820, 0.534360, 0.449637
0.585641, -0.411741, 0.534085, 0.449709
0.586277, -0.411515, 0.533379, 0.449924
0.586350, -0.411531, 0.533289, 0.449922
0.586322, -0.411604, 0.533307, 0.449870
0.586016, -0.411833, 0.533630, 0.449677
0.585451, -0.411651, 0.534234, 0.449863
0.585410, -0.412134, 0.534255, 0.449448
0.585841, -0.412422, 0.533761, 0.449210
0.586020, -0.412812, 0.533549, 0.448869
0.587150, -0.414036, 0.532289, 0.447760
0.585175, -0.412582, 0.534443, 0.449120
0.585081, -0.412618, 0.534525, 0.449111
0.584742, -0.411949, 0.534887, 0.449735
0.584289, -0.411778, 0.535374, 0.449901
0.583862, -0.412395, 0.535836, 0.449340
0.582500, -0.413120, 0.537315, 0.448675
0.582157, -0.414319, 0.537680, 0.447577
0.581660, -0.415371, 0.538207, 0.446613
0.580686, -0.415925, 0.539253, 0.446104
0.579822, -0.416534, 0.540180, 0.445537
0.579125, -0.417360, 0.540926, 0.444765
0.578164, -0.418164, 0.541947, 0.444016
0.577581, -0.418772, 0.542561, 0.443451
0.577124, -0.419193, 0.543040, 0.443062
0.575882, -0.419910, 0.544358, 0.442381
0.574321, -0.420834, 0.546011, 0.441495
0.573631, -0.420996, 0.546739, 0.441336
0.572884, -0.421977, 0.547523, 0.440397
0.572469, -0.422788, 0.547963, 0.439611
0.572082, -0.423162, 0.548374, 0.439241
0.569852, -0.423889, 0.550700, 0.438529
0.567096, -0.424636, 0.553551, 0.437789
0.568495, -0.424488, 0.552110, 0.437937
0.569045, -0.424736, 0.551540, 0.437700
0.569256, -0.425039, 0.551319, 0.437410
0.569158, -0.425090, 0.551421, 0.437360
0.569167, -0.425253, 0.551413, 0.437200
0.569251, -0.425518, 0.551323, 0.436945
0.569425, -0.425839, 0.551139, 0.436639
0.569399, -0.425894, 0.551162, 0.436590
0.569699, -0.426003, 0.550841, 0.436498
0.569710, -0.426369, 0.550816, 0.436157
0.569481, -0.426709, 0.551046, 0.435833
0.569216, -0.426510, 0.551316, 0.436033
0.569195, -0.426432, 0.551335, 0.436112
0.569305, -0.426244, 0.551219, 0.436299
0.569755, -0.426997, 0.550748, 0.435570
0.570388, -0.426622, 0.550092, 0.435937
0.570677, -0.426444, 0.549789, 0.436116
0.571344, -0.424883, 0.549101, 0.437631
0.571640, -0.424821, 0.548785, 0.437700
0.572029, -0.424761, 0.548369, 0.437771
0.571828, -0.424573, 0.548576, 0.437957
0.571638, -0.424407, 0.548771, 0.438121
0.571751, -0.424368, 0.548646, 0.438168
0.571577, -0.424219, 0.548823, 0.438319
0.572126, -0.424631, 0.548242, 0.437930
0.572500, -0.424750, 0.547839, 0.437830
0.572174, -0.425025, 0.548160, 0.437587
0.570757, -0.425255, 0.549618, 0.437385
0.569299, -0.425395, 0.551118, 0.437262
0.569798, -0.425658, 0.550590, 0.437021
0.568264, -0.426200, 0.552164, 0.436505
0.566465, -0.426941, 0.554006, 0.435783
0.565777, -0.427334, 0.554708, 0.435398
0.565553, -0.427667, 0.554932, 0.435077
0.565769, -0.427770, 0.554717, 0.434971
0.565933, -0.427815, 0.554560, 0.434912
0.565769, -0.427670, 0.554736, 0.435044
0.565531, -0.427749, 0.554989, 0.434952
0.565339, -0.427723, 0.555200, 0.434958
0.565671, -0.427783, 0.554875, 0.434882
0.566052, -0.427736, 0.554498, 0.434914
0.566406, -0.427617, 0.554142, 0.435023
0.566715, -0.427667, 0.553829, 0.434971
0.566972, -0.427429, 0.553573, 0.435195
0.567302, -0.427032, 0.553249, 0.435567
0.567749, -0.426634, 0.552799, 0.435946
0.568201, -0.426751, 0.552337, 0.435829
0.568305, -0.426732, 0.552230, 0.435846
0.568466, -0.426535, 0.552067, 0.436036
0.568703, -0.426375, 0.551825, 0.436189
0.568925, -0.426117, 0.551596, 0.436442
0.569157, -0.425917, 0.551356, 0.436638
0.569193, -0.425788, 0.551319, 0.436763
0.569240, -0.425580, 0.551273, 0.436964
0.569215, -0.425507, 0.551298, 0.437035
0.569336, -0.425473, 0.551171, 0.437070
0.569497, -0.425346, 0.551006, 0.437193
0.569656, -0.425115, 0.550843, 0.437415
0.569707, -0.425039, 0.550791, 0.437488
0.569746, -0.425080, 0.550751, 0.437448
0.569755, -0.424996, 0.550743, 0.437528
0.569764, -0.424961, 0.550738, 0.437558
0.569768, -0.425022, 0.550737, 0.437493
0.569693, -0.424852, 0.550817, 0.437656
0.569886, -0.424876, 0.550619, 0.437631
0.570104, -0.424993, 0.550396, 0.437514
0.569977, -0.424879, 0.550533, 0.437618
0.569913, -0.424766, 0.550606, 0.437719
0.569852, -0.424907, 0.550676, 0.437574
0.569806, -0.425065, 0.550728, 0.437413
0.569602, -0.424968, 0.550942, 0.437504
0.569489, -0.424877, 0.551061, 0.437590
0.569642, -0.425183, 0.550902, 0.437293
0.569760, -0.425324, 0.550780, 0.437157
0.569582, -0.425346, 0.550965, 0.437134
0.569578, -0.425284, 0.550971, 0.437192
0.569544, -0.425310, 0.551007, 0.437166
0.569508, -0.425302, 0.551045, 0.437173
0.569462, -0.425360, 0.551093, 0.437115
0.569404, -0.425424, 0.551154, 0.437052
0.569433, -0.425434, 0.551123, 0.437043
0.569782, -0.425521, 0.550762, 0.436960
0.569161, -0.425613, 0.551403, 0.436870
0.568955, -0.425564, 0.551618, 0.436915
0.568968, -0.425515, 0.551608, 0.436957
0.569023, -0.425493, 0.551556, 0.436974
0.569044, -0.425458, 0.551538, 0.437002
0.568964, -0.425506, 0.551622, 0.436954
0.568948, -0.425630, 0.551640, 0.436832
0.568951, -0.425599, 0.551639, 0.436859
0.569019, -0.425503, 0.551572, 0.436949
0.569150, -0.425434, 0.551438, 0.437015
0.569221, -0.425580, 0.551363, 0.436875
0.569273, -0.425726, 0.551308, 0.436732
0.569103, -0.425721, 0.551485, 0.436735
0.569032, -0.425766, 0.551560, 0.436690
0.569083, -0.425802, 0.551506, 0.436657
0.569123, -0.425782, 0.551465, 0.436675
0.569122, -0.425741, 0.551468, 0.436714
0.569143, -0.425659, 0.551446, 0.436793
0.568084, -0.425665, 0.552538, 0.436787
0.568140, -0.425536, 0.552481, 0.436912
0.568376, -0.425542, 0.552239, 0.436906
0.568713, -0.425489, 0.551894, 0.436955
0.568850, -0.425454, 0.551756, 0.436984
0.569336, -0.425325, 0.551251, 0.437113
0.569006, -0.425257, 0.551587, 0.437186
0.568637, -0.425202, 0.551965, 0.437241
0.568754, -0.425225, 0.551833, 0.437235
0.569573, -0.425099, 0.550982, 0.437364
0.569400, -0.425177, 0.551160, 0.437289
0.569484, -0.425200, 0.551077, 0.437262
0.569521, -0.425194, 0.551041, 0.437265
0.569579, -0.425204, 0.550980, 0.437258
0.569726, -0.425204, 0.550826, 0.437259
0.569845, -0.425154, 0.550704, 0.437307
0.569990, -0.425041, 0.550557, 0.437413
0.570167, -0.424972, 0.550376, 0.437476
0.570220, -0.424992, 0.550323, 0.437455
0.570244, -0.425004, 0.550300, 0.437441
0.570262, -0.425053, 0.550283, 0.437391
0.570356, -0.425015, 0.550187, 0.437427
0.570425, -0.424972, 0.550118, 0.437466
0.570460, -0.424954, 0.550083, 0.437481
0.570538, -0.424935, 0.550004, 0.437497
0.570577, -0.424976, 0.549965, 0.437456
0.570514, -0.424945, 0.550031, 0.437484
0.570486, -0.424953, 0.550062, 0.437475
0.570491, -0.424954, 0.550058, 0.437472
0.570486, -0.424961, 0.550065, 0.437463
0.570519, -0.424955, 0.550030, 0.437469
0.570558, -0.424941, 0.549988, 0.437485
0.570440, -0.424909, 0.550110, 0.437516
0.570514, -0.424815, 0.550035, 0.437605
0.570611, -0.424762, 0.549935, 0.437657
0.570667, -0.424754, 0.549877, 0.437664
0.570732, -0.424682, 0.549802, 0.437743
0.570322, -0.424497, 0.550224, 0.437926
0.570189, -0.424192, 0.550361, 0.438224
0.570357, -0.424213, 0.550187, 0.438202
0.570190, -0.424029, 0.550362, 0.438379
0.570363, -0.424082, 0.550184, 0.438326
0.570512, -0.424088, 0.550030, 0.438318
0.570645, -0.424035, 0.549895, 0.438368
0.570784, -0.423986, 0.549752, 0.438413
0.570820, -0.424061, 0.549715, 0.438339
0.570867, -0.424129, 0.549666, 0.438274
0.570951, -0.424063, 0.549579, 0.438338
0.571056, -0.424050, 0.549471, 0.438349
0.571170, -0.424015, 0.549354, 0.438380
0.571215, -0.423976, 0.549310, 0.438414
0.571248, -0.423983, 0.549278, 0.438405
0.571290, -0.423942, 0.549236, 0.438442
0.571319, -0.423948, 0.549207, 0.438435
0.571353, -0.423962, 0.549173, 0.438420
0.571366, -0.423969, 0.549161, 0.438411
0.571273, -0.424023, 0.549259, 0.438358
0.571317, -0.424024, 0.549214, 0.438356
0.571343, -0.424033, 0.549188, 0.438347
0.571354, -0.424031, 0.549177, 0.438347
0.571422, -0.424018, 0.549107, 0.438358
0.571489, -0.424017, 0.549040, 0.438357
0.571390, -0.424122, 0.549143, 0.438254
0.571303, -0.424073, 0.549234, 0.438301
0.571357, -0.424106, 0.549179, 0.438268
0.571385, -0.424112, 0.549152, 0.438259
0.571401, -0.424176, 0.549136, 0.438197
0.571360, -0.424203, 0.549180, 0.438169
0.571351, -0.424170, 0.549190, 0.438200
0.571343, -0.424161, 0.549200, 0.438207
0.571368, -0.424145, 0.549176, 0.438220
0.571425, -0.424138, 0.549117, 0.438225
0.571468, -0.424172, 0.549073, 0.438193
0.571501, -0.424078, 0.549038, 0.438284
0.571491, -0.424082, 0.549050, 0.438277
0.571538, -0.424025, 0.549003, 0.438331
0.571600, -0.423941, 0.548941, 0.438409
0.571778, -0.423787, 0.548759, 0.438554
0.571773, -0.423833, 0.548766, 0.438506
0.571817, -0.423849, 0.548722, 0.438489
0.571899, -0.423811, 0.548638, 0.438524
0.572062, -0.423669, 0.548470, 0.438658
0.572185, -0.423542, 0.548345, 0.438777
0.572265, -0.423490, 0.548264, 0.438824
0.572324, -0.423507, 0.548204, 0.438807
0.572383, -0.423424, 0.548144, 0.438886
0.572408, -0.423408, 0.548119, 0.438898
0.572472, -0.423379, 0.548055, 0.438923
0.572470, -0.423417, 0.548058, 0.438885
0.572423, -0.423451, 0.548108, 0.438851
0.572418, -0.423416, 0.548115, 0.438883
0.572464, -0.423363, 0.548068, 0.438932
0.572558, -0.423327, 0.547973, 0.438964
0.572608, -0.423302, 0.547923, 0.438984
0.572604, -0.423283, 0.547930, 0.438998
0.572523, -0.423365, 0.548016, 0.438918
0.572445, -0.423353, 0.548100, 0.438927
0.572487, -0.423292, 0.548058, 0.438984
0.572516, -0.423298, 0.548028, 0.438976
0.572532, -0.423309, 0.548013, 0.438964
0.572556, -0.423311, 0.547990, 0.438960
0.572571, -0.423211, 0.547975, 0.439055
0.572613, -0.423175, 0.547932, 0.439089
0.572688, -0.423076, 0.547856, 0.439182
0.572742, -0.423053, 0.547801, 0.439201
0.572725, -0.423067, 0.547821, 0.439186
0.572777, -0.423096, 0.547767, 0.439157
0.572758, -0.423082, 0.547789, 0.439168
0.572776, -0.423044, 0.547771, 0.439204
0.572753, -0.423076, 0.547796, 0.439172
0.572750, -0.423126, 0.547800, 0.439122
0.572737, -0.423158, 0.547815, 0.439089
0.572762, -0.423139, 0.547790, 0.439106
0.572682, -0.423169, 0.547874, 0.439077
0.572594, -0.423140, 0.547967, 0.439105
0.572591, -0.423165, 0.547970, 0.439080
0.572529, -0.423197, 0.548036, 0.439048
0.572582, -0.423210, 0.547982, 0.439033
0.572562, -0.423221, 0.548004, 0.439021
0.572606, -0.423182, 0.547958, 0.439059
0.572592, -0.423101, 0.547973, 0.439137
0.572623, -0.423069, 0.547942, 0.439166
0.572608, -0.423075, 0.547959, 0.439159
0.572601, -0.423040, 0.547967, 0.439190
0.572634, -0.423016, 0.547933, 0.439213
0.572662, -0.423013, 0.547906, 0.439213
0.572688, -0.422973, 0.547880, 0.439250
0.572740, -0.422932, 0.547828, 0.439287
0.572727, -0.422872, 0.547843, 0.439342
0.572760, -0.422858, 0.547810, 0.439355
0.572797, -0.422821, 0.547770, 0.439392
0.572767, -0.422857, 0.547802, 0.439356
0.572730, -0.422914, 0.547843, 0.439300
0.572782, -0.422913, 0.547789, 0.439299
0.572827, -0.422893, 0.547744, 0.439316
0.572922, -0.422865, 0.547646, 0.439341
0.572992, -0.422850, 0.547573, 0.439355
0.572984, -0.422856, 0.547582, 0.439349
0.573032, -0.422817, 0.547533, 0.439385
0.573086, -0.422772, 0.547478, 0.439426
0.573199, -0.422769, 0.547361, 0.439428
0.573284, -0.422775, 0.547272, 0.439421
0.573262, -0.422749, 0.547295, 0.439446
0.573223, -0.422743, 0.547337, 0.439451
0.573186, -0.422759, 0.547376, 0.439436
0.573202, -0.422717, 0.547359, 0.439476
0.573189, -0.422721, 0.547373, 0.439472
0.573163, -0.422629, 0.547400, 0.439560
0.573183, -0.422661, 0.547377, 0.439533
0.573183, -0.422665, 0.547372, 0.439535
0.573357, -0.422991, 0.547178, 0.439236
0.573395, -0.422962, 0.547125, 0.439279
0.572837, -0.421748, 0.547703, 0.440454
0.573101, -0.422193, 0.547418, 0.440037
0.572923, -0.421951, 0.547597, 0.440279
0.573135, -0.421776, 0.547370, 0.440453
0.573315, -0.421662, 0.547176, 0.440569
0.573385, -0.421651, 0.547092, 0.440592
0.573553, -0.421643, 0.546908, 0.440611
0.573597, -0.421466, 0.546850, 0.440793
0.573656, -0.421290, 0.546784, 0.440967
0.573784, -0.421141, 0.546644, 0.441116
0.573929, -0.421183, 0.546475, 0.441097
0.574042, -0.421317, 0.546325, 0.441008
0.574226, -0.421374, 0.546106, 0.440985
0.574129, -0.421379, 0.546187, 0.441007
0.574215, -0.421408, 0.546076, 0.441005
0.574561, -0.421762, 0.545690, 0.440693
0.574124, -0.421672, 0.546128, 0.440806
0.573839, -0.421441, 0.546419, 0.441038
0.573652, -0.421527, 0.546609, 0.440963
0.573696, -0.421665, 0.546553, 0.440844
0.573201, -0.422013, 0.547063, 0.440521
0.573201, -0.422112, 0.547058, 0.440433
0.573418, -0.422006, 0.546814, 0.440555
0.573868, -0.421825, 0.546327, 0.440746
0.573785, -0.421849, 0.546401, 0.440739
0.573805, -0.421817, 0.546363, 0.440791
0.574176, -0.421762, 0.545905, 0.440928
0.573404, -0.422002, 0.546677, 0.440747
0.573734, -0.421906, 0.546278, 0.440903
0.574855, -0.421501, 0.545009, 0.441402
0.575116, -0.421421, 0.544662, 0.441565
0.574504, -0.421638, 0.545252, 0.441427
0.574326, -0.421706, 0.545408, 0.441401
0.574283, -0.421853, 0.545431, 0.441288
0.573848, -0.422280, 0.545871, 0.440901
0.573684, -0.422477, 0.546022, 0.440740
0.573658, -0.422465, 0.546022, 0.440785
0.573463, -0.422416, 0.546212, 0.440851
0.573297, -0.422566, 0.546394, 0.440696
0.573091, -0.422743, 0.546637, 0.440493
0.573376, -0.422540, 0.546368, 0.440650
0.573706, -0.422211, 0.546039, 0.440945
0.574461, -0.421760, 0.545253, 0.441366
0.575415, -0.421049, 0.544248, 0.442041
0.576147, -0.420385, 0.543468, 0.442679
0.576600, -0.419868, 0.542990, 0.443166
0.577043, -0.419507, 0.542523, 0.443504
0.577585, -0.419134, 0.541950, 0.443851
0.578176, -0.418722, 0.541323, 0.444236
0.578799, -0.418203, 0.540661, 0.444719
0.579316, -0.417665, 0.540110, 0.445220
0.579912, -0.417168, 0.539468, 0.445688
0.580434, -0.416971, 0.538880, 0.445905
0.580848, -0.416752, 0.538406, 0.446144
0.580645, -0.416749, 0.538618, 0.446154
0.581274, -0.416320, 0.537928, 0.446568
0.581520, -0.415781, 0.537635, 0.447102
0.581789, -0.416389, 0.537294, 0.446596
0.581816, -0.418164, 0.537197, 0.445016
0.582513, -0.416555, 0.536377, 0.446601
0.582784, -0.415942, 0.536023, 0.447242
0.582484, -0.415855, 0.536305, 0.447376
0.583306, -0.414559, 0.535370, 0.448626
0.583529, -0.414213, 0.535060, 0.449026
0.583181, -0.413579, 0.535368, 0.449695
0.583141, -0.413611, 0.535364, 0.449721
0.583577, -0.413588, 0.534855, 0.449782
0.583696, -0.413887, 0.534673, 0.449569
0.583252, -0.413911, 0.535094, 0.449622
0.583181, -0.414306, 0.535131, 0.449307
0.582304, -0.414924, 0.536062, 0.448764
0.581630, -0.415351, 0.536778, 0.448388
0.581363, -0.415784, 0.537044, 0.448013
0.581582, -0.415673, 0.536770, 0.448160
0.581711, -0.415410, 0.536602, 0.448437
0.581188, -0.415588, 0.537154, 0.448290
0.580358, -0.415885, 0.538031, 0.448039
0.580238, -0.416063, 0.538142, 0.447895
0.580544, -0.415952, 0.537782, 0.448034
0.581014, -0.415630, 0.537245, 0.448368
0.581250, -0.415436, 0.536968, 0.448573
0.581667, -0.415236, 0.536493, 0.448786
0.582185, -0.414549, 0.535903, 0.449454
0.582411, -0.413946, 0.535644, 0.450025
0.582837, -0.413276, 0.535174, 0.450648
0.582957, -0.413371, 0.535010, 0.450602
0.583357, -0.414268, 0.534523, 0.449838
0.582991, -0.414667, 0.534865, 0.449536
0.583366, -0.414079, 0.534376, 0.450173
0.583005, -0.413974, 0.534697, 0.450357
0.582900, -0.414177, 0.534754, 0.450239
0.582248, -0.414834, 0.535417, 0.449689
0.582942, -0.414437, 0.534613, 0.450112
0.581946, -0.413985, 0.535623, 0.450616
0.580762, -0.413918, 0.536831, 0.450767
0.580541, -0.414239, 0.537030, 0.450520
0.582780, -0.414083, 0.534580, 0.450687
0.583277, -0.414125, 0.534028, 0.450660
0.582699, -0.414701, 0.534642, 0.450150
0.581865, -0.414993, 0.535524, 0.449911
0.580404, -0.416144, 0.537070, 0.448891
0.580228, -0.416642, 0.537225, 0.448469
0.579639, -0.417088, 0.537841, 0.448079
0.579183, -0.417159, 0.538311, 0.448037
0.577848, -0.418909, 0.539683, 0.446476
0.577980, -0.418778, 0.539454, 0.446704
0.577344, -0.418964, 0.540074, 0.446604
0.576121, -0.419780, 0.541360, 0.445859
0.574915, -0.420790, 0.542639, 0.444907
0.574161, -0.421496, 0.543431, 0.444246
0.574131, -0.421674, 0.543422, 0.444126
0.574406, -0.421744, 0.543072, 0.444134
0.573789, -0.422232, 0.543667, 0.443739
0.571959, -0.423264, 0.545547, 0.442810
0.571751, -0.423487, 0.545742, 0.442625
0.571079, -0.424057, 0.546430, 0.442098
0.570787, -0.424849, 0.546710, 0.441366
0.570176, -0.425334, 0.547317, 0.440938
0.569595, -0.425832, 0.547889, 0.440497
0.568675, -0.426644, 0.548815, 0.439747
0.568244, -0.426684, 0.549239, 0.439735
0.567942, -0.426831, 0.549520, 0.439632
0.567547, -0.427315, 0.549895, 0.439204
0.566972, -0.427793, 0.550457, 0.438776
0.567117, -0.427885, 0.550286, 0.438712
0.566893, -0.427518, 0.550502, 0.439090
0.566686, -0.427804, 0.550703, 0.438827
0.566653, -0.427296, 0.550729, 0.439331
0.566716, -0.427187, 0.550659, 0.439443
0.566732, -0.427318, 0.550638, 0.439322
0.566715, -0.427453, 0.550642, 0.439207
0.565659, -0.427716, 0.551713, 0.438969
0.566330, -0.427503, 0.551004, 0.439202
0.566399, -0.427529, 0.550896, 0.439223
0.566349, -0.427468, 0.550882, 0.439365
0.565930, -0.428038, 0.551226, 0.438917
0.565131, -0.428489, 0.551950, 0.438596
0.565779, -0.428013, 0.551199, 0.439169
0.567000, -0.426896, 0.549872, 0.440344
0.568296, -0.426070, 0.548481, 0.441207
0.569650, -0.425283, 0.547041, 0.442009
0.570831, -0.424351, 0.545790, 0.442926
0.571926, -0.423266, 0.544634, 0.443972
0.572623, -0.422749, 0.543890, 0.444479
0.572985, -0.422532, 0.543497, 0.444699
0.573225, -0.422313, 0.543231, 0.444922
0.573420, -0.422029, 0.543017, 0.445203
0.573630, -0.421957, 0.542790, 0.445276
0.573882, -0.421878, 0.542518, 0.445358
0.574256, -0.421517, 0.542119, 0.445704
0.574662, -0.421156, 0.541686, 0.446047
0.574737, -0.421090, 0.541600, 0.446118
0.574512, -0.421148, 0.541827, 0.446078
0.573985, -0.421067, 0.542368, 0.446175
0.574611, -0.420833, 0.541684, 0.446420
0.575073, -0.420511, 0.541175, 0.446747
0.575311, -0.420580, 0.540899, 0.446709
0.575079, -0.420761, 0.541135, 0.446552
0.574484, -0.421364, 0.541767, 0.445982
0.573528, -0.420522, 0.542777, 0.446779
0.573749, -0.420681, 0.542534, 0.446640
0.572927, -0.420770, 0.543388, 0.446573
0.572669, -0.421327, 0.543641, 0.446071
0.572937, -0.421811, 0.543328, 0.445652
0.572772, -0.422322, 0.543472, 0.445203
0.573756, -0.421459, 0.542404, 0.446056
0.573696, -0.421584, 0.542448, 0.445961
0.574030, -0.421269, 0.542075, 0.446282
0.574040, -0.421475, 0.542050, 0.446106
0.574811, -0.420787, 0.541212, 0.446779
0.575310, -0.420261, 0.540660, 0.447299
0.575739, -0.419989, 0.540179, 0.447583
0.575858, -0.419855, 0.540029, 0.447738
0.576241, -0.419488, 0.539600, 0.448106
0.576833, -0.419045, 0.538949, 0.448542
0.577564, -0.418406, 0.538146, 0.449161
0.578224, -0.417905, 0.537423, 0.449644
0.578510, -0.418095, 0.537098, 0.449488
0.579635, -0.416851, 0.535868, 0.450660
0.578234, -0.418155, 0.537360, 0.449475
0.579069, -0.417186, 0.536435, 0.450404
0.579270, -0.416846, 0.536199, 0.450741
0.579851, -0.416845, 0.535549, 0.450768
0.579559, -0.417050, 0.535849, 0.450597
0.578474, -0.417441, 0.537007, 0.450250
0.578839, -0.417491, 0.536599, 0.450221
0.578753, -0.417664, 0.536672, 0.450084
0.578249, -0.418134, 0.537191, 0.449677
0.577676, -0.418622, 0.537774, 0.449263
0.577707, -0.418497, 0.537707, 0.449419
0.577870, -0.418350, 0.537501, 0.449592
0.577971, -0.418218, 0.537380, 0.449731
0.577822, -0.418302, 0.537535, 0.449659
0.577414, -0.418626, 0.537969, 0.449362
0.577595, -0.418353, 0.537771, 0.449620
0.578054, -0.417885, 0.537278, 0.450054
0.578161, -0.417694, 0.537176, 0.450217
0.578460, -0.416557, 0.536859, 0.451263
0.578125, -0.416889, 0.537221, 0.450954
0.577797, -0.417316, 0.537574, 0.450560
0.573913, -0.416027, 0.541747, 0.451716
0.574925, -0.416358, 0.540698, 0.451381
0.574854, -0.417058, 0.540803, 0.450698
0.575869, -0.418377, 0.539732, 0.449463
0.575749, -0.420017, 0.539853, 0.447938
0.574772, -0.421053, 0.540876, 0.446985
0.574435, -0.421505, 0.541212, 0.446586
0.575007, -0.421954, 0.540586, 0.446184
0.574232, -0.421019, 0.541404, 0.447072
0.573404, -0.419998, 0.542286, 0.448026
0.572657, -0.419484, 0.543086, 0.448494
0.572386, -0.419672, 0.543381, 0.448305
0.571946, -0.420397, 0.543852, 0.447616
0.571456, -0.420582, 0.544368, 0.447440
0.571113, -0.420665, 0.544732, 0.447359
0.570875, -0.420847, 0.544982, 0.447186
0.570952, -0.420977, 0.544900, 0.447065
0.570819, -0.420372, 0.545037, 0.447637
0.570706, -0.419840, 0.545161, 0.448130
0.570718, -0.419621, 0.545149, 0.448333
0.570496, -0.421051, 0.545392, 0.446978
0.570192, -0.422000, 0.545710, 0.446081
0.569767, -0.422142, 0.546147, 0.445955
0.569957, -0.422318, 0.545934, 0.445807
0.569396, -0.422248, 0.546483, 0.445917
0.569485, -0.424221, 0.546354, 0.444086
0.569702, -0.423862, 0.546088, 0.444477
0.570126, -0.423104, 0.545607, 0.445246
0.570144, -0.423099, 0.545539, 0.445310
0.569938, -0.424206, 0.545691, 0.444335
0.569681, -0.425610, 0.545889, 0.443076
0.570793, -0.422509, 0.544656, 0.446120
0.571392, -0.421476, 0.543962, 0.447176
0.571636, -0.421660, 0.543660, 0.447058
0.572052, -0.422146, 0.543169, 0.446663
0.571724, -0.422527, 0.543446, 0.446385
0.574339, -0.419806, 0.540601, 0.449043
0.574252, -0.419667, 0.540630, 0.449249
0.572887, -0.421141, 0.542031, 0.447922
0.566470, -0.425032, 0.548741, 0.444222
0.564227, -0.427567, 0.551025, 0.441812
0.565166, -0.426792, 0.550014, 0.442619
0.564900, -0.427254, 0.550258, 0.442210
0.564358, -0.428354, 0.550792, 0.441173
0.563323, -0.429423, 0.551827, 0.440161
0.562443, -0.430312, 0.552694, 0.439330
0.561456, -0.431061, 0.553668, 0.438629
0.560406, -0.432018, 0.554712, 0.437711
0.559477, -0.433620, 0.555635, 0.436142
0.558821, -0.433649, 0.556275, 0.436138
0.558056, -0.434400, 0.557018, 0.435422
0.557585, -0.434361, 0.557452, 0.435509
0.556889, -0.434529, 0.558109, 0.435390
0.556621, -0.435000, 0.558342, 0.434965
0.556599, -0.435894, 0.558327, 0.434115
0.556359, -0.436022, 0.558532, 0.434032
0.555871, -0.436076, 0.558984, 0.434020
0.555731, -0.436205, 0.559095, 0.433927
0.555837, -0.436177, 0.558957, 0.433997
0.555902, -0.435465, 0.558865, 0.434747
0.555938, -0.435295, 0.558799, 0.434955
0.556091, -0.435196, 0.558621, 0.435088
0.556115, -0.435420, 0.558572, 0.434895
0.556118, -0.435710, 0.558544, 0.434638
0.556279, -0.436162, 0.558352, 0.434225
0.556621, -0.436828, 0.557982, 0.433592
0.556868, -0.436415, 0.557706, 0.434046
0.556998, -0.436100, 0.557535, 0.434415
0.557099, -0.435426, 0.557393, 0.435144
0.557357, -0.434622, 0.557095, 0.435997
0.557718, -0.434442, 0.556696, 0.436224
0.558199, -0.434135, 0.556177, 0.436577
0.558867, -0.433393, 0.555467, 0.437363
0.559328, -0.433004, 0.554967, 0.437793
0.559819, -0.432683, 0.554441, 0.438149
0.560114, -0.432523, 0.554119, 0.438338
0.560396, -0.432396, 0.553813, 0.438489
0.560495, -0.432680, 0.553687, 0.438241
0.560160, -0.433530, 0.553997, 0.437436
0.560266, -0.432507, 0.553867, 0.438477
0.560457, -0.433329, 0.553651, 0.437693
0.560451, -0.432545, 0.553639, 0.438491
0.560411, -0.432492, 0.553660, 0.438568
0.560231, -0.432600, 0.553821, 0.438489
0.560198, -0.432683, 0.553837, 0.438428
0.560022, -0.432836, 0.554001, 0.438295
0.559487, -0.433252, 0.554534, 0.437894
0.559260, -0.434382, 0.554758, 0.436778
0.558927, -0.434924, 0.555077, 0.436260
0.559714, -0.433692, 0.554253, 0.437524
0.559644, -0.432953, 0.554276, 0.438315
0.559497, -0.432983, 0.554370, 0.438353
0.559305, -0.433081, 0.554517, 0.438315
0.559275, -0.433146, 0.554510, 0.438298
0.559503, -0.433035, 0.554252, 0.438443
0.559442, -0.433127, 0.554282, 0.438394
0.559689, -0.432846, 0.553999, 0.438713
0.559625, -0.432964, 0.554041, 0.438625
0.559442, -0.433166, 0.554206, 0.438450
0.559304, -0.433288, 0.554323, 0.438359
0.559171, -0.433426, 0.554422, 0.438267
0.559088, -0.434953, 0.554454, 0.436817
0.559244, -0.434666, 0.554243, 0.437169
0.559328, -0.434234, 0.554119, 0.437648
0.559472, -0.434353, 0.553944, 0.437568
0.559319, -0.435872, 0.554066, 0.436097
0.559705, -0.435767, 0.553648, 0.436237
0.559971, -0.433967, 0.553347, 0.438068
0.560430, -0.433911, 0.552829, 0.438190
0.560281, -0.433047, 0.552937, 0.439099
0.560772, -0.432640, 0.552394, 0.439556
0.560812, -0.433139, 0.552304, 0.439127
0.561041, -0.432107, 0.552006, 0.440223
0.561601, -0.433038, 0.551361, 0.439402
0.562523, -0.432898, 0.550365, 0.439611
0.563357, -0.432805, 0.549456, 0.439771
0.563502, -0.432064, 0.549266, 0.440551
0.563706, -0.430954, 0.549005, 0.441700
0.564496, -0.431111, 0.548134, 0.441620
0.565104, -0.429417, 0.547471, 0.443312
0.566294, -0.428994, 0.546201, 0.443769
0.567319, -0.428618, 0.545101, 0.444176
0.567470, -0.427799, 0.544906, 0.445011
0.567422, -0.427486, 0.544917, 0.445360
0.567435, -0.427019, 0.544871, 0.445846
0.567569, -0.426794, 0.544700, 0.446100
0.567439, -0.426252, 0.544808, 0.446652
0.567225, -0.425598, 0.544997, 0.447316
0.567494, -0.425610, 0.544680, 0.447350
0.567785, -0.424999, 0.544350, 0.447962
0.568053, -0.424765, 0.544051, 0.448209
0.568401, -0.424862, 0.543656, 0.448154
0.569133, -0.426189, 0.542851, 0.446940
0.569187, -0.425911, 0.542754, 0.447253
0.569225, -0.425649, 0.542680, 0.447544
0.569545, -0.425996, 0.542301, 0.447266
0.570330, -0.427322, 0.541423, 0.446062
0.570434, -0.427081, 0.541269, 0.446347
0.570217, -0.426329, 0.541458, 0.447115
0.570462, -0.425706, 0.541165, 0.447749
0.569630, -0.423737, 0.542018, 0.449640
0.569471, -0.423090, 0.542164, 0.450275
0.569528, -0.423144, 0.542080, 0.450253
0.569715, -0.423737, 0.541863, 0.449719
0.569723, -0.422962, 0.541838, 0.450470
0.569661, -0.423028, 0.541892, 0.450419
0.569589, -0.423604, 0.541960, 0.449887
0.569445, -0.424104, 0.542097, 0.449433
0.569190, -0.424296, 0.542343, 0.449278
0.568892, -0.424308, 0.542639, 0.449287
0.568686, -0.424087, 0.542836, 0.449518
0.568830, -0.424965, 0.542668, 0.448709
0.568949, -0.426025, 0.542530, 0.447719
0.568422, -0.425447, 0.543079, 0.448272
0.568067, -0.424782, 0.543450, 0.448903
0.567981, -0.424907, 0.543533, 0.448792
0.567665, -0.424962, 0.543861, 0.448742
0.567635, -0.424902, 0.543894, 0.448797
0.567935, -0.424800, 0.543578, 0.448897
0.568216, -0.424717, 0.543279, 0.448982
0.568499, -0.424582, 0.542978, 0.449116
0.568751, -0.424403, 0.542707, 0.449293
0.568955, -0.424243, 0.542487, 0.449453
0.569226, -0.424042, 0.542196, 0.449650
0.569281, -0.424108, 0.542127, 0.449602
0.569305, -0.424181, 0.542089, 0.449547
0.569445, -0.424019, 0.541930, 0.449715
0.569522, -0.423898, 0.541842, 0.449838
0.569495, -0.423945, 0.541859, 0.449807
0.569336, -0.424233, 0.542010, 0.449554
0.569089, -0.425384, 0.542252, 0.448486
0.568700, -0.424392, 0.542626, 0.449467
0.568262, -0.425048, 0.543046, 0.448893
0.568539, -0.425299, 0.542716, 0.448704
0.568534, -0.424653, 0.542682, 0.449363
0.568608, -0.425421, 0.542579, 0.448665
0.569009, -0.425286, 0.542140, 0.448816
0.569350, -0.423395, 0.541756, 0.450632
0.569955, -0.424333, 0.541112, 0.449757
0.569699, -0.423268, 0.541376, 0.450766
0.569878, -0.422635, 0.541183, 0.451365
0.569956, -0.422470, 0.541096, 0.451526
0.569998, -0.422620, 0.541048, 0.451390
0.570001, -0.422717, 0.541046, 0.451297
0.569981, -0.422836, 0.541070, 0.451182
0.569826, -0.423033, 0.541237, 0.450993
0.569690, -0.423293, 0.541375, 0.450756
0.569819, -0.423956, 0.541231, 0.450141
0.569722, -0.424235, 0.541330, 0.449883
0.569966, -0.424138, 0.541070, 0.449978
0.570060, -0.423709, 0.540963, 0.450393
0.569975, -0.423789, 0.541046, 0.450325
0.569955, -0.423652, 0.541058, 0.450463
0.569973, -0.423597, 0.541035, 0.450520
0.570124, -0.423476, 0.540869, 0.450643
0.570039, -0.423551, 0.540945, 0.450588
0.569851, -0.423837, 0.541123, 0.450343
0.570097, -0.423527, 0.540839, 0.450664
0.570383, -0.423220, 0.540515, 0.450979
0.570840, -0.422665, 0.540007, 0.451530
0.570746, -0.422787, 0.540080, 0.451447
0.571111, -0.422537, 0.539668, 0.451712
0.571300, -0.422443, 0.539442, 0.451832
0.571452, -0.422351, 0.539260, 0.451942
0.571900, -0.421845, 0.538762, 0.452442
0.572304, -0.421415, 0.538313, 0.452866
0.572222, -0.421499, 0.538380, 0.452813
0.572132, -0.421495, 0.538462, 0.452832
0.572356, -0.421221, 0.538218, 0.453095
0.572310, -0.421226, 0.538257, 0.453102
0.572254, -0.421317, 0.538302, 0.453033
0.572174, -0.421531, 0.538369, 0.452856
0.572504, -0.421107, 0.537998, 0.453275
0.572617, -0.420941, 0.537861, 0.453449
0.572446, -0.421406, 0.538030, 0.453031
0.572168, -0.421116, 0.538305, 0.453325
0.572200, -0.423418, 0.538260, 0.451191
0.572331, -0.421179, 0.538066, 0.453345
0.571424, -0.419428, 0.538936, 0.455077
0.571854, -0.419367, 0.538413, 0.455210
0.572502, -0.416862, 0.537599, 0.457654
0.572220, -0.415152, 0.537791, 0.459331
0.573182, -0.413690, 0.536649, 0.460784
0.574231, -0.413205, 0.535439, 0.461322
0.575150, -0.413202, 0.534386, 0.461399
0.575947, -0.413249, 0.533481, 0.461410
0.576842, -0.413240, 0.532484, 0.461452
0.577990, -0.412242, 0.531200, 0.462388
0.578549, -0.412213, 0.530584, 0.462422
0.578629, -0.412611, 0.530498, 0.462065
0.578045, -0.415852, 0.531169, 0.459109
0.577842, -0.416208, 0.531391, 0.458786
0.577612, -0.415824, 0.531633, 0.459143
0.578233, -0.414511, 0.530930, 0.460361
0.578293, -0.414649, 0.530850, 0.460254
0.577814, -0.417097, 0.531369, 0.458038
0.577414, -0.417078, 0.531759, 0.458107
0.577394, -0.416658, 0.531776, 0.458495
0.575778, -0.418841, 0.533539, 0.456486
0.576134, -0.418945, 0.533166, 0.456377
0.576219, -0.418146, 0.533075, 0.457108
0.576904, -0.418494, 0.532354, 0.456765
0.575284, -0.417412, 0.534118, 0.457740
0.574968, -0.415930, 0.534448, 0.459098
0.574475, -0.416542, 0.534993, 0.458524
0.573756, -0.417551, 0.535787, 0.457581
0.572828, -0.418795, 0.536812, 0.456402
0.572475, -0.419260, 0.537200, 0.455961
0.572504, -0.419485, 0.537173, 0.455750
0.572353, -0.419912, 0.537341, 0.455348
0.572624, -0.419826, 0.537048, 0.455432
0.572933, -0.419648, 0.536717, 0.455598
0.573355, -0.419469, 0.536260, 0.455770
0.574033, -0.419278, 0.535535, 0.455944
0.582933, -0.431887, 0.525750, 0.444119
0.580683, -0.427335, 0.528311, 0.448409
0.579977, -0.425029, 0.529120, 0.450555
0.579529, -0.423683, 0.529627, 0.451802
0.579440, -0.422339, 0.529741, 0.453039
0.580125, -0.420742, 0.529011, 0.454499
0.579928, -0.419857, 0.529233, 0.455310
0.579805, -0.419148, 0.529370, 0.455960
0.580003, -0.418477, 0.529141, 0.456591
0.579890, -0.417790, 0.529253, 0.457233
0.580056, -0.417023, 0.529066, 0.457939
0.580013, -0.416590, 0.529099, 0.458348
0.579895, -0.416427, 0.529217, 0.458510
0.579456, -0.416621, 0.529682, 0.458351
0.579440, -0.416279, 0.529680, 0.458684
0.579120, -0.416376, 0.530009, 0.458620
0.578845, -0.416435, 0.530291, 0.458587
0.578970, -0.416141, 0.530151, 0.458858
0.579544, -0.415196, 0.529508, 0.459733
0.579484, -0.415091, 0.529563, 0.459839
0.578962, -0.415539, 0.530124, 0.459445
0.577866, -0.416845, 0.531344, 0.458231
0.576948, -0.418845, 0.532352, 0.456390
0.577077, -0.418005, 0.532207, 0.457166
0.577373, -0.416771, 0.531878, 0.458301
0.575831, -0.418055, 0.533565, 0.457108
0.574401, -0.419386, 0.535122, 0.455866
0.573397, -0.420297, 0.536211, 0.455012
0.572779, -0.420817, 0.536868, 0.454533
0.572630, -0.420921, 0.537029, 0.454435
0.572080, -0.421403, 0.537623, 0.453980
0.571326, -0.422015, 0.538433, 0.453400
0.570779, -0.422567, 0.539005, 0.452894
0.570476, -0.422809, 0.539317, 0.452679
0.570359, -0.422842, 0.539439, 0.452650
0.570098, -0.423074, 0.539720, 0.452427
0.569862, -0.423302, 0.539973, 0.452208
0.569830, -0.423337, 0.540009, 0.452173
0.569631, -0.423492, 0.540223, 0.452023
0.569724, -0.423388, 0.540125, 0.452121
0.569677, -0.423460, 0.540168, 0.452062
0.569648, -0.423438, 0.540198, 0.452082
0.569910, -0.423145, 0.539921, 0.452358
0.569949, -0.423158, 0.539882, 0.452344
0.570187, -0.422997, 0.539630, 0.452494
0.570212, -0.422990, 0.539605, 0.452499
0.570277, -0.422947, 0.539537, 0.452538
0.570480, -0.422823, 0.539322, 0.452654
0.570482, -0.422878, 0.539322, 0.452601
0.570443, -0.422921, 0.539366, 0.452557
0.570291, -0.423040, 0.539531, 0.452441
0.571198, -0.422256, 0.538564, 0.453182
0.570955, -0.422437, 0.538825, 0.453008
0.571044, -0.422363, 0.538732, 0.453076
0.570894, -0.422489, 0.538894, 0.452955
0.570590, -0.422811, 0.539221, 0.452647
0.570037, -0.423280, 0.539812, 0.452201
0.569929, -0.423324, 0.539918, 0.452170
0.570030, -0.423165, 0.539808, 0.452323
0.570276, -0.422932, 0.539547, 0.452543
0.570250, -0.422912, 0.539576, 0.452559
0.569912, -0.423249, 0.539937, 0.452239
0.569835, -0.423471, 0.540001, 0.452052
0.569904, -0.423492, 0.539913, 0.452050
0.569769, -0.423524, 0.540054, 0.452022
0.569684, -0.423532, 0.540143, 0.452014
0.569544, -0.423683, 0.540285, 0.451881
0.569422, -0.423759, 0.540405, 0.451819
0.569383, -0.423663, 0.540435, 0.451922
0.569575, -0.423521, 0.540226, 0.452064
0.569771, -0.423265, 0.540013, 0.452311
0.570004, -0.423118, 0.539765, 0.452451
0.569877, -0.423317, 0.539902, 0.452261
0.569613, -0.423562, 0.540181, 0.452031
0.569507, -0.423618, 0.540288, 0.451983
0.569337, -0.423802, 0.540468, 0.451810
0.569378, -0.423752, 0.540422, 0.451861
0.569699, -0.423381, 0.540075, 0.452219
0.569517, -0.423518, 0.540263, 0.452095
0.569408, -0.423562, 0.540371, 0.452062
0.569256, -0.423704, 0.540521, 0.451941
0.569068, -0.423910, 0.540706, 0.451764
0.569267, -0.423804, 0.540481, 0.451882
0.568853, -0.424198, 0.540916, 0.451512
0.568712, -0.424284, 0.541066, 0.451429
0.568818, -0.424205, 0.540955, 0.451503
0.568727, -0.424308, 0.541054, 0.451403
0.568246, -0.424748, 0.541565, 0.450981
0.567648, -0.425260, 0.542198, 0.450491
0.566855, -0.425982, 0.543037, 0.449796
0.566068, -0.426757, 0.543868, 0.449049
0.565583, -0.427173, 0.544379, 0.448645
0.565262, -0.427397, 0.544716, 0.448426
0.564980, -0.427597, 0.545011, 0.448232
0.564551, -0.427976, 0.545457, 0.447868
0.564118, -0.428301, 0.545906, 0.447556
0.563796, -0.428647, 0.546235, 0.447230
0.563520, -0.428888, 0.546513, 0.447007
0.562939, -0.429408, 0.547110, 0.446509
0.562541, -0.429702, 0.547509, 0.446238
0.562074, -0.430111, 0.547976, 0.445859
0.562061, -0.430130, 0.547974, 0.445861
0.562338, -0.429946, 0.547681, 0.446048
0.562350, -0.429934, 0.547666, 0.446063
0.562483, -0.429860, 0.547521, 0.446145
0.562868, -0.429593, 0.547110, 0.446420
0.563589, -0.428923, 0.546352, 0.447083
0.564050, -0.428513, 0.545866, 0.447489
0.564381, -0.428302, 0.545517, 0.447699
0.564556, -0.428242, 0.545337, 0.447755
0.564268, -0.428493, 0.545640, 0.447509
0.564149, -0.428532, 0.545769, 0.447464
0.564585, -0.428126, 0.545324, 0.447844
0.565068, -0.427706, 0.544835, 0.448232
0.565020, -0.427723, 0.544908, 0.448189
0.564503, -0.428194, 0.545468, 0.447708
0.563739, -0.428953, 0.546273, 0.446962
0.563846, -0.428945, 0.546164, 0.446968
0.564392, -0.428495, 0.545595, 0.447405
0.564578, -0.428322, 0.545402, 0.447572
0.563968, -0.428854, 0.546040, 0.447053
0.562940, -0.429738, 0.547110, 0.446191
0.562771, -0.429772, 0.547286, 0.446155
0.563343, -0.429221, 0.546694, 0.446690
0.563658, -0.428909, 0.546367, 0.446990
0.563382, -0.429090, 0.546657, 0.446812
0.563031, -0.429425, 0.547022, 0.446484
0.562884, -0.429515, 0.547176, 0.446394
0.563111, -0.429289, 0.546943, 0.446612
0.563516, -0.428993, 0.546525, 0.446896
0.563528, -0.428993, 0.546529, 0.446877
0.563138, -0.429210, 0.546953, 0.446641
0.562594, -0.429763, 0.547533, 0.446084
0.562254, -0.430063, 0.547890, 0.445785
0.562271, -0.430124, 0.547874, 0.445724
0.562375, -0.429965, 0.547767, 0.445877
0.562405, -0.429891, 0.547738, 0.445947
0.562158, -0.430226, 0.547997, 0.445618
0.561894, -0.430463, 0.548276, 0.445378
0.561913, -0.430485, 0.548263, 0.445349
0.562045, -0.430392, 0.548129, 0.445436
0.562092, -0.430279, 0.548083, 0.445545
0.562162, -0.430263, 0.548013, 0.445557
0.562094, -0.430300, 0.548086, 0.445517
0.562196, -0.430203, 0.547981, 0.445611
0.562549, -0.429855, 0.547616, 0.445949
0.562483, -0.429923, 0.547687, 0.445880
0.562146, -0.430190, 0.548039, 0.445616
0.562065, -0.430164, 0.548123, 0.445640
0.562164, -0.430060, 0.548017, 0.445744
0.562348, -0.429750, 0.547818, 0.446056
0.561966, -0.429781, 0.548211, 0.446025
0.561933, -0.430353, 0.548252, 0.445466
0.562077, -0.430232, 0.548109, 0.445576
0.562199, -0.430113, 0.547986, 0.445689
0.562306, -0.429944, 0.547875, 0.445852
0.562391, -0.429890, 0.547788, 0.445904
0.562192, -0.430151, 0.547998, 0.445645
0.562025, -0.430332, 0.548188, 0.445448
0.561847, -0.430497, 0.548386, 0.445269
0.561654, -0.430672, 0.548590, 0.445091
0.561693, -0.430623, 0.548550, 0.445139
0.561722, -0.430585, 0.548519, 0.445177
0.561568, -0.430697, 0.548680, 0.445066
0.561290, -0.430927, 0.548969, 0.444837
0.560992, -0.431138, 0.549280, 0.444626
0.560687, -0.431410, 0.549595, 0.444356
0.560719, -0.431337, 0.549563, 0.444426
0.560946, -0.431150, 0.549330, 0.444609
0.561036, -0.431109, 0.549239, 0.444647
0.560789, -0.431334, 0.549496, 0.444424
0.560282, -0.431781, 0.550019, 0.443981
0.559938, -0.432055, 0.550376, 0.443707
0.559976, -0.432021, 0.550342, 0.443734
0.560299, -0.431759, 0.550016, 0.443986
0.560538, -0.431514, 0.549776, 0.444219
0.560594, -0.431511, 0.549722, 0.444218
0.560378, -0.431738, 0.549947, 0.443992
0.560243, -0.431874, 0.550087, 0.443857
0.560342, -0.431887, 0.549988, 0.443842
0.560477, -0.431768, 0.549851, 0.443956
0.560555, -0.431678, 0.549774, 0.444040
0.560609, -0.431631, 0.549721, 0.444084
0.560448, -0.431757, 0.549888, 0.443957
0.560096, -0.432018, 0.550251, 0.443698
0.560105, -0.432010, 0.550243, 0.443703
0.560196, -0.431848, 0.550159, 0.443851
0.560271, -0.431711, 0.550092, 0.443973
0.560260, -0.431728, 0.550108, 0.443950
0.559981, -0.431907, 0.550395, 0.443772
0.559832, -0.432130, 0.550550, 0.443551
0.559525, -0.432392, 0.550865, 0.443292
0.559562, -0.432286, 0.550829, 0.443393
0.559804, -0.432082, 0.550583, 0.443593
0.559972, -0.431938, 0.550412, 0.443732
0.559778, -0.432102, 0.550618, 0.443562
0.559198, -0.432396, 0.551229, 0.443248
0.559135, -0.432461, 0.551310, 0.443164
0.559063, -0.432603, 0.551390, 0.443016
0.558849, -0.432795, 0.551609, 0.442826
0.558771, -0.432893, 0.551682, 0.442739
0.557709, -0.431572, 0.552755, 0.444027
0.557395, -0.431863, 0.553079, 0.443735
0.557351, -0.431756, 0.553128, 0.443832
0.557564, -0.431449, 0.552908, 0.444138
0.558106, -0.432108, 0.552361, 0.443497
0.558139, -0.432603, 0.552332, 0.443009
0.557921, -0.433001, 0.552559, 0.442611
0.557560, -0.433441, 0.552940, 0.442160
0.557345, -0.433703, 0.553171, 0.441883
0.557413, -0.433744, 0.553111, 0.441833
0.557421, -0.433836, 0.553107, 0.441737
0.557380, -0.433900, 0.553150, 0.441673
0.557075, -0.434238, 0.553462, 0.441335
0.556400, -0.434941, 0.554148, 0.440633
0.556107, -0.435156, 0.554446, 0.440416
0.556243, -0.435016, 0.554309, 0.440553
0.556465, -0.434761, 0.554086, 0.440805
0.556473, -0.434846, 0.554080, 0.440719
0.556017, -0.435301, 0.554543, 0.440263
0.555610, -0.435579, 0.554955, 0.439983
0.555619, -0.435519, 0.554945, 0.440044
0.555924, -0.435285, 0.554637, 0.440279
0.555842, -0.435407, 0.554720, 0.440156
0.555816, -0.435406, 0.554749, 0.440154
0.555704, -0.435424, 0.554864, 0.440133
0.555562, -0.435596, 0.555009, 0.439959
0.555363, -0.435719, 0.555210, 0.439834
0.555212, -0.435792, 0.555364, 0.439758
0.555275, -0.435791, 0.555303, 0.439756
0.555483, -0.435581, 0.555095, 0.439965
0.555731, -0.435415, 0.554847, 0.440128
0.555713, -0.435490, 0.554868, 0.440051
0.555542, -0.435676, 0.555043, 0.439862
0.555144, -0.436067, 0.555446, 0.439467
0.555157, -0.435983, 0.555436, 0.439548
0.555414, -0.435753, 0.555179, 0.439776
0.555654, -0.435541, 0.554938, 0.439986
0.555563, -0.435593, 0.555031, 0.439932
0.555145, -0.435941, 0.555454, 0.439581
0.554922, -0.436079, 0.555680, 0.439440
0.554953, -0.436041, 0.555650, 0.439476
0.555281, -0.435788, 0.555322, 0.439728
0.555512, -0.435593, 0.555091, 0.439921
0.555378, -0.435706, 0.555227, 0.439805
0.554884, -0.436137, 0.555727, 0.439371
0.554658, -0.436313, 0.555956, 0.439192
0.554859, -0.436154, 0.555756, 0.439349
0.555180, -0.435933, 0.555435, 0.439569
0.555299, -0.435851, 0.555316, 0.439649
0.555194, -0.435997, 0.555424, 0.439502
0.554911, -0.436148, 0.555710, 0.439346
0.554840, -0.436198, 0.555784, 0.439294
0.555021, -0.436031, 0.555604, 0.439459
0.555311, -0.435853, 0.555314, 0.439635
0.555247, -0.435928, 0.555380, 0.439558
0.554944, -0.436189, 0.555687, 0.439295
0.554594, -0.436569, 0.556040, 0.438912
0.554743, -0.436504, 0.555893, 0.438975
0.554922, -0.436372, 0.555715, 0.439105
0.555077, -0.436188, 0.555560, 0.439288
0.555035, -0.436204, 0.555604, 0.439270
0.554695, -0.436440, 0.555947, 0.439031
0.554578, -0.436435, 0.556066, 0.439033
0.554679, -0.436379, 0.555967, 0.439087
0.554733, -0.436338, 0.555915, 0.439125
0.554641, -0.436412, 0.556008, 0.439048
0.554516, -0.436495, 0.556137, 0.438963
0.554548, -0.436560, 0.556108, 0.438893
0.554457, -0.436572, 0.556203, 0.438876
0.554639, -0.436375, 0.556022, 0.439070
0.554631, -0.436355, 0.556032, 0.439089
0.554426, -0.436545, 0.556238, 0.438896
0.554271, -0.436675, 0.556396, 0.438764
0.554129, -0.436722, 0.556540, 0.438713
0.554285, -0.436632, 0.556386, 0.438802
0.554467, -0.436517, 0.556205, 0.438915
0.554565, -0.436463, 0.556108, 0.438967
0.554550, -0.436513, 0.556125, 0.438916
0.554418, -0.436579, 0.556260, 0.438846
0.554274, -0.436712, 0.556406, 0.438710
0.554325, -0.436653, 0.556357, 0.438767
0.554602, -0.436402, 0.556080, 0.439017
0.554561, -0.436371, 0.556123, 0.439046
0.554447, -0.436391, 0.556240, 0.439023
0.554202, -0.436594, 0.556487, 0.438816
0.554213, -0.436577, 0.556478, 0.438831
0.554298, -0.436590, 0.556395, 0.438816
0.554118, -0.436764, 0.556578, 0.438639
0.554114, -0.436808, 0.556583, 0.438592
0.554082, -0.436837, 0.556618, 0.438561
0.554195, -0.436766, 0.556506, 0.438629
0.554172, -0.436766, 0.556531, 0.438627
0.553985, -0.436898, 0.556720, 0.438492
0.553870, -0.436992, 0.556837, 0.438395
0.553809, -0.437026, 0.556899, 0.438358
0.553958, -0.436915, 0.556752, 0.438468
0.554093, -0.436779, 0.556618, 0.438603
0.554061, -0.436831, 0.556652, 0.438548
0.553962, -0.436898, 0.556754, 0.438478
0.553862, -0.436965, 0.556857, 0.438407
0.553754, -0.437076, 0.556970, 0.438290
0.553784, -0.437023, 0.556943, 0.438338
0.553857, -0.436974, 0.556872, 0.438384
0.553800, -0.437043, 0.556933, 0.438310
0.553563, -0.437250, 0.557176, 0.438095
0.553377, -0.437493, 0.557367, 0.437844
0.553338, -0.437525, 0.557409, 0.437808
0.553320, -0.437470, 0.557428, 0.437861
0.553369, -0.437375, 0.557381, 0.437954
0.553301, -0.437432, 0.557449, 0.437896
0.552977, -0.437689, 0.557775, 0.437634
0.552880, -0.437767, 0.557874, 0.437553
0.552822, -0.437779, 0.557933, 0.437537
0.553108, -0.437564, 0.557649, 0.437754
0.553276, -0.437405, 0.557482, 0.437913
0.553232, -0.437537, 0.557527, 0.437779
0.552928, -0.437804, 0.557833, 0.437507
0.552863, -0.437914, 0.557899, 0.437394
0.553040, -0.437757, 0.557724, 0.437551
0.553460, -0.437412, 0.557306, 0.437898
0.553607, -0.437283, 0.557161, 0.438026
0.553433, -0.437425, 0.557337, 0.437880
0.553095, -0.437644, 0.557676, 0.437656
0.552976, -0.437679, 0.557796, 0.437618
0.553222, -0.437454, 0.557552, 0.437842
0.553509, -0.437221, 0.557267, 0.438076
0.553466, -0.437213, 0.557312, 0.438082
0.553258, -0.437374, 0.557521, 0.437916
0.553087, -0.437577, 0.557694, 0.437710
0.552953, -0.437652, 0.557829, 0.437631
0.553180, -0.437467, 0.557604, 0.437816
0.553197, -0.437465, 0.557589, 0.437817
0.553110, -0.437508, 0.557678, 0.437771
0.553051, -0.437515, 0.557738, 0.437761
0.553143, -0.437480, 0.557648, 0.437794
0.553209, -0.437424, 0.557583, 0.437849
0.553219, -0.437465, 0.557576, 0.437805
0.553272, -0.437360, 0.557524, 0.437909
0.553244, -0.437312, 0.557554, 0.437955
0.553246, -0.437321, 0.557554, 0.437944
0.553272, -0.437259, 0.557529, 0.438004
0.553314, -0.437293, 0.557489, 0.437967
0.553323, -0.437291, 0.557482, 0.437968
0.553340, -0.437298, 0.557467, 0.437958
0.553318, -0.437381, 0.557491, 0.437873
0.553258, -0.437382, 0.557552, 0.437869
0.553296, -0.437385, 0.557517, 0.437864
0.553382, -0.437413, 0.557432, 0.437834
0.553329, -0.437448, 0.557487, 0.437796
0.553340, -0.437400, 0.557478, 0.437842
0.553255, -0.437502, 0.557565, 0.437737
0.553136, -0.437571, 0.557685, 0.437665
0.553147, -0.437527, 0.557676, 0.437707
0.553219, -0.437491, 0.557605, 0.437742
0.553292, -0.437383, 0.557533, 0.437849
0.553174, -0.437519, 0.557653, 0.437710
0.553036, -0.437647, 0.557793, 0.437579
0.553045, -0.437672, 0.557786, 0.437552
0.553199, -0.437509, 0.557633, 0.437714
0.553290, -0.437439, 0.557544, 0.437783
0.553318, -0.437470, 0.557518, 0.437750
0.553135, -0.437539, 0.557702, 0.437678
0.552960, -0.437627, 0.557878, 0.437586
0.553076, -0.437512, 0.557763, 0.437700
0.553231, -0.437319, 0.557610, 0.437893
0.553297, -0.437294, 0.557546, 0.437916
0.553260, -0.437344, 0.557585, 0.437863
0.553143, -0.437454, 0.557704, 0.437750
0.553152, -0.437462, 0.557696, 0.437739
0.553193, -0.437426, 0.557657, 0.437773
0.553307, -0.437317, 0.557545, 0.437882
0.553299, -0.437322, 0.557554, 0.437874
0.553219, -0.437385, 0.557636, 0.437808
0.553174, -0.437420, 0.557683, 0.437771
0.553088, -0.437486, 0.557770, 0.437702
0.553133, -0.437520, 0.557728, 0.437665
0.553140, -0.437555, 0.557722, 0.437629
0.553285, -0.437389, 0.557580, 0.437794
0.553362, -0.437353, 0.557504, 0.437828
0.553291, -0.437445, 0.557577, 0.437733
0.553230, -0.437507, 0.557640, 0.437668
0.553148, -0.437584, 0.557723, 0.437588
0.553126, -0.437595, 0.557747, 0.437574
0.553120, -0.437660, 0.557755, 0.437507
0.553239, -0.437551, 0.557638, 0.437615
0.553281, -0.437436, 0.557597, 0.437729
0.553299, -0.437405, 0.557582, 0.437758
0.553222, -0.437550, 0.557660, 0.437610
0.552955, -0.437730, 0.557928, 0.437425
0.552735, -0.437860, 0.558150, 0.437290
0.552921, -0.437680, 0.557967, 0.437468
0.553119, -0.437566, 0.557772, 0.437581
0.553015, -0.437662, 0.557877, 0.437482
0.552678, -0.437870, 0.558215, 0.437269
0.552444, -0.438058, 0.558449, 0.437078
0.552412, -0.438071, 0.558482, 0.437063
0.552589, -0.437988, 0.558307, 0.437146
0.552698, -0.437919, 0.558200, 0.437214
0.552839, -0.437838, 0.558060, 0.437295
0.552845, -0.437824, 0.558054, 0.437309
0.552853, -0.437875, 0.558048, 0.437256
0.552811, -0.437942, 0.558093, 0.437185
0.552923, -0.437884, 0.557983, 0.437243
0.553102, -0.437664, 0.557805, 0.437462
0.553178, -0.437607, 0.557730, 0.437519
0.553178, -0.437625, 0.557732, 0.437498
0.552943, -0.437825, 0.557968, 0.437294
0.552873, -0.437927, 0.558040, 0.437188
0.552886, -0.437887, 0.558030, 0.437225
0.552965, -0.437803, 0.557953, 0.437308
0.553068, -0.437684, 0.557852, 0.437426
0.552920, -0.437854, 0.558000, 0.437252
0.552643, -0.438100, 0.558280, 0.437001
0.552549, -0.438163, 0.558375, 0.436935
0.552534, -0.438113, 0.558391, 0.436983
0.552696, -0.437970, 0.558230, 0.437127
0.552730, -0.437895, 0.558197, 0.437201
0.552636, -0.437947, 0.558293, 0.437147
0.552444, -0.438110, 0.558485, 0.436979
0.552429, -0.438169, 0.558502, 0.436917
0.552663, -0.437991, 0.558271, 0.437096
0.552953, -0.437682, 0.557982, 0.437407
0.552996, -0.437697, 0.557941, 0.437390
0.552843, -0.437791, 0.558095, 0.437292
0.552697, -0.437865, 0.558242, 0.437215
0.552629, -0.437885, 0.558311, 0.437193
0.552829, -0.437753, 0.558114, 0.437325
0.553049, -0.437497, 0.557896, 0.437580
0.553094, -0.437479, 0.557853, 0.437597
0.552766, -0.437714, 0.558182, 0.437356
0.552474, -0.437974, 0.558474, 0.437091
0.552341, -0.438108, 0.558610, 0.436953
0.552501, -0.437937, 0.558451, 0.437123
0.552756, -0.437736, 0.558199, 0.437326
0.552768, -0.437724, 0.558188, 0.437335
0.552490, -0.437989, 0.558467, 0.437066
0.552252, -0.438164, 0.558706, 0.436885
0.552227, -0.438209, 0.558732, 0.436838
0.552339, -0.438109, 0.558622, 0.436937
0.552499, -0.438041, 0.558465, 0.437005
0.552552, -0.437998, 0.558413, 0.437047
0.552446, -0.438096, 0.558520, 0.436946
0.552370, -0.438167, 0.558598, 0.436871
0.552344, -0.438165, 0.558626, 0.436871
0.552396, -0.438086, 0.558576, 0.436949
0.552463, -0.437984, 0.558510, 0.437050
0.552508, -0.437909, 0.558467, 0.437124
0.552445, -0.437957, 0.558531, 0.437072
0.552265, -0.438114, 0.558712, 0.436912
0.552205, -0.438227, 0.558774, 0.436795
0.552321, -0.438123, 0.558660, 0.436898
0.552463, -0.438053, 0.558520, 0.436968
0.552554, -0.437949, 0.558429, 0.437073
0.552418, -0.437990, 0.558566, 0.437029
0.552201, -0.438174, 0.558784, 0.436840
0.552157, -0.438134, 0.558829, 0.436878
0.552431, -0.437960, 0.558557, 0.437054
0.552591, -0.437871, 0.558399, 0.437143
0.552559, -0.437891, 0.558431, 0.437122
0.552324, -0.438052, 0.558667, 0.436957
0.552249, -0.438162, 0.558744, 0.436843
0.552409, -0.437995, 0.558586, 0.437010
0.552666, -0.437758, 0.558331, 0.437249
0.552741, -0.437667, 0.558257, 0.437338
0.552563, -0.437762, 0.558436, 0.437239
0.552269, -0.438006, 0.558732, 0.436990
0.552206, -0.438086, 0.558797, 0.436907
0.552385, -0.437884, 0.558619, 0.437109
0.552557, -0.437681, 0.558449, 0.437312
0.552536, -0.437774, 0.558471, 0.437216
0.552346, -0.437921, 0.558663, 0.437065
0.552221, -0.438017, 0.558789, 0.436965
0.552203, -0.438101, 0.558810, 0.436878
0.552313, -0.438003, 0.558702, 0.436975
0.552353, -0.438012, 0.558664, 0.436964
0.552276, -0.438090, 0.558742, 0.436882
0.552200, -0.438183, 0.558820, 0.436786
0.552285, -0.438056, 0.558737, 0.436912
0.552382, -0.438016, 0.558642, 0.436951
0.552418, -0.438002, 0.558609, 0.436963
0.552365, -0.438124, 0.558662, 0.436838
0.552287, -0.438201, 0.558742, 0.436758
0.552380, -0.438190, 0.558651, 0.436768
0.552583, -0.438070, 0.558451, 0.436887
0.552663, -0.437970, 0.558372, 0.436987
0.552689, -0.437918, 0.558348, 0.437037
0.552638, -0.437949, 0.558401, 0.437003
0.552491, -0.438021, 0.558548, 0.436928
0.552604, -0.437897, 0.558437, 0.437052
0.552771, -0.437736, 0.558272, 0.437213
0.552929, -0.437605, 0.558116, 0.437344
0.552981, -0.437574, 0.558066, 0.437373
0.552916, -0.437598, 0.558132, 0.437345
0.552755, -0.437702, 0.558295, 0.437238
0.552804, -0.437627, 0.558247, 0.437311
0.552869, -0.437581, 0.558184, 0.437356
0.552821, -0.437623, 0.558235, 0.437311
0.552924, -0.437580, 0.558133, 0.437352
0.552883, -0.437645, 0.558176, 0.437286
0.552826, -0.437698, 0.558235, 0.437229
0.552709, -0.437814, 0.558353, 0.437110
0.552770, -0.437700, 0.558294, 0.437222
0.552964, -0.437528, 0.558102, 0.437393
0.553052, -0.437425, 0.558016, 0.437496
0.553037, -0.437540, 0.558033, 0.437378
0.552835, -0.437704, 0.558236, 0.437209
0.552700, -0.437866, 0.558372, 0.437043
0.552839, -0.437755, 0.558237, 0.437154
0.552953, -0.437596, 0.558124, 0.437312
0.553013, -0.437574, 0.558066, 0.437332
0.552757, -0.437795, 0.558324, 0.437105
0.552529, -0.437955, 0.558555, 0.436938
0.552546, -0.437944, 0.558541, 0.436946
0.552767, -0.437723, 0.558321, 0.437168
0.552817, -0.437694, 0.558273, 0.437196
0.552591, -0.437896, 0.558500, 0.436989
0.552421, -0.438102, 0.558672, 0.436778
0.552249, -0.438196, 0.558845, 0.436680
0.552374, -0.438027, 0.558720, 0.436849
0.552629, -0.437822, 0.558468, 0.437056
0.552706, -0.437739, 0.558393, 0.437139
0.552429, -0.438001, 0.558669, 0.436872
0.552107, -0.438329, 0.558992, 0.436537
0.552218, -0.438324, 0.558884, 0.436541
0.552540, -0.438072, 0.558565, 0.436794
0.552805, -0.437849, 0.558302, 0.437019
0.552719, -0.437935, 0.558389, 0.436930
0.552355, -0.438200, 0.558753, 0.436659
0.552282, -0.438206, 0.558827, 0.436650
0.552387, -0.438099, 0.558725, 0.436755
0.552630, -0.437890, 0.558485, 0.436965
0.552696, -0.437821, 0.558420, 0.437033
0.552591, -0.437906, 0.558526, 0.436946
0.552375, -0.438093, 0.558742, 0.436754
0.552306, -0.438162, 0.558812, 0.436683
0.552450, -0.438028, 0.558671, 0.436816
0.552621, -0.437894, 0.558503, 0.436949
0.552641, -0.437826, 0.558485, 0.437015
0.552583, -0.437781, 0.558543, 0.437060
0.552421, -0.437946, 0.558706, 0.436890
0.552290, -0.438064, 0.558839, 0.436768
0.552410, -0.438018, 0.558721, 0.436813
0.552451, -0.438041, 0.558682, 0.436788
0.552595, -0.437961, 0.558541, 0.436867
0.552700, -0.437940, 0.558438, 0.436886
0.552539, -0.438064, 0.558600, 0.436758
0.552351, -0.438227, 0.558789, 0.436591
0.552136, -0.438293, 0.559004, 0.436522
0.552211, -0.438299, 0.558930, 0.436515
0.552323, -0.438215, 0.558820, 0.436599
0.552386, -0.438151, 0.558759, 0.436662
0.552332, -0.438197, 0.558814, 0.436613
0.552180, -0.438232, 0.558967, 0.436575
0.551995, -0.438340, 0.559153, 0.436462
0.552008, -0.438231, 0.559141, 0.436570
0.552087, -0.438190, 0.559064, 0.436611
0.552029, -0.438184, 0.559122, 0.436615
0.552070, -0.438246, 0.559081, 0.436553
0.551918, -0.438498, 0.559232, 0.436300
0.551991, -0.438396, 0.559156, 0.436407
0.552125, -0.438306, 0.559019, 0.436504
0.552205, -0.438222, 0.558936, 0.436593
0.552592, -0.437902, 0.558548, 0.436920
0.552762, -0.437789, 0.558376, 0.437038
0.552877, -0.437649, 0.558260, 0.437182
0.552970, -0.437601, 0.558166, 0.437233
0.553111, -0.437441, 0.558025, 0.437393
0.553280, -0.437284, 0.557858, 0.437550
0.553382, -0.437266, 0.557759, 0.437566
0.553461, -0.437104, 0.557681, 0.437727
0.553576, -0.436947, 0.557567, 0.437883
0.553523, -0.437020, 0.557617, 0.437812
0.553436, -0.437097, 0.557703, 0.437736
0.553375, -0.437118, 0.557759, 0.437722
0.553282, -0.437082, 0.557847, 0.437763
0.553333, -0.437037, 0.557791, 0.437814
0.553514, -0.436875, 0.557608, 0.437981
0.553738, -0.436650, 0.557380, 0.438211
0.553960, -0.436518, 0.557157, 0.438346
0.553884, -0.436596, 0.557234, 0.438268
0.553873, -0.436652, 0.557245, 0.438212
0.554010, -0.436604, 0.557106, 0.438262
0.554137, -0.436433, 0.556977, 0.438436
0.554332, -0.436186, 0.556780, 0.438686
0.554402, -0.436120, 0.556711, 0.438750
0.554259, -0.436306, 0.556857, 0.438561
0.554182, -0.436363, 0.556935, 0.438502
0.554297, -0.436270, 0.556821, 0.438594
0.554509, -0.436189, 0.556611, 0.438674
0.554447, -0.436185, 0.556674, 0.438676
0.554163, -0.436365, 0.556961, 0.438492
0.554185, -0.436428, 0.556941, 0.438426
0.554306, -0.436354, 0.556822, 0.438498
0.554421, -0.436263, 0.556708, 0.438588
0.554334, -0.436366, 0.556797, 0.438482
0.554352, -0.436329, 0.556781, 0.438518
0.554412, -0.436280, 0.556721, 0.438566
0.554406, -0.436336, 0.556726, 0.438511
0.554248, -0.436468, 0.556886, 0.438377
0.554175, -0.436566, 0.556961, 0.438276
0.554172, -0.436634, 0.556967, 0.438206
0.554193, -0.436572, 0.556946, 0.438266
0.554066, -0.436582, 0.557071, 0.438258
0.554106, -0.436577, 0.557030, 0.438264
0.554096, -0.436662, 0.557042, 0.438178
0.553928, -0.436752, 0.557212, 0.438084
0.554012, -0.436687, 0.557130, 0.438148
0.554161, -0.436571, 0.556983, 0.438262
0.554060, -0.436667, 0.557085, 0.438163
0.553953, -0.436696, 0.557194, 0.438131
0.553864, -0.436754, 0.557286, 0.438068
0.553820, -0.436761, 0.557335, 0.438055
0.553760, -0.436785, 0.557398, 0.438027
0.553754, -0.436753, 0.557407, 0.438054
0.553697, -0.436786, 0.557467, 0.438019
0.553603, -0.436935, 0.557563, 0.437866
0.553463, -0.437021, 0.557705, 0.437776
0.553349, -0.437159, 0.557823, 0.437632
0.553391, -0.437148, 0.557785, 0.437638
0.553386, -0.437156, 0.557793, 0.437627
0.553367, -0.437121, 0.557813, 0.437660
0.553332, -0.437176, 0.557850, 0.437602
0.553264, -0.437217, 0.557920, 0.437558
0.553104, -0.437399, 0.558082, 0.437372
0.553045, -0.437409, 0.558142, 0.437360
0.553154, -0.437224, 0.558035, 0.437544
0.553153, -0.437174, 0.558037, 0.437592
0.553148, -0.437189, 0.558044, 0.437575
0.553116, -0.437171, 0.558077, 0.437591
0.553055, -0.437217, 0.558140, 0.437542
0.553042, -0.437260, 0.558156, 0.437495
0.553045, -0.437251, 0.558154, 0.437501
0.553042, -0.437300, 0.558160, 0.437449
0.552969, -0.437361, 0.558236, 0.437385
0.552870, -0.437407, 0.558336, 0.437335
0.552862, -0.437473, 0.558346, 0.437266
0.552932, -0.437286, 0.558279, 0.437450
0.553005, -0.437248, 0.558210, 0.437483
0.553014, -0.437241, 0.558204, 0.437488
0.552854, -0.437348, 0.558365, 0.437377
0.552671, -0.437542, 0.558550, 0.437179
0.552501, -0.437685, 0.558721, 0.437031
0.552655, -0.437574, 0.558569, 0.437142
0.552779, -0.437433, 0.558448, 0.437281
0.552763, -0.437443, 0.558466, 0.437269
0.552572, -0.437573, 0.558657, 0.437136
0.552474, -0.437668, 0.558757, 0.437038
0.552490, -0.437740, 0.558743, 0.436963
0.552617, -0.437642, 0.558617, 0.437060
0.552851, -0.437510, 0.558386, 0.437192
0.552899, -0.437518, 0.558340, 0.437182
0.552836, -0.437483, 0.558404, 0.437215
0.552746, -0.437552, 0.558496, 0.437142
0.552553, -0.437734, 0.558691, 0.436955
0.552584, -0.437808, 0.558663, 0.436878
0.552825, -0.437580, 0.558426, 0.437104
0.552996, -0.437379, 0.558256, 0.437305
0.552927, -0.437413, 0.558327, 0.437269
0.552697, -0.437573, 0.558558, 0.437104
0.552458, -0.437708, 0.558798, 0.436964
0.552470, -0.437760, 0.558792, 0.436906
0.552701, -0.437631, 0.558566, 0.437032
0.552885, -0.437495, 0.558384, 0.437166
0.552818, -0.437539, 0.558453, 0.437121
0.552605, -0.437783, 0.558667, 0.436871
0.552273, -0.438090, 0.558999, 0.436558
0.552287, -0.438084, 0.558988, 0.436561
0.552555, -0.437775, 0.558723, 0.436870
0.552832, -0.437527, 0.558449, 0.437117
0.552924, -0.437517, 0.558359, 0.437127
0.552730, -0.437700, 0.558555, 0.436940
0.552385, -0.437926, 0.558900, 0.436707
0.552342, -0.437924, 0.558945, 0.436707
0.552468, -0.437780, 0.558821, 0.436851
0.552590, -0.437663, 0.558701, 0.436967
0.552555, -0.437673, 0.558737, 0.436955
0.552408, -0.437772, 0.558886, 0.436852
0.552227, -0.437864, 0.559068, 0.436756
0.552176, -0.437915, 0.559122, 0.436700
0.552327, -0.437789, 0.558974, 0.436823
0.552424, -0.437742, 0.558881, 0.436867
0.552328, -0.437806, 0.558978, 0.436800
0.552023, -0.438069, 0.559283, 0.436531
0.551798, -0.438215, 0.559509, 0.436380
0.551938, -0.438148, 0.559372, 0.436444
0.552081, -0.438021, 0.559234, 0.436569
0.552193, -0.437973, 0.559125, 0.436616
0.551951, -0.438160, 0.559368, 0.436424
0.551686, -0.438412, 0.559632, 0.436166
0.551469, -0.438658, 0.559850, 0.435913
0.551671, -0.438549, 0.559652, 0.436022
0.551883, -0.438406, 0.559444, 0.436165
0.551922, -0.438361, 0.559406, 0.436209
0.551672, -0.438524, 0.559656, 0.436040
0.551504, -0.438646, 0.559824, 0.435915
0.551384, -0.438661, 0.559945, 0.435895
0.551396, -0.438689, 0.559935, 0.435865
0.551497, -0.438610, 0.559837, 0.435943
0.551490, -0.438649, 0.559845, 0.435901
0.551324, -0.438824, 0.560012, 0.435722
0.551190, -0.438996, 0.560146, 0.435545
0.551312, -0.438911, 0.560028, 0.435629
0.551408, -0.438793, 0.559935, 0.435746
0.551408, -0.438703, 0.559935, 0.435835
0.551317, -0.438786, 0.560027, 0.435750
0.551285, -0.438856, 0.560060, 0.435677
0.551175, -0.438978, 0.560171, 0.435550
0.551035, -0.439083, 0.560312, 0.435440
0.551146, -0.438959, 0.560205, 0.435564
0.551383, -0.438746, 0.559971, 0.435778
0.551431, -0.438612, 0.559924, 0.435911
0.551234, -0.438719, 0.560122, 0.435799
0.551012, -0.438904, 0.560344, 0.435608
0.550990, -0.438998, 0.560369, 0.435511
0.551103, -0.438839, 0.560258, 0.435669
0.551206, -0.438787, 0.560158, 0.435720
0.551219, -0.438799, 0.560147, 0.435706
0.550962, -0.438984, 0.560404, 0.435515
0.550863, -0.439029, 0.560505, 0.435464
0.550954, -0.438984, 0.560417, 0.435506
0.551066, -0.438885, 0.560309, 0.435604
0.551003, -0.438924, 0.560373, 0.435563
0.550878, -0.439064, 0.560499, 0.435419
0.550777, -0.439229, 0.560600, 0.435248
0.550855, -0.439138, 0.560525, 0.435339
0.550943, -0.439028, 0.560439, 0.435449
0.551040, -0.438935, 0.560344, 0.435542
0.550995, -0.438989, 0.560391, 0.435485
0.550823, -0.439120, 0.560562, 0.435348
0.550612, -0.439317, 0.560774, 0.435146
0.550703, -0.439240, 0.560686, 0.435222
0.550921, -0.439066, 0.560471, 0.435397
0.551091, -0.438929, 0.560304, 0.435535
0.551097, -0.438904, 0.560300, 0.435559
0.550930, -0.439032, 0.560467, 0.435426
0.550715, -0.439214, 0.560681, 0.435238
0.550786, -0.439224, 0.560614, 0.435225
0.551099, -0.438968, 0.560305, 0.435484
0.551297, -0.438788, 0.560110, 0.435666
0.551284, -0.438756, 0.560125, 0.435696
0.551090, -0.438905, 0.560319, 0.435541
0.550937, -0.439039, 0.560473, 0.435402
0.551036, -0.438958, 0.560376, 0.435482
0.551285, -0.438763, 0.560132, 0.435679
0.551534, -0.438584, 0.559886, 0.435859
0.551526, -0.438552, 0.559896, 0.435890
0.551311, -0.438736, 0.560110, 0.435700
0.551022, -0.438909, 0.560399, 0.435521
0.551180, -0.438809, 0.560244, 0.435620
0.551406, -0.438568, 0.560021, 0.435864
0.551548, -0.438506, 0.559882, 0.435925
0.551510, -0.438573, 0.559921, 0.435855
0.551261, -0.438748, 0.560170, 0.435674
0.551126, -0.438872, 0.560306, 0.435545
0.551243, -0.438815, 0.560192, 0.435602
0.551442, -0.438622, 0.559996, 0.435796
0.551456, -0.438594, 0.559983, 0.435824
0.551266, -0.438743, 0.560173, 0.435669
0.551005, -0.439017, 0.560435, 0.435388
0.550906, -0.439083, 0.560535, 0.435317
0.551121, -0.438787, 0.560324, 0.435615
0.551349, -0.438606, 0.560099, 0.435797
0.551290, -0.438683, 0.560159, 0.435717
0.551041, -0.438884, 0.560408, 0.435510
0.550863, -0.439060, 0.560586, 0.435328
0.550717, -0.439209, 0.560734, 0.435174
0.550965, -0.438977, 0.560489, 0.435408
0.551193, -0.438751, 0.560265, 0.435637
0.551229, -0.438699, 0.560230, 0.435688
0.551022, -0.438802, 0.560436, 0.435580
0.550806, -0.439026, 0.560653, 0.435349
0.550808, -0.438985, 0.560653, 0.435388
0.550995, -0.438842, 0.560469, 0.435532
0.551159, -0.438734, 0.560308, 0.435640
0.551151, -0.438722, 0.560318, 0.435650
0.550966, -0.438831, 0.560503, 0.435536
0.550799, -0.438949, 0.560670, 0.435413
0.550885, -0.438891, 0.560587, 0.435470
0.551037, -0.438798, 0.560438, 0.435564
0.551192, -0.438733, 0.560287, 0.435628
0.551289, -0.438704, 0.560192, 0.435656
0.551160, -0.438790, 0.560321, 0.435565
0.551086, -0.438871, 0.560397, 0.435481
0.551118, -0.438882, 0.560367, 0.435467
0.551131, -0.438851, 0.560357, 0.435496
0.551236, -0.438786, 0.560254, 0.435561
0.551416, -0.438643, 0.560076, 0.435704
0.551406, -0.438666, 0.560088, 0.435679
0.551196, -0.438841, 0.560298, 0.435499
0.551076, -0.438992, 0.560419, 0.435343
0.551174, -0.438951, 0.560324, 0.435382
0.551256, -0.438813, 0.560244, 0.435520
0.551400, -0.438622, 0.560103, 0.435712
0.551432, -0.438616, 0.560073, 0.435717
0.551271, -0.438756, 0.560234, 0.435571
0.550963, -0.438957, 0.560541, 0.435365
0.551127, -0.438832, 0.560380, 0.435490
0.551346, -0.438682, 0.560164, 0.435641
0.551426, -0.438652, 0.560087, 0.435670
0.551246, -0.438786, 0.560267, 0.435531
0.551038, -0.438906, 0.560474, 0.435406
0.550979, -0.438936, 0.560535, 0.435373
0.551160, -0.438815, 0.560358, 0.435494
0.551207, -0.438761, 0.560313, 0.435546
0.551148, -0.438810, 0.560372, 0.435494
0.551099, -0.438869, 0.560423, 0.435432
0.550947, -0.439018, 0.560575, 0.435278
0.550916, -0.439088, 0.560609, 0.435204
0.551011, -0.439018, 0.560516, 0.435273
0.551147, -0.438969, 0.560384, 0.435322
0.551136, -0.438923, 0.560395, 0.435367
0.550983, -0.439045, 0.560549, 0.435241
0.550793, -0.439263, 0.560739, 0.435016
0.550812, -0.439170, 0.560722, 0.435108
0.550933, -0.439010, 0.560603, 0.435269
0.550963, -0.438886, 0.560574, 0.435393
0.550936, -0.438903, 0.560603, 0.435374
0.550943, -0.439013, 0.560597, 0.435259
0.550833, -0.439127, 0.560709, 0.435140
0.550783, -0.439206, 0.560761, 0.435058
0.550997, -0.439041, 0.560550, 0.435225
0.551129, -0.438888, 0.560421, 0.435378
0.551041, -0.438862, 0.560509, 0.435403
0.550974, -0.438919, 0.560576, 0.435343
0.550725, -0.439099, 0.560825, 0.435156
0.550784, -0.439130, 0.560769, 0.435123
0.550960, -0.439057, 0.560596, 0.435195
0.551064, -0.438980, 0.560495, 0.435272
0.551040, -0.438983, 0.560520, 0.435267
0.550928, -0.439039, 0.560632, 0.435208
0.550667, -0.439267, 0.560892, 0.434974
