293.085938, -35.742188, -633.937500
293.085938, -42.890625, -613.265625
300.234375, -28.593752, -530.578125
307.382812, -21.445312, -461.671906
307.382812, 14.296876, -413.437531
285.937500, 64.335938, -351.421875
264.492188, 100.078133, -310.078125
257.343750, 150.117188, -275.625000
250.195328, 193.007828, -254.953140
235.898453, 214.453140, -241.171890
228.750015, 243.046890, -213.609390
207.304703, 271.640625, -234.281265
214.453140, 307.382812, -213.609390
214.453140, 321.679688, -213.609390
214.453140, 343.125000, -199.828140
214.453140, 357.421875, -220.500015
235.898453, 378.867188, -213.609390
235.898453, 407.460968, -227.390640
250.195328, 407.460968, -234.281265
250.195328, 414.609406, -220.500015
257.343750, 421.757843, -254.953140
293.085938, 436.054718, -261.843750
293.085938, 428.906281, -289.406250
343.125000, 428.906281, -303.187500
335.976562, 414.609406, -310.078125
371.718750, 400.312531, -344.531250
386.015656, 386.015656, -351.421875
393.164093, 371.718750, -372.093750
414.609406, 350.273438, -378.984375
421.757843, 321.679688, -399.656281
414.609406, 293.085938, -406.546906
428.906281, 285.937500, -406.546906
428.906281, 264.492188, -441.000031
428.906281, 243.046890, -447.890656
436.054718, 264.492188, -441.000031
436.054718, 228.750015, -427.218781
428.906281, 221.601578, -447.890656
428.906281, 214.453140, -447.890656
436.054718, 221.601578, -434.109406
414.609406, 193.007828, -413.437531
421.757843, 207.304703, -399.656281
414.609406, 214.453140, -385.875031
386.015656, 200.156265, -378.984375
386.015656, 193.007828, -365.203125
386.015656, 207.304703, -358.312500
371.718750, 193.007828, -358.312500
364.570312, 207.304703, -351.421875
357.421875, 207.304703, -310.078125
357.421875, 200.156265, -323.859375
350.273438, 214.453140, -323.859375
350.273438, 207.304703, -323.859375
343.125000, 185.859375, -316.968750
335.976562, 185.859375, -323.859375
350.273438, 185.859375, -310.078125
343.125000, 193.007828, -316.968750
343.125000, 185.859375, -316.968750
335.976562, 185.859375, -330.750000
314.531250, 171.562500, -310.078125
328.828125, 178.710938, -310.078125
335.976562, 157.265625, -303.187500
321.679688, 164.414062, -323.859375
314.531250, 142.968750, -330.750000
307.382812, 150.117188, -330.750000
314.531250, 135.820312, -310.078125
285.937500, 150.117188, -303.187500
293.085938, 157.265625, -323.859375
285.937500, 150.117188, -310.078125
285.937500, 135.820312, -303.187500
293.085938, 135.820312, -303.187500
300.234375, 150.117188, -282.515625
285.937500, 150.117188, -289.406250
278.789062, 135.820312, -275.625000
271.640625, 150.117188, -282.515625
271.640625, 142.968750, -282.515625
264.492188, 142.968750, -261.843750
278.789062, 142.968750, -282.515625
285.937500, 150.117188, -268.734375
285.937500, 178.710938, -275.625000
278.789062, 150.117188, -282.515625
285.937500, 142.968750, -289.406250
293.085938, 135.820312, -282.515625
285.937500, 114.375008, -303.187500
285.937500, 121.523445, -289.406250
293.085938, 100.078133, -296.296875
278.789062, 100.078133, -303.187500
285.937500, 100.078133, -310.078125
285.937500, 85.781250, -296.296875
278.789062, 85.781250, -316.968750
293.085938, 92.929688, -303.187500
278.789062, 121.523445, -310.078125
285.937500, 128.671875, -310.078125
293.085938, 121.523445, -289.406250
271.640625, 121.523445, -282.515625
278.789062, 128.671875, -282.515625
271.640625, 114.375008, -289.406250
271.640625, 121.523445, -282.515625
264.492188, 121.523445, -275.625000
257.343750, 128.671875, -275.625000
278.789062, 135.820312, -268.734375
257.343750, 135.820312, -268.734375
250.195328, 142.968750, -261.843750
243.046890, 150.117188, -248.062515
235.898453, 135.820312, -254.953140
200.156265, 135.820312, -248.062515
207.304703, 114.375008, -248.062515
193.007828, 85.781250, -254.953140
178.710938, 64.335938, -268.734375
178.710938, 64.335938, -261.843750
150.117188, 42.890625, -261.843750
142.968750, 57.187504, -282.515625
150.117188, 50.039066, -261.843750
142.968750, 71.484375, -254.953140
128.671875, 71.484375, -254.953140
128.671875, 78.632812, -234.281265
121.523445, 92.929688, -227.390640
107.226570, 114.375008, -220.500015
100.078133, 135.820312, -206.718765
114.375008, 142.968750, -213.609390
128.671875, 150.117188, -199.828140
107.226570, 164.414062, -199.828140
78.632812, 164.414062, -206.718765
71.484375, 193.007828, -179.156250
64.335938, 171.562500, -186.046875
50.039066, 193.007828, -172.265625
50.039066, 193.007828, -192.937515
28.593752, 193.007828, -179.156250
14.296876, 185.859375, -179.156250
21.445312, 185.859375, -192.937515
35.742188, 178.710938, -192.937515
28.593752, 164.414062, -192.937515
28.593752, 171.562500, -192.937515
28.593752, 185.859375, -199.828140
21.445312, 164.414062, -179.156250
14.296876, 178.710938, -186.046875
21.445312, 171.562500, -179.156250
21.445312, 178.710938, -192.937515
0.000000, 164.414062, -172.265625
7.148438, 171.562500, -179.156250
-14.296876, 185.859375, -199.828140
-7.148438, 193.007828, -186.046875
0.000000, 200.156265, -179.156250
0.000000, 185.859375, -179.156250
0.000000, 207.304703, -179.156250
-14.296876, 193.007828, -179.156250
-7.148438, 200.156265, -192.937515
-7.148438, 207.304703, -179.156250
-14.296876, 193.007828, -179.156250
-21.445312, 200.156265, -179.156250
-42.890625, 214.453140, -192.937515
-28.593752, 178.710938, -192.937515
-35.742188, 193.007828, -172.265625
-28.593752, 193.007828, -199.828140
-21.445312, 200.156265, -186.046875
-28.593752, 207.304703, -179.156250
-35.742188, 207.304703, -186.046875
-42.890625, 193.007828, -186.046875
-21.445312, 200.156265, -179.156250
-35.742188, 200.156265, -199.828140
-28.593752, 214.453140, -186.046875
-35.742188, 200.156265, -186.046875
-42.890625, 185.859375, -186.046875
-42.890625, 193.007828, -186.046875
-28.593752, 200.156265, -186.046875
-35.742188, 200.156265, -186.046875
-35.742188, 193.007828, -186.046875
-35.742188, 207.304703, -192.937515
-21.445312, 193.007828, -192.937515
-28.593752, 185.859375, -192.937515
-42.890625, 200.156265, -199.828140
-35.742188, 193.007828, -192.937515
-57.187504, 193.007828, -192.937515
-50.039066, 200.156265, -192.937515
-57.187504, 193.007828, -192.937515
-21.445312, 200.156265, -179.156250
-42.890625, 193.007828, -192.937515
-50.039066, 185.859375, -199.828140
-57.187504, 193.007828, -192.937515
-50.039066, 200.156265, -192.937515
-42.890625, 185.859375, -186.046875
-42.890625, 193.007828, -199.828140
-57.187504, 193.007828, -192.937515
-57.187504, 200.156265, -199.828140
-78.632812, 200.156265, -186.046875
-85.781250, 193.007828, -186.046875
-92.929688, 200.156265, -199.828140
-78.632812, 214.453140, -213.609390
-92.929688, 207.304703, -206.718765
-92.929688, 200.156265, -192.937515
-100.078133, 207.304703, -206.718765
-71.484375, 207.304703, -192.937515
-57.187504, 228.750015, -199.828140
-35.742188, 228.750015, -179.156250
-14.296876, 214.453140, -179.156250
21.445312, 178.710938, -192.937515
35.742188, 171.562500, -186.046875
64.335938, 142.968750, -199.828140
121.523445, 114.375008, -220.500015
157.265625, 92.929688, -234.281265
185.859375, 92.929688, -261.843750
228.750015, 100.078133, -268.734375
243.046890, 114.375008, -282.515625
271.640625, 135.820312, -261.843750
243.046890, 157.265625, -261.843750
243.046890, 193.007828, -227.390640
221.601578, 200.156265, -220.500015
207.304703, 207.304703, -213.609390
207.304703, 228.750015, -213.609390
207.304703, 228.750015, -227.390640
193.007828, 228.750015, -213.609390
221.601578, 235.898453, -213.609390
214.453140, 250.195328, -220.500015
228.750015, 235.898453, -213.609390
243.046890, 228.750015, -220.500015
243.046890, 214.453140, -227.390640
257.343750, 207.304703, -241.171890
243.046890, 214.453140, -241.171890
221.601578, 243.046890, -213.609390
200.156265, 264.492188, -213.609390
200.156265, 307.382812, -213.609390
200.156265, 307.382812, -186.046875
200.156265, 328.828125, -213.609390
214.453140, 307.382812, -199.828140
207.304703, 328.828125, -227.390640
235.898453, 335.976562, -213.609390
221.601578, 314.531250, -213.609390
214.453140, 357.421875, -220.500015
228.750015, 343.125000, -227.390640
250.195328, 357.421875, -220.500015
235.898453, 357.421875, -227.390640
250.195328, 371.718750, -227.390640
235.898453, 371.718750, -227.390640
235.898453, 371.718750, -227.390640
250.195328, 350.273438, -241.171890
257.343750, 343.125000, -220.500015
271.640625, 350.273438, -220.500015
285.937500, 335.976562, -234.281265
278.789062, 343.125000, -241.171890
293.085938, 321.679688, -248.062515
293.085938, 321.679688, -248.062515
300.234375, 307.382812, -261.843750
300.234375, 307.382812, -261.843750
335.976562, 285.937500, -268.734375
335.976562, 271.640625, -289.406250
350.273438, 243.046890, -303.187500
357.421875, 228.750015, -323.859375
378.867188, 207.304703, -316.968750
357.421875, 185.859375, -323.859375
364.570312, 193.007828, -330.750000
364.570312, 171.562500, -323.859375
350.273438, 142.968750, -337.640625
350.273438, 150.117188, -337.640625
343.125000, 142.968750, -351.421875
357.421875, 135.820312, -351.421875
371.718750, 135.820312, -351.421875
378.867188, 100.078133, -358.312500
364.570312, 100.078133, -351.421875
357.421875, 128.671875, -344.531250
350.273438, 135.820312, -330.750000
364.570312, 135.820312, -323.859375
314.531250, 142.968750, -310.078125
321.679688, 185.859375, -296.296875
285.937500, 185.859375, -261.843750
278.789062, 207.304703, -234.281265
235.898453, 228.750015, -220.500015
228.750015, 243.046890, -213.609390
214.453140, 250.195328, -213.609390
178.710938, 243.046890, -199.828140
150.117188, 243.046890, -206.718765
150.117188, 264.492188, -206.718765
142.968750, 235.898453, -206.718765
135.820312, 221.601578, -206.718765
142.968750, 221.601578, -192.937515
128.671875, 221.601578, -199.828140
128.671875, 207.304703, -213.609390
142.968750, 200.156265, -206.718765
171.562500, 178.710938, -213.609390
178.710938, 157.265625, -220.500015
207.304703, 157.265625, -241.171890
228.750015, 107.226570, -289.406250
264.492188, 85.781250, -310.078125
278.789062, 64.335938, -351.421875
307.382812, 28.593752, -406.546906
314.531250, 21.445312, -434.109406
321.679688, -14.296876, -503.015656
314.531250, -7.148438, -592.593750
314.531250, -21.445312, -627.046875
278.789062, -14.296876, -682.171875
264.492188, -7.148438, -723.515625
243.046890, -21.445312, -764.859375
214.453140, 0.000000, -771.750061
185.859375, 0.000000, -813.093811
178.710938, 0.000000, -806.203186
164.414062, 28.593752, -813.093811
157.265625, 21.445312, -826.875061
150.117188, 21.445312, -826.875061
157.265625, 28.593752, -826.875061
142.968750, 28.593752, -840.656311
164.414062, 0.000000, -819.984436
157.265625, 0.000000, -813.093811
193.007828, 7.148438, -799.312561
214.453140, -28.593752, -764.859375
228.750015, -21.445312, -751.078125
243.046890, -14.296876, -730.406250
271.640625, -21.445312, -702.843750
300.234375, -28.593752, -675.281250
343.125000, -21.445312, -647.718750
343.125000, -7.148438, -606.375000
371.718750, 21.445312, -578.812500
371.718750, 35.742188, -551.250000
386.015656, 71.484375, -503.015656
393.164093, 57.187504, -475.453156
393.164093, 100.078133, -468.562531
407.460968, 107.226570, -434.109406
393.164093, 128.671875, -406.546906
378.867188, 150.117188, -385.875031
371.718750, 178.710938, -351.421875
357.421875, 193.007828, -323.859375
357.421875, 207.304703, -310.078125
321.679688, 214.453140, -289.406250
307.382812, 221.601578, -282.515625
293.085938, 207.304703, -275.625000
271.640625, 207.304703, -268.734375
243.046890, 185.859375, -241.171890
228.750015, 178.710938, -248.062515
243.046890, 171.562500, -254.953140
228.750015, 164.414062, -254.953140
228.750015, 135.820312, -261.843750
214.453140, 107.226570, -268.734375
228.750015, 78.632812, -282.515625
228.750015, 64.335938, -316.968750
235.898453, 28.593752, -365.203125
235.898453, 0.000000, -365.203125
257.343750, -7.148438, -406.546906
257.343750, -28.593752, -454.781281
257.343750, -50.039066, -489.234406
228.750015, -78.632812, -530.578125
235.898453, -78.632812, -585.703125
235.898453, -71.484375, -627.046875
228.750015, -71.484375, -668.390625
228.750015, -50.039066, -702.843750
214.453140, -21.445312, -730.406250
193.007828, -14.296876, -771.750061
178.710938, 21.445312, -806.203186
164.414062, 35.742188, -819.984436
150.117188, 64.335938, -840.656311
150.117188, 71.484375, -826.875061
121.523445, 85.781250, -833.765686
114.375008, 114.375008, -868.218811
100.078133, 121.523445, -868.218811
107.226570, 150.117188, -875.109436
92.929688, 171.562500, -888.890686
85.781250, 185.859375, -882.000061
78.632812, 207.304703, -875.109436
64.335938, 221.601578, -902.671936
64.335938, 243.046890, -902.671936
57.187504, 257.343750, -895.781311
57.187504, 278.789062, -916.453186
71.484375, 271.640625, -930.234436
50.039066, 285.937500, -916.453186
42.890625, 293.085938, -916.453186
50.039066, 300.234375, -930.234436
57.187504, 293.085938, -909.562561
71.484375, 285.937500, -895.781311
64.335938, 285.937500, -909.562561
64.335938, 293.085938, -902.671936
64.335938, 271.640625, -909.562561
78.632812, 250.195328, -909.562561
71.484375, 214.453140, -895.781311
85.781250, 185.859375, -888.890686
107.226570, 164.414062, -875.109436
114.375008, 114.375008, -882.000061
135.820312, 121.523445, -875.109436
135.820312, 85.781250, -861.328186
150.117188, 78.632812, -847.546936
178.710938, 64.335938, -847.546936
214.453140, 50.039066, -833.765686
221.601578, 35.742188, -813.093811
228.750015, 21.445312, -799.312561
235.898453, 28.593752, -764.859375
285.937500, 28.593752, -757.968750
285.937500, 7.148438, -723.515625
300.234375, 14.296876, -702.843750
335.976562, 0.000000, -675.281250
328.828125, 0.000000, -627.046875
343.125000, -7.148438, -599.484375
364.570312, 0.000000, -585.703125
357.421875, 7.148438, -558.140625
357.421875, -7.148438, -530.578125
357.421875, 14.296876, -516.796875
378.867188, 28.593752, -489.234406
371.718750, 35.742188, -461.671906
386.015656, 42.890625, -454.781281
364.570312, 57.187504, -454.781281
350.273438, 50.039066, -434.109406
357.421875, 50.039066, -434.109406
335.976562, 64.335938, -406.546906
321.679688, 57.187504, -406.546906
321.679688, 57.187504, -406.546906
314.531250, 35.742188, -392.765656
314.531250, 42.890625, -399.656281
300.234375, 28.593752, -385.875031
278.789062, 28.593752, -378.984375
264.492188, 7.148438, -385.875031
271.640625, -7.148438, -399.656281
271.640625, -21.445312, -413.437531
235.898453, -42.890625, -454.781281
235.898453, -50.039066, -461.671906
243.046890, -64.335938, -482.343781
228.750015, -78.632812, -503.015656
221.601578, -85.781250, -544.359375
228.750015, -92.929688, -578.812500
221.601578, -92.929688, -620.156250
207.304703, -71.484375, -633.937500
214.453140, -85.781250, -675.281250
200.156265, -78.632812, -682.171875
200.156265, -71.484375, -709.734375
178.710938, -64.335938, -723.515625
178.710938, -42.890625, -737.296875
178.710938, -50.039066, -751.078125
164.414062, -35.742188, -751.078125
157.265625, -7.148438, -792.421936
171.562500, -14.296876, -778.640686
164.414062, -7.148438, -792.421936
157.265625, 14.296876, -799.312561
150.117188, 7.148438, -819.984436
157.265625, 14.296876, -792.421936
150.117188, 21.445312, -792.421936
157.265625, -7.148438, -785.531311
164.414062, -14.296876, -785.531311
178.710938, 0.000000, -778.640686
193.007828, -28.593752, -757.968750
200.156265, -35.742188, -730.406250
214.453140, -28.593752, -730.406250
250.195328, -35.742188, -709.734375
257.343750, -28.593752, -702.843750
271.640625, -28.593752, -675.281250
285.937500, -28.593752, -668.390625
300.234375, -35.742188, -668.390625
314.531250, -21.445312, -661.500000
328.828125, -14.296876, -640.828125
357.421875, 14.296876, -633.937500
371.718750, -7.148438, -606.375000
378.867188, 21.445312, -571.921875
371.718750, 35.742188, -551.250000
378.867188, 64.335938, -503.015656
407.460968, 78.632812, -496.125031
400.312531, 92.929688, -468.562531
400.312531, 114.375008, -454.781281
393.164093, 135.820312, -413.437531
378.867188, 142.968750, -385.875031
371.718750, 157.265625, -372.093750
371.718750, 157.265625, -358.312500
357.421875, 164.414062, -365.203125
343.125000, 185.859375, -344.531250
343.125000, 171.562500, -316.968750
328.828125, 171.562500, -310.078125
314.531250, 171.562500, -303.187500
307.382812, 178.710938, -296.296875
285.937500, 178.710938, -282.515625
285.937500, 178.710938, -275.625000
250.195328, 178.710938, -268.734375
250.195328, 164.414062, -254.953140
221.601578, 164.414062, -261.843750
193.007828, 178.710938, -254.953140
200.156265, 157.265625, -241.171890
171.562500, 150.117188, -234.281265
157.265625, 157.265625, -234.281265
135.820312, 157.265625, -234.281265
107.226570, 164.414062, -234.281265
64.335938, 171.562500, -234.281265
71.484375, 178.710938, -220.500015
50.039066, 178.710938, -206.718765
42.890625, 185.859375, -213.609390
14.296876, 185.859375, -199.828140
0.000000, 214.453140, -213.609390
-14.296876, 221.601578, -206.718765
14.296876, 235.898453, -199.828140
-7.148438, 228.750015, -192.937515
-7.148438, 257.343750, -192.937515
0.000000, 271.640625, -186.046875
-7.148438, 293.085938, -179.156250
-7.148438, 307.382812, -186.046875
0.000000, 321.679688, -172.265625
14.296876, 328.828125, -179.156250
35.742188, 335.976562, -172.265625
71.484375, 343.125000, -172.265625
71.484375, 350.273438, -158.484375
114.375008, 364.570312, -158.484375
142.968750, 357.421875, -172.265625
178.710938, 357.421875, -179.156250
207.304703, 364.570312, -186.046875
228.750015, 371.718750, -199.828140
257.343750, 335.976562, -206.718765
278.789062, 343.125000, -220.500015
307.382812, 328.828125, -241.171890
328.828125, 307.382812, -261.843750
343.125000, 257.343750, -289.406250
371.718750, 250.195328, -310.078125
378.867188, 214.453140, -344.531250
400.312531, 200.156265, -365.203125
407.460968, 164.414062, -406.546906
400.312531, 135.820312, -441.000031
407.460968, 100.078133, -475.453156
414.609406, 78.632812, -530.578125
400.312531, 50.039066, -578.812500
371.718750, 50.039066, -606.375000
357.421875, 42.890625, -654.609375
328.828125, 21.445312, -689.062500
300.234375, 28.593752, -730.406250
271.640625, 28.593752, -757.968750
228.750015, 50.039066, -792.421936
200.156265, 71.484375, -840.656311
171.562500, 85.781250, -854.437561
142.968750, 100.078133, -882.000061
135.820312, 114.375008, -868.218811
128.671875, 121.523445, -875.109436
121.523445, 121.523445, -882.000061
114.375008, 128.671875, -875.109436
114.375008, 121.523445, -868.218811
114.375008, 107.226570, -875.109436
121.523445, 71.484375, -861.328186
142.968750, 57.187504, -847.546936
150.117188, 42.890625, -826.875061
171.562500, 21.445312, -799.312561
200.156265, 0.000000, -778.640686
214.453140, -14.296876, -751.078125
250.195328, -21.445312, -695.953125
264.492188, -28.593752, -682.171875
307.382812, -14.296876, -633.937500
335.976562, 7.148438, -620.156250
343.125000, 14.296876, -606.375000
350.273438, 21.445312, -599.484375
371.718750, 42.890625, -592.593750
386.015656, 35.742188, -578.812500
400.312531, 71.484375, -523.687500
400.312531, 78.632812, -503.015656
407.460968, 85.781250, -468.562531
400.312531, 107.226570, -434.109406
393.164093, 114.375008, -399.656281
378.867188, 142.968750, -358.312500
371.718750, 142.968750, -358.312500
335.976562, 114.375008, -344.531250
335.976562, 92.929688, -351.421875
314.531250, 64.335938, -372.093750
300.234375, 28.593752, -385.875031
285.937500, -7.148438, -406.546906
293.085938, -14.296876, -454.781281
271.640625, -42.890625, -489.234406
278.789062, -50.039066, -516.796875
264.492188, -57.187504, -565.031250
271.640625, -64.335938, -592.593750
285.937500, -64.335938, -633.937500
250.195328, -71.484375, -661.500000
257.343750, -50.039066, -668.390625
250.195328, -57.187504, -682.171875
243.046890, -57.187504, -682.171875
235.898453, -64.335938, -695.953125
221.601578, -42.890625, -668.390625
228.750015, -50.039066, -668.390625
235.898453, -50.039066, -668.390625
257.343750, -50.039066, -661.500000
257.343750, -42.890625, -661.500000
257.343750, -50.039066, -654.609375
257.343750, -50.039066, -675.281250
285.937500, -35.742188, -668.390625
285.937500, -28.593752, -675.281250
307.382812, -21.445312, -654.609375
300.234375, -14.296876, -661.500000
314.531250, 0.000000, -661.500000
314.531250, 0.000000, -661.500000
307.382812, 0.000000, -661.500000
335.976562, 14.296876, -654.609375
357.421875, 35.742188, -661.500000
357.421875, 28.593752, -640.828125
386.015656, 50.039066, -627.046875
400.312531, 71.484375, -592.593750
421.757843, 107.226570, -558.140625
443.203156, 114.375008, -537.468750
450.351593, 150.117188, -503.015656
443.203156, 171.562500, -482.343781
450.351593, 207.304703, -447.890656
436.054718, 228.750015, -420.328156
443.203156, 250.195328, -392.765656
428.906281, 271.640625, -372.093750
393.164093, 293.085938, -344.531250
393.164093, 285.937500, -303.187500
357.421875, 278.789062, -289.406250
328.828125, 257.343750, -261.843750
307.382812, 243.046890, -261.843750
257.343750, 221.601578, -261.843750
235.898453, 200.156265, -248.062515
200.156265, 164.414062, -254.953140
164.414062, 100.078133, -254.953140
142.968750, 71.484375, -289.406250
135.820312, 42.890625, -289.406250
121.523445, 57.187504, -303.187500
78.632812, 50.039066, -289.406250
64.335938, 35.742188, -303.187500
57.187504, 35.742188, -282.515625
50.039066, 42.890625, -289.406250
42.890625, 57.187504, -275.625000
57.187504, 64.335938, -275.625000
57.187504, 78.632812, -261.843750
57.187504, 85.781250, -241.171890
64.335938, 78.632812, -241.171890
78.632812, 100.078133, -227.390640
78.632812, 114.375008, -220.500015
121.523445, 121.523445, -227.390640
135.820312, 135.820312, -220.500015
171.562500, 135.820312, -220.500015
207.304703, 157.265625, -213.609390
257.343750, 150.117188, -241.171890
271.640625, 171.562500, -261.843750
293.085938, 150.117188, -268.734375
314.531250, 164.414062, -289.406250
328.828125, 142.968750, -323.859375
343.125000, 135.820312, -344.531250
378.867188, 128.671875, -365.203125
386.015656, 121.523445, -392.765656
386.015656, 128.671875, -420.328156
407.460968, 114.375008, -461.671906
400.312531, 107.226570, -468.562531
407.460968, 85.781250, -503.015656
393.164093, 71.484375, -537.468750
400.312531, 71.484375, -578.812500
400.312531, 85.781250, -592.593750
378.867188, 64.335938, -640.828125
371.718750, 71.484375, -661.500000
343.125000, 64.335938, -709.734375
335.976562, 64.335938, -737.296875
285.937500, 71.484375, -785.531311
271.640625, 64.335938, -806.203186
228.750015, 100.078133, -847.546936
178.710938, 114.375008, -875.109436
150.117188, 135.820312, -909.562561
107.226570, 142.968750, -909.562561
64.335938, 157.265625, -916.453186
21.445312, 178.710938, -916.453186
-21.445312, 221.601578, -909.562561
-57.187504, 271.640625, -909.562561
-92.929688, 307.382812, -923.343811
-107.226570, 343.125000, -902.671936
-114.375008, 371.718750, -895.781311
-135.820312, 407.460968, -861.328186
-128.671875, 436.054718, -840.656311
-135.820312, 436.054718, -833.765686
-128.671875, 450.351593, -806.203186
-157.265625, 457.500031, -799.312561
-157.265625, 478.945343, -792.421936
-171.562500, 478.945343, -792.421936
-171.562500, 464.648468, -799.312561
-178.710938, 450.351593, -806.203186
-164.414062, 421.757843, -826.875061
-164.414062, 371.718750, -813.093811
-142.968750, 328.828125, -826.875061
-114.375008, 293.085938, -861.328186
-92.929688, 228.750015, -861.328186
-71.484375, 185.859375, -875.109436
-14.296876, 128.671875, -868.218811
14.296876, 85.781250, -868.218811
64.335938, 42.890625, -861.328186
107.226570, 42.890625, -840.656311
128.671875, 7.148438, -819.984436
200.156265, -14.296876, -785.531311
250.195328, -14.296876, -751.078125
293.085938, -21.445312, -716.625000
307.382812, 0.000000, -695.953125
350.273438, 21.445312, -661.500000
378.867188, 21.445312, -627.046875
386.015656, 64.335938, -592.593750
407.460968, 64.335938, -544.359375
421.757843, 85.781250, -516.796875
414.609406, 107.226570, -489.234406
407.460968, 121.523445, -454.781281
400.312531, 150.117188, -427.218781
393.164093, 171.562500, -372.093750
371.718750, 207.304703, -358.312500
343.125000, 221.601578, -303.187500
307.382812, 221.601578, -261.843750
278.789062, 257.343750, -241.171890
228.750015, 285.937500, -220.500015
185.859375, 314.531250, -206.718765
178.710938, 328.828125, -186.046875
128.671875, 343.125000, -179.156250
107.226570, 350.273438, -186.046875
85.781250, 371.718750, -179.156250
57.187504, 357.421875, -165.375000
42.890625, 364.570312, -179.156250
42.890625, 386.015656, -172.265625
50.039066, 378.867188, -172.265625
21.445312, 386.015656, -172.265625
42.890625, 407.460968, -165.375000
57.187504, 400.312531, -158.484375
57.187504, 400.312531, -172.265625
57.187504, 407.460968, -172.265625
85.781250, 414.609406, -179.156250
100.078133, 428.906281, -179.156250
128.671875, 428.906281, -179.156250
150.117188, 421.757843, -199.828140
185.859375, 414.609406, -213.609390
228.750015, 407.460968, -199.828140
257.343750, 386.015656, -220.500015
285.937500, 350.273438, -248.062515
321.679688, 350.273438, -241.171890
364.570312, 314.531250, -275.625000
371.718750, 250.195328, -337.640625
393.164093, 185.859375, -365.203125
407.460968, 128.671875, -420.328156
393.164093, 71.484375, -503.015656
357.421875, 21.445312, -565.031250
335.976562, -7.148438, -633.937500
285.937500, -28.593752, -689.062500
250.195328, -42.890625, -730.406250
207.304703, -35.742188, -778.640686
178.710938, -14.296876, -799.312561
157.265625, -7.148438, -819.984436
150.117188, 7.148438, -833.765686
150.117188, -14.296876, -833.765686
157.265625, 0.000000, -819.984436
178.710938, -7.148438, -792.421936
221.601578, -28.593752, -764.859375
250.195328, -50.039066, -730.406250
278.789062, -64.335938, -661.500000
293.085938, -50.039066, -620.156250
300.234375, -50.039066, -585.703125
307.382812, -64.335938, -537.468750
321.679688, -42.890625, -482.343781
314.531250, -14.296876, -413.437531
321.679688, 42.890625, -372.093750
293.085938, 78.632812, -316.968750
271.640625, 142.968750, -275.625000
235.898453, 214.453140, -227.390640
200.156265, 278.789062, -213.609390
142.968750, 335.976562, -192.937515
100.078133, 393.164093, -199.828140
64.335938, 428.906281, -192.937515
21.445312, 486.093781, -192.937515
7.148438, 493.242218, -213.609390
-7.148438, 507.539093, -213.609390
-21.445312, 500.390656, -199.828140
0.000000, 507.539093, -192.937515
35.742188, 514.687500, -186.046875
64.335938, 500.390656, -186.046875
100.078133, 500.390656, -206.718765
164.414062, 493.242218, -220.500015
228.750015, 493.242218, -234.281265
293.085938, 450.351593, -254.953140
343.125000, 400.312531, -296.296875
407.460968, 343.125000, -344.531250
428.906281, 271.640625, -385.875031
443.203156, 214.453140, -434.109406
436.054718, 157.265625, -489.234406
421.757843, 114.375008, -530.578125
400.312531, 50.039066, -585.703125
371.718750, 42.890625, -647.718750
314.531250, 7.148438, -675.281250
278.789062, 0.000000, -702.843750
250.195328, -21.445312, -764.859375
228.750015, 7.148438, -764.859375
200.156265, -7.148438, -792.421936
185.859375, 0.000000, -799.312561
200.156265, 14.296876, -792.421936
193.007828, 14.296876, -792.421936
207.304703, -14.296876, -785.531311
221.601578, 0.000000, -771.750061
257.343750, -28.593752, -737.296875
278.789062, -21.445312, -716.625000
314.531250, -7.148438, -675.281250
321.679688, 0.000000, -633.937500
343.125000, 0.000000, -592.593750
350.273438, 28.593752, -537.468750
378.867188, 50.039066, -489.234406
386.015656, 78.632812, -441.000031
357.421875, 121.523445, -392.765656
357.421875, 185.859375, -372.093750
357.421875, 185.859375, -372.093750
364.570312, 221.601578, -303.187500
300.234375, 314.531250, -261.843750
264.492188, 386.015656, -254.953140
243.046890, 443.203156, -254.953140
200.156265, 486.093781, -261.843750
171.562500, 478.945343, -241.171890
171.562500, 528.984375, -241.171890
142.968750, 536.132812, -261.843750
121.523445, 550.429688, -241.171890
107.226570, 557.578125, -248.062515
121.523445, 564.726562, -268.734375
128.671875, 579.023438, -254.953140
121.523445, 571.875000, -261.843750
135.820312, 586.171875, -268.734375
142.968750, 586.171875, -268.734375
171.562500, 586.171875, -261.843750
200.156265, 579.023438, -268.734375
235.898453, 571.875000, -296.296875
278.789062, 550.429688, -289.406250
300.234375, 514.687500, -296.296875
357.421875, 471.796906, -337.640625
407.460968, 421.757843, -358.312500
428.906281, 335.976562, -399.656281
443.203156, 285.937500, -434.109406
457.500031, 235.898453, -468.562531
450.351593, 164.414062, -489.234406
457.500031, 150.117188, -530.578125
436.054718, 142.968750, -551.250000
428.906281, 114.375008, -565.031250
414.609406, 107.226570, -585.703125
400.312531, 71.484375, -585.703125
407.460968, 71.484375, -565.031250
407.460968, 64.335938, -565.031250
407.460968, 78.632812, -558.140625
421.757843, 100.078133, -530.578125
400.312531, 100.078133, -475.453156
393.164093, 128.671875, -434.109406
378.867188, 157.265625, -392.765656
328.828125, 207.304703, -337.640625
328.828125, 221.601578, -296.296875
285.937500, 221.601578, -289.406250
300.234375, 221.601578, -268.734375
300.234375, 193.007828, -303.187500
293.085938, 171.562500, -282.515625
300.234375, 157.265625, -316.968750
321.679688, 128.671875, -351.421875
350.273438, 92.929688, -392.765656
357.421875, 71.484375, -447.890656
364.570312, 42.890625, -489.234406
364.570312, 35.742188, -537.468750
357.421875, 28.593752, -558.140625
343.125000, 42.890625, -592.593750
343.125000, 28.593752, -633.937500
335.976562, 57.187504, -689.062500
321.679688, 64.335938, -737.296875
300.234375, 71.484375, -771.750061
278.789062, 57.187504, -792.421936
250.195328, 78.632812, -806.203186
235.898453, 78.632812, -819.984436
221.601578, 71.484375, -813.093811
228.750015, 64.335938, -799.312561
207.304703, 50.039066, -792.421936
228.750015, 14.296876, -778.640686
235.898453, -14.296876, -757.968750
228.750015, -50.039066, -730.406250
250.195328, -42.890625, -716.625000
271.640625, -42.890625, -668.390625
314.531250, -35.742188, -647.718750
335.976562, -42.890625, -613.265625
378.867188, 7.148438, -565.031250
393.164093, 35.742188, -516.796875
428.906281, 92.929688, -468.562531
400.312531, 128.671875, -406.546906
400.312531, 164.414062, -365.203125
378.867188, 207.304703, -344.531250
364.570312, 250.195328, -316.968750
335.976562, 314.531250, -261.843750
257.343750, 378.867188, -234.281265
221.601578, 414.609406, -206.718765
157.265625, 464.648468, -199.828140
78.632812, 478.945343, -192.937515
57.187504, 507.539093, -199.828140
21.445312, 528.984375, -206.718765
-14.296876, 514.687500, -199.828140
-57.187504, 500.390656, -192.937515
-78.632812, 486.093781, -213.609390
-135.820312, 493.242218, -227.390640
-121.523445, 471.796906, -220.500015
-142.968750, 457.500031, -234.281265
-142.968750, 450.351593, -220.500015
-164.414062, 457.500031, -227.390640
-171.562500, 450.351593, -234.281265
-171.562500, 464.648468, -234.281265
-178.710938, 457.500031, -241.171890
-207.304703, 457.500031, -261.843750
-193.007828, 464.648468, -241.171890
-171.562500, 457.500031, -234.281265
-178.710938, 471.796906, -248.062515
-178.710938, 507.539093, -289.406250
-157.265625, 536.132812, -289.406250
-142.968750, 543.281250, -275.625000
-114.375008, 579.023438, -275.625000
-64.335938, 579.023438, -275.625000
-14.296876, 586.171875, -261.843750
21.445312, 571.875000, -254.953140
64.335938, 571.875000, -248.062515
107.226570, 557.578125, -241.171890
178.710938, 550.429688, -248.062515
221.601578, 514.687500, -254.953140
278.789062, 486.093781, -268.734375
328.828125, 450.351593, -261.843750
371.718750, 414.609406, -289.406250
407.460968, 335.976562, -323.859375
428.906281, 278.789062, -378.984375
443.203156, 214.453140, -413.437531
428.906281, 150.117188, -468.562531
421.757843, 135.820312, -530.578125
407.460968, 92.929688, -585.703125
393.164093, 71.484375, -633.937500
350.273438, 71.484375, -695.953125
321.679688, 64.335938, -744.187500
300.234375, 71.484375, -757.968750
285.937500, 71.484375, -785.531311
264.492188, 64.335938, -785.531311
285.937500, 57.187504, -764.859375
293.085938, 50.039066, -751.078125
307.382812, 35.742188, -737.296875
314.531250, 14.296876, -702.843750
321.679688, 14.296876, -689.062500
328.828125, 21.445312, -647.718750
335.976562, 0.000000, -606.375000
343.125000, -14.296876, -565.031250
343.125000, 0.000000, -516.796875
343.125000, 0.000000, -475.453156
328.828125, 21.445312, -441.000031
300.234375, 35.742188, -378.984375
278.789062, 71.484375, -330.750000
264.492188, 107.226570, -289.406250
214.453140, 157.265625, -234.281265
178.710938, 221.601578, -206.718765
135.820312, 314.531250, -192.937515
107.226570, 371.718750, -206.718765
78.632812, 443.203156, -199.828140
71.484375, 478.945343, -213.609390
50.039066, 507.539093, -213.609390
78.632812, 514.687500, -227.390640
100.078133, 507.539093, -213.609390
142.968750, 514.687500, -220.500015
185.859375, 500.390656, -241.171890
221.601578, 493.242218, -241.171890
285.937500, 464.648468, -254.953140
364.570312, 414.609406, -275.625000
393.164093, 378.867188, -323.859375
414.609406, 321.679688, -385.875031
436.054718, 278.789062, -420.328156
443.203156, 214.453140, -454.781281
450.351593, 193.007828, -496.125031
443.203156, 164.414062, -565.031250
421.757843, 142.968750, -585.703125
443.203156, 171.562500, -620.156250
414.609406, 157.265625, -627.046875
428.906281, 142.968750, -627.046875
436.054718, 135.820312, -613.265625
450.351593, 135.820312, -585.703125
443.203156, 142.968750, -565.031250
443.203156, 157.265625, -530.578125
428.906281, 200.156265, -475.453156
414.609406, 235.898453, -406.546906
421.757843, 250.195328, -385.875031
386.015656, 250.195328, -337.640625
350.273438, 264.492188, -310.078125
285.937500, 293.085938, -241.171890
257.343750, 257.343750, -227.390640
235.898453, 200.156265, -227.390640
214.453140, 157.265625, -213.609390
185.859375, 100.078133, -248.062515
171.562500, 78.632812, -268.734375
178.710938, 92.929688, -248.062515
164.414062, 135.820312, -220.500015
171.562500, 185.859375, -220.500015
185.859375, 193.007828, -213.609390
200.156265, 200.156265, -227.390640
221.601578, 214.453140, -199.828140
243.046890, 207.304703, -220.500015
250.195328, 178.710938, -254.953140
285.937500, 178.710938, -254.953140
285.937500, 171.562500, -254.953140
278.789062, 171.562500, -275.625000
285.937500, 157.265625, -268.734375
285.937500, 171.562500, -268.734375
257.343750, 185.859375, -261.843750
257.343750, 214.453140, -227.390640
243.046890, 235.898453, -220.500015
250.195328, 264.492188, -199.828140
235.898453, 278.789062, -199.828140
243.046890, 285.937500, -213.609390
228.750015, 285.937500, -206.718765
250.195328, 300.234375, -213.609390
250.195328, 307.382812, -199.828140
235.898453, 300.234375, -213.609390
214.453140, 307.382812, -199.828140
221.601578, 278.789062, -199.828140
221.601578, 285.937500, -199.828140
228.750015, 293.085938, -199.828140
214.453140, 285.937500, -206.718765
221.601578, 278.789062, -206.718765
214.453140, 271.640625, -192.937515
221.601578, 278.789062, -186.046875
228.750015, 271.640625, -220.500015
214.453140, 271.640625, -206.718765
228.750015, 278.789062, -192.937515
228.750015, 278.789062, -186.046875
228.750015, 278.789062, -213.609390
221.601578, 271.640625, -199.828140
207.304703, 264.492188, -206.718765
200.156265, 278.789062, -186.046875
214.453140, 300.234375, -186.046875
207.304703, 271.640625, -206.718765
214.453140, 293.085938, -186.046875
214.453140, 271.640625, -186.046875
214.453140, 285.937500, -186.046875
221.601578, 278.789062, -186.046875
214.453140, 293.085938, -213.609390
228.750015, 285.937500, -199.828140
214.453140, 271.640625, -206.718765
221.601578, 271.640625, -186.046875
228.750015, 285.937500, -199.828140
214.453140, 271.640625, -199.828140
221.601578, 293.085938, -186.046875
221.601578, 278.789062, -179.156250
214.453140, 278.789062, -192.937515
200.156265, 285.937500, -192.937515
214.453140, 285.937500, -186.046875
207.304703, 285.937500, -186.046875
214.453140, 285.937500, -199.828140
221.601578, 278.789062, -186.046875
200.156265, 285.937500, -179.156250
221.601578, 271.640625, -192.937515
228.750015, 285.937500, -186.046875
207.304703, 285.937500, -199.828140
193.007828, 278.789062, -192.937515
214.453140, 278.789062, -192.937515
207.304703, 285.937500, -192.937515
214.453140, 271.640625, -186.046875
207.304703, 285.937500, -186.046875
200.156265, 293.085938, -186.046875
207.304703, 293.085938, -179.156250
200.156265, 278.789062, -199.828140
228.750015, 271.640625, -186.046875
200.156265, 278.789062, -186.046875
200.156265, 293.085938, -172.265625
193.007828, 278.789062, -186.046875
200.156265, 271.640625, -172.265625
214.453140, 293.085938, -186.046875
193.007828, 293.085938, -192.937515
185.859375, 285.937500, -179.156250
207.304703, 285.937500, -199.828140
207.304703, 300.234375, -192.937515
214.453140, 285.937500, -179.156250
207.304703, 285.937500, -172.265625
214.453140, 300.234375, -192.937515
207.304703, 278.789062, -172.265625
207.304703, 293.085938, -192.937515
200.156265, 285.937500, -186.046875
207.304703, 293.085938, -192.937515
207.304703, 285.937500, -179.156250
214.453140, 293.085938, -186.046875
193.007828, 300.234375, -179.156250
200.156265, 271.640625, -179.156250
193.007828, 278.789062, -172.265625
185.859375, 300.234375, -179.156250
185.859375, 293.085938, -172.265625
171.562500, 307.382812, -172.265625
171.562500, 307.382812, -179.156250
178.710938, 314.531250, -179.156250
171.562500, 335.976562, -186.046875
185.859375, 364.570312, -186.046875
171.562500, 335.976562, -192.937515
164.414062, 314.531250, -186.046875
200.156265, 314.531250, -179.156250
185.859375, 293.085938, -179.156250
193.007828, 278.789062, -172.265625
171.562500, 271.640625, -192.937515
185.859375, 235.898453, -186.046875
185.859375, 214.453140, -199.828140
193.007828, 193.007828, -206.718765
193.007828, 193.007828, -199.828140
185.859375, 207.304703, -206.718765
207.304703, 200.156265, -213.609390
221.601578, 214.453140, -206.718765
228.750015, 235.898453, -199.828140
228.750015, 235.898453, -220.500015
228.750015, 250.195328, -220.500015
243.046890, 278.789062, -220.500015
257.343750, 271.640625, -234.281265
257.343750, 285.937500, -241.171890
257.343750, 271.640625, -234.281265
271.640625, 278.789062, -213.609390
235.898453, 264.492188, -213.609390
207.304703, 285.937500, -192.937515
193.007828, 257.343750, -206.718765
178.710938, 257.343750, -192.937515
178.710938, 278.789062, -206.718765
142.968750, 278.789062, -186.046875
128.671875, 300.234375, -186.046875
114.375008, 307.382812, -186.046875
100.078133, 328.828125, -179.156250
78.632812, 328.828125, -172.265625
50.039066, 314.531250, -172.265625
78.632812, 328.828125, -179.156250
64.335938, 314.531250, -179.156250
57.187504, 335.976562, -151.593750
50.039066, 328.828125, -172.265625
28.593752, 335.976562, -179.156250
14.296876, 357.421875, -158.484375
0.000000, 371.718750, -186.046875
-14.296876, 371.718750, -186.046875
-21.445312, 371.718750, -199.828140
-28.593752, 386.015656, -192.937515
-50.039066, 400.312531, -186.046875
-35.742188, 414.609406, -206.718765
-57.187504, 414.609406, -192.937515
-28.593752, 414.609406, -192.937515
-28.593752, 400.312531, -192.937515
-7.148438, 400.312531, -192.937515
0.000000, 428.906281, -213.609390
14.296876, 443.203156, -192.937515
28.593752, 457.500031, -199.828140
78.632812, 443.203156, -206.718765
107.226570, 443.203156, -199.828140
128.671875, 436.054718, -192.937515
164.414062, 414.609406, -199.828140
200.156265, 414.609406, -206.718765
214.453140, 386.015656, -213.609390
235.898453, 378.867188, -213.609390
264.492188, 350.273438, -234.281265
285.937500, 335.976562, -241.171890
321.679688, 321.679688, -254.953140
335.976562, 285.937500, -268.734375
357.421875, 278.789062, -296.296875
357.421875, 243.046890, -303.187500
371.718750, 243.046890, -330.750000
378.867188, 235.898453, -330.750000
393.164093, 243.046890, -330.750000
393.164093, 221.601578, -358.312500
393.164093, 207.304703, -358.312500
407.460968, 193.007828, -378.984375
407.460968, 171.562500, -406.546906
414.609406, 150.117188, -413.437531
393.164093, 150.117188, -420.328156
407.460968, 150.117188, -434.109406
400.312531, 150.117188, -420.328156
400.312531, 150.117188, -441.000031
407.460968, 142.968750, -427.218781
407.460968, 128.671875, -420.328156
378.867188, 121.523445, -413.437531
386.015656, 121.523445, -385.875031
378.867188, 128.671875, -378.984375
371.718750, 121.523445, -365.203125
350.273438, 128.671875, -337.640625
328.828125, 135.820312, -316.968750
328.828125, 142.968750, -310.078125
300.234375, 150.117188, -296.296875
264.492188, 157.265625, -282.515625
271.640625, 164.414062, -254.953140
243.046890, 185.859375, -241.171890
207.304703, 200.156265, -213.609390
150.117188, 228.750015, -192.937515
128.671875, 214.453140, -179.156250
92.929688, 200.156265, -179.156250
92.929688, 178.710938, -179.156250
64.335938, 171.562500, -179.156250
42.890625, 157.265625, -186.046875
28.593752, 135.820312, -192.937515
21.445312, 107.226570, -213.609390
35.742188, 85.781250, -227.390640
42.890625, 57.187504, -234.281265
57.187504, 35.742188, -234.281265
85.781250, 28.593752, -268.734375
128.671875, 0.000000, -275.625000
128.671875, 14.296876, -296.296875
164.414062, 0.000000, -310.078125
185.859375, 35.742188, -316.968750
221.601578, 28.593752, -323.859375
228.750015, 21.445312, -323.859375
243.046890, 7.148438, -337.640625
235.898453, 28.593752, -351.421875
264.492188, 21.445312, -351.421875
293.085938, 21.445312, -358.312500
271.640625, 35.742188, -351.421875
293.085938, 35.742188, -344.531250
293.085938, 28.593752, -351.421875
264.492188, 21.445312, -365.203125
264.492188, 28.593752, -365.203125
278.789062, 35.742188, -351.421875
271.640625, 28.593752, -351.421875
264.492188, 28.593752, -358.312500
271.640625, 21.445312, -358.312500
278.789062, 14.296876, -365.203125
257.343750, 7.148438, -372.093750
243.046890, 7.148438, -378.984375
235.898453, -7.148438, -378.984375
243.046890, -28.593752, -399.656281
235.898453, -28.593752, -378.984375
228.750015, -28.593752, -392.765656
235.898453, -28.593752, -392.765656
214.453140, -50.039066, -392.765656
221.601578, -57.187504, -406.546906
214.453140, -50.039066, -427.218781
200.156265, -64.335938, -420.328156
207.304703, -92.929688, -434.109406
171.562500, -85.781250, -434.109406
107.226570, -114.375008, -447.890656
42.890625, -135.820312, -468.562531
14.296876, -135.820312, -489.234406
0.000000, -114.375008, -489.234406
-21.445312, -128.671875, -523.687500
-50.039066, -128.671875, -516.796875
-92.929688, -100.078133, -516.796875
-164.414062, -64.335938, -454.781281
-135.820312, -57.187504, -447.890656
-164.414062, -57.187504, -447.890656
-171.562500, -57.187504, -434.109406
-157.265625, -42.890625, -447.890656
-171.562500, -50.039066, -434.109406
-164.414062, -50.039066, -434.109406
-178.710938, -50.039066, -441.000031
-185.859375, -42.890625, -427.218781
-200.156265, -28.593752, -441.000031
-193.007828, -21.445312, -427.218781
-200.156265, -7.148438, -427.218781
-235.898453, 21.445312, -406.546906
-243.046890, 57.187504, -372.093750
-243.046890, 85.781250, -358.312500
-228.750015, 107.226570, -337.640625
-228.750015, 121.523445, -323.859375
-221.601578, 142.968750, -310.078125
-214.453140, 135.820312, -289.406250
-214.453140, 178.710938, -275.625000
-200.156265, 171.562500, -268.734375
-178.710938, 185.859375, -261.843750
-157.265625, 200.156265, -241.171890
-135.820312, 214.453140, -213.609390
-100.078133, 243.046890, -213.609390
-85.781250, 243.046890, -192.937515
-35.742188, 257.343750, -186.046875
-21.445312, 257.343750, -192.937515
7.148438, 278.789062, -192.937515
35.742188, 293.085938, -179.156250
57.187504, 293.085938, -179.156250
50.039066, 264.492188, -179.156250
50.039066, 285.937500, -165.375000
21.445312, 278.789062, -165.375000
42.890625, 293.085938, -172.265625
50.039066, 285.937500, -179.156250
64.335938, 314.531250, -179.156250
71.484375, 285.937500, -179.156250
64.335938, 293.085938, -179.156250
78.632812, 285.937500, -186.046875
71.484375, 307.382812, -179.156250
57.187504, 307.382812, -179.156250
42.890625, 307.382812, -179.156250
50.039066, 300.234375, -172.265625
42.890625, 307.382812, -186.046875
14.296876, 285.937500, -186.046875
7.148438, 300.234375, -172.265625
21.445312, 300.234375, -179.156250
14.296876, 293.085938, -179.156250
0.000000, 293.085938, -179.156250
7.148438, 293.085938, -179.156250
0.000000, 278.789062, -179.156250
28.593752, 307.382812, -172.265625
21.445312, 293.085938, -172.265625
0.000000, 285.937500, -172.265625
-14.296876, 293.085938, -179.156250
-14.296876, 307.382812, -179.156250
-28.593752, 300.234375, -179.156250
-35.742188, 285.937500, -179.156250
-50.039066, 314.531250, -192.937515
-28.593752, 307.382812, -192.937515
-28.593752, 307.382812, -186.046875
-28.593752, 293.085938, -179.156250
-21.445312, 314.531250, -172.265625
-7.148438, 321.679688, -186.046875
-21.445312, 300.234375, -179.156250
-7.148438, 300.234375, -179.156250
0.000000, 307.382812, -179.156250
-7.148438, 307.382812, -179.156250
-7.148438, 307.382812, -179.156250
21.445312, 314.531250, -165.375000
14.296876, 321.679688, -172.265625
7.148438, 314.531250, -179.156250
14.296876, 328.828125, -172.265625
7.148438, 314.531250, -158.484375
14.296876, 328.828125, -165.375000
28.593752, 307.382812, -172.265625
28.593752, 307.382812, -158.484375
14.296876, 307.382812, -165.375000
50.039066, 314.531250, -179.156250
50.039066, 307.382812, -179.156250
42.890625, 300.234375, -172.265625
42.890625, 314.531250, -179.156250
71.484375, 307.382812, -165.375000
64.335938, 300.234375, -179.156250
64.335938, 285.937500, -165.375000
64.335938, 300.234375, -165.375000
85.781250, 300.234375, -151.593750
71.484375, 300.234375, -165.375000
85.781250, 293.085938, -172.265625
78.632812, 307.382812, -158.484375
78.632812, 293.085938, -158.484375
78.632812, 293.085938, -172.265625
78.632812, 300.234375, -158.484375
85.781250, 300.234375, -165.375000
71.484375, 293.085938, -165.375000
64.335938, 314.531250, -172.265625
85.781250, 300.234375, -158.484375
71.484375, 300.234375, -179.156250
85.781250, 300.234375, -165.375000
78.632812, 293.085938, -165.375000
85.781250, 285.937500, -179.156250
85.781250, 314.531250, -151.593750
78.632812, 314.531250, -179.156250
78.632812, 300.234375, -158.484375
64.335938, 300.234375, -165.375000
71.484375, 300.234375, -158.484375
71.484375, 293.085938, -165.375000
78.632812, 314.531250, -172.265625
78.632812, 307.382812, -158.484375
64.335938, 307.382812, -165.375000
78.632812, 300.234375, -165.375000
78.632812, 314.531250, -165.375000
85.781250, 307.382812, -172.265625
100.078133, 314.531250, -165.375000
85.781250, 314.531250, -165.375000
92.929688, 314.531250, -165.375000
92.929688, 307.382812, -165.375000
85.781250, 307.382812, -158.484375
92.929688, 293.085938, -172.265625
100.078133, 300.234375, -172.265625
85.781250, 278.789062, -179.156250
85.781250, 293.085938, -179.156250
85.781250, 285.937500, -172.265625
100.078133, 285.937500, -179.156250
85.781250, 264.492188, -179.156250
114.375008, 250.195328, -179.156250
92.929688, 228.750015, -186.046875
100.078133, 243.046890, -186.046875
100.078133, 228.750015, -172.265625
100.078133, 228.750015, -199.828140
100.078133, 221.601578, -199.828140
92.929688, 214.453140, -192.937515
92.929688, 193.007828, -199.828140
107.226570, 193.007828, -199.828140
107.226570, 193.007828, -220.500015
114.375008, 178.710938, -192.937515
114.375008, 185.859375, -206.718765
114.375008, 193.007828, -206.718765
114.375008, 171.562500, -206.718765
121.523445, 164.414062, -206.718765
114.375008, 157.265625, -213.609390
107.226570, 164.414062, -220.500015
128.671875, 164.414062, -206.718765
128.671875, 164.414062, -206.718765
128.671875, 164.414062, -199.828140
135.820312, 157.265625, -206.718765
121.523445, 164.414062, -220.500015
128.671875, 157.265625, -213.609390
114.375008, 150.117188, -206.718765
135.820312, 171.562500, -199.828140
128.671875, 150.117188, -206.718765
128.671875, 171.562500, -199.828140
135.820312, 178.710938, -192.937515
128.671875, 178.710938, -179.156250
150.117188, 193.007828, -179.156250
142.968750, 207.304703, -186.046875
150.117188, 228.750015, -186.046875
150.117188, 228.750015, -179.156250
142.968750, 243.046890, -172.265625
142.968750, 235.898453, -172.265625
142.968750, 228.750015, -165.375000
157.265625, 235.898453, -165.375000
142.968750, 250.195328, -172.265625
142.968750, 235.898453, -172.265625
142.968750, 250.195328, -165.375000
142.968750, 250.195328, -179.156250
142.968750, 264.492188, -165.375000
135.820312, 243.046890, -158.484375
135.820312, 250.195328, -165.375000
142.968750, 235.898453, -179.156250
135.820312, 243.046890, -186.046875
142.968750, 257.343750, -186.046875
142.968750, 243.046890, -179.156250
128.671875, 250.195328, -179.156250
142.968750, 257.343750, -172.265625
135.820312, 235.898453, -192.937515
157.265625, 250.195328, -186.046875
142.968750, 250.195328, -186.046875
142.968750, 250.195328, -192.937515
171.562500, 278.789062, -192.937515
150.117188, 285.937500, -199.828140
150.117188, 271.640625, -179.156250
164.414062, 293.085938, -179.156250
171.562500, 271.640625, -172.265625
157.265625, 293.085938, -192.937515
150.117188, 300.234375, -186.046875
157.265625, 293.085938, -186.046875
157.265625, 293.085938, -179.156250
157.265625, 293.085938, -172.265625
164.414062, 300.234375, -172.265625
150.117188, 285.937500, -186.046875
135.820312, 300.234375, -186.046875
157.265625, 293.085938, -186.046875
142.968750, 293.085938, -186.046875
157.265625, 293.085938, -179.156250
150.117188, 293.085938, -192.937515
150.117188, 300.234375, -192.937515
142.968750, 293.085938, -192.937515
142.968750, 293.085938, -186.046875
128.671875, 300.234375, -179.156250
121.523445, 307.382812, -199.828140
92.929688, 285.937500, -192.937515
114.375008, 321.679688, -192.937515
85.781250, 300.234375, -199.828140
92.929688, 300.234375, -192.937515
92.929688, 293.085938, -199.828140
78.632812, 293.085938, -192.937515
85.781250, 285.937500, -192.937515
92.929688, 285.937500, -186.046875
71.484375, 285.937500, -179.156250
71.484375, 285.937500, -192.937515
57.187504, 285.937500, -179.156250
78.632812, 285.937500, -179.156250
64.335938, 285.937500, -179.156250
78.632812, 285.937500, -179.156250
71.484375, 271.640625, -186.046875
57.187504, 271.640625, -172.265625
57.187504, 278.789062, -179.156250
57.187504, 285.937500, -172.265625
57.187504, 300.234375, -179.156250
35.742188, 278.789062, -186.046875
35.742188, 278.789062, -165.375000
35.742188, 278.789062, -172.265625
14.296876, 293.085938, -172.265625
-21.445312, 314.531250, -186.046875
-21.445312, 314.531250, -192.937515
-64.335938, 343.125000, -192.937515
-78.632812, 321.679688, -199.828140
-114.375008, 357.421875, -199.828140
-135.820312, 357.421875, -227.390640
-150.117188, 378.867188, -220.500015
-171.562500, 378.867188, -241.171890
-171.562500, 386.015656, -254.953140
-185.859375, 393.164093, -241.171890
-200.156265, 378.867188, -248.062515
-185.859375, 371.718750, -261.843750
-207.304703, 378.867188, -254.953140
-185.859375, 393.164093, -254.953140
-171.562500, 378.867188, -220.500015
-164.414062, 378.867188, -206.718765
-164.414062, 371.718750, -199.828140
-114.375008, 371.718750, -186.046875
-114.375008, 378.867188, -186.046875
-85.781250, 378.867188, -179.156250
-71.484375, 371.718750, -172.265625
-50.039066, 386.015656, -165.375000
0.000000, 400.312531, -151.593750
28.593752, 386.015656, -158.484375
64.335938, 357.421875, -144.703125
100.078133, 364.570312, -158.484375
121.523445, 371.718750, -179.156250
164.414062, 335.976562, -172.265625
193.007828, 335.976562, -192.937515
235.898453, 335.976562, -199.828140
264.492188, 307.382812, -227.390640
300.234375, 293.085938, -241.171890
321.679688, 271.640625, -275.625000
357.421875, 235.898453, -310.078125
378.867188, 221.601578, -316.968750
386.015656, 214.453140, -337.640625
386.015656, 178.710938, -358.312500
393.164093, 157.265625, -385.875031
393.164093, 150.117188, -399.656281
407.460968, 114.375008, -427.218781
407.460968, 100.078133, -447.890656
407.460968, 92.929688, -447.890656
414.609406, 92.929688, -441.000031
414.609406, 100.078133, -434.109406
407.460968, 100.078133, -427.218781
414.609406, 100.078133, -406.546906
400.312531, 128.671875, -406.546906
407.460968, 128.671875, -372.093750
400.312531, 157.265625, -344.531250
414.609406, 193.007828, -316.968750
393.164093, 228.750015, -268.734375
378.867188, 243.046890, -241.171890
335.976562, 271.640625, -206.718765
307.382812, 300.234375, -192.937515
257.343750, 328.828125, -179.156250
207.304703, 357.421875, -137.812500
157.265625, 371.718750, -144.703125
107.226570, 378.867188, -151.593750
64.335938, 378.867188, -151.593750
35.742188, 378.867188, -158.484375
0.000000, 350.273438, -151.593750
-21.445312, 335.976562, -151.593750
-50.039066, 328.828125, -179.156250
-71.484375, 314.531250, -165.375000
-85.781250, 307.382812, -186.046875
-78.632812, 300.234375, -199.828140
-85.781250, 307.382812, -186.046875
-92.929688, 278.789062, -186.046875
-92.929688, 300.234375, -165.375000
-64.335938, 314.531250, -117.140633
-21.445312, 300.234375, -117.140633
-21.445312, 300.234375, -124.031258
0.000000, 293.085938, -137.812500
7.148438, 264.492188, -151.593750
14.296876, 257.343750, -158.484375
35.742188, 243.046890, -151.593750
35.742188, 243.046890, -158.484375
64.335938, 250.195328, -144.703125
92.929688, 235.898453, -144.703125
128.671875, 214.453140, -144.703125
164.414062, 214.453140, -165.375000
171.562500, 221.601578, -151.593750
214.453140, 200.156265, -186.046875
250.195328, 185.859375, -186.046875
264.492188, 164.414062, -206.718765
293.085938, 178.710938, -220.500015
300.234375, 193.007828, -248.062515
328.828125, 171.562500, -261.843750
343.125000, 185.859375, -275.625000
350.273438, 185.859375, -310.078125
378.867188, 193.007828, -323.859375
378.867188, 178.710938, -358.312500
414.609406, 185.859375, -385.875031
414.609406, 171.562500, -385.875031
436.054718, 157.265625, -413.437531
428.906281, 164.414062, -427.218781
421.757843, 135.820312, -468.562531
421.757843, 114.375008, -503.015656
414.609406, 100.078133, -516.796875
386.015656, 57.187504, -571.921875
378.867188, 50.039066, -592.593750
357.421875, 28.593752, -633.937500
343.125000, 21.445312, -654.609375
321.679688, 21.445312, -689.062500
314.531250, 28.593752, -709.734375
314.531250, 42.890625, -730.406250
307.382812, 35.742188, -730.406250
293.085938, 35.742188, -757.968750
293.085938, 14.296876, -737.296875
307.382812, 7.148438, -709.734375
300.234375, 14.296876, -668.390625
343.125000, 21.445312, -654.609375
350.273438, 21.445312, -613.265625
400.312531, 64.335938, -565.031250
421.757843, 71.484375, -523.687500
436.054718, 135.820312, -496.125031
436.054718, 178.710938, -461.671906
457.500031, 221.601578, -427.218781
436.054718, 257.343750, -399.656281
443.203156, 314.531250, -358.312500
414.609406, 357.421875, -316.968750
407.460968, 386.015656, -282.515625
378.867188, 400.312531, -268.734375
343.125000, 414.609406, -220.500015
321.679688, 428.906281, -213.609390
293.085938, 428.906281, -186.046875
257.343750, 421.757843, -179.156250
214.453140, 421.757843, -165.375000
171.562500, 393.164093, -158.484375
121.523445, 386.015656, -165.375000
92.929688, 378.867188, -165.375000
78.632812, 357.421875, -158.484375
50.039066, 328.828125, -172.265625
28.593752, 328.828125, -158.484375
42.890625, 285.937500, -151.593750
42.890625, 264.492188, -151.593750
57.187504, 250.195328, -165.375000
64.335938, 228.750015, -151.593750
85.781250, 221.601578, -144.703125
121.523445, 200.156265, -151.593750
142.968750, 171.562500, -186.046875
150.117188, 171.562500, -186.046875
185.859375, 135.820312, -213.609390
207.304703, 114.375008, -227.390640
228.750015, 114.375008, -261.843750
228.750015, 85.781250, -268.734375
257.343750, 85.781250, -303.187500
271.640625, 85.781250, -337.640625
271.640625, 71.484375, -330.750000
293.085938, 42.890625, -358.312500
300.234375, 42.890625, -365.203125
307.382812, 57.187504, -372.093750
335.976562, 57.187504, -385.875031
328.828125, 71.484375, -378.984375
350.273438, 71.484375, -378.984375
357.421875, 71.484375, -378.984375
364.570312, 78.632812, -392.765656
386.015656, 114.375008, -406.546906
393.164093, 121.523445, -406.546906
407.460968, 128.671875, -427.218781
400.312531, 107.226570, -454.781281
421.757843, 92.929688, -489.234406
407.460968, 85.781250, -509.906281
421.757843, 71.484375, -571.921875
393.164093, 50.039066, -613.265625
335.976562, 57.187504, -695.953125
293.085938, 28.593752, -757.968750
250.195328, 42.890625, -785.531311
228.750015, 42.890625, -806.203186
200.156265, 35.742188, -806.203186
193.007828, 42.890625, -826.875061
200.156265, 50.039066, -813.093811
200.156265, 64.335938, -813.093811
200.156265, 35.742188, -813.093811
207.304703, 35.742188, -785.531311
228.750015, 35.742188, -771.750061
250.195328, 42.890625, -757.968750
278.789062, 14.296876, -723.515625
357.421875, 50.039066, -689.062500
378.867188, 71.484375, -640.828125
428.906281, 100.078133, -585.703125
443.203156, 150.117188, -551.250000
457.500031, 200.156265, -509.906281
464.648468, 243.046890, -482.343781
457.500031, 278.789062, -441.000031
457.500031, 314.531250, -420.328156
457.500031, 321.679688, -420.328156
450.351593, 350.273438, -413.437531
443.203156, 350.273438, -392.765656
436.054718, 350.273438, -406.546906
428.906281, 371.718750, -385.875031
436.054718, 378.867188, -378.984375
421.757843, 386.015656, -372.093750
428.906281, 386.015656, -351.421875
414.609406, 400.312531, -330.750000
421.757843, 393.164093, -323.859375
400.312531, 407.460968, -330.750000
407.460968, 393.164093, -310.078125
393.164093, 407.460968, -310.078125
386.015656, 407.460968, -310.078125
400.312531, 400.312531, -289.406250
371.718750, 393.164093, -296.296875
371.718750, 386.015656, -289.406250
364.570312, 350.273438, -275.625000
371.718750, 335.976562, -282.515625
357.421875, 314.531250, -268.734375
343.125000, 314.531250, -282.515625
328.828125, 285.937500, -261.843750
335.976562, 264.492188, -282.515625
335.976562, 250.195328, -282.515625
314.531250, 235.898453, -303.187500
321.679688, 193.007828, -296.296875
321.679688, 164.414062, -323.859375
314.531250, 135.820312, -316.968750
321.679688, 114.375008, -337.640625
314.531250, 107.226570, -351.421875
328.828125, 85.781250, -358.312500
328.828125, 64.335938, -392.765656
321.679688, 57.187504, -406.546906
328.828125, 28.593752, -427.218781
335.976562, 7.148438, -441.000031
321.679688, 0.000000, -461.671906
328.828125, 14.296876, -475.453156
328.828125, -7.148438, -523.687500
321.679688, -7.148438, -544.359375
321.679688, -14.296876, -558.140625
293.085938, -21.445312, -585.703125
293.085938, -14.296876, -620.156250
300.234375, -7.148438, -627.046875
293.085938, -7.148438, -627.046875
293.085938, -21.445312, -661.500000
300.234375, -7.148438, -661.500000
300.234375, -7.148438, -668.390625
293.085938, -14.296876, -668.390625
314.531250, 0.000000, -668.390625
307.382812, 0.000000, -647.718750
328.828125, -7.148438, -640.828125
314.531250, 7.148438, -640.828125
328.828125, -14.296876, -647.718750
314.531250, 7.148438, -654.609375
321.679688, 0.000000, -633.937500
357.421875, 14.296876, -620.156250
386.015656, 21.445312, -613.265625
407.460968, 42.890625, -585.703125
407.460968, 64.335938, -585.703125
421.757843, 78.632812, -571.921875
450.351593, 85.781250, -537.468750
436.054718, 114.375008, -509.906281
436.054718, 121.523445, -489.234406
443.203156, 150.117188, -468.562531
450.351593, 178.710938, -420.328156
436.054718, 185.859375, -406.546906
436.054718, 214.453140, -372.093750
421.757843, 221.601578, -358.312500
407.460968, 235.898453, -323.859375
364.570312, 257.343750, -296.296875
364.570312, 264.492188, -275.625000
343.125000, 264.492188, -254.953140
335.976562, 264.492188, -254.953140
293.085938, 264.492188, -241.171890
271.640625, 264.492188, -220.500015
243.046890, 235.898453, -227.390640
235.898453, 207.304703, -234.281265
228.750015, 185.859375, -234.281265
214.453140, 164.414062, -234.281265
228.750015, 142.968750, -254.953140
221.601578, 114.375008, -268.734375
243.046890, 92.929688, -282.515625
235.898453, 78.632812, -296.296875
243.046890, 50.039066, -316.968750
264.492188, 35.742188, -337.640625
278.789062, 28.593752, -358.312500
300.234375, 14.296876, -399.656281
314.531250, -7.148438, -434.109406
328.828125, -14.296876, -482.343781
335.976562, -7.148438, -537.468750
335.976562, -7.148438, -571.921875
343.125000, -7.148438, -599.484375
328.828125, 0.000000, -613.265625
328.828125, 7.148438, -647.718750
307.382812, 14.296876, -675.281250
300.234375, 7.148438, -689.062500
285.937500, 7.148438, -695.953125
293.085938, -7.148438, -682.171875
300.234375, 7.148438, -689.062500
293.085938, 0.000000, -695.953125
307.382812, 0.000000, -689.062500
293.085938, 14.296876, -695.953125
307.382812, 14.296876, -675.281250
314.531250, 14.296876, -689.062500
321.679688, 21.445312, -689.062500
321.679688, 7.148438, -661.500000
321.679688, 21.445312, -675.281250
328.828125, 14.296876, -689.062500
314.531250, 21.445312, -682.171875
307.382812, 28.593752, -689.062500
314.531250, 21.445312, -702.843750
314.531250, 7.148438, -702.843750
321.679688, 21.445312, -695.953125
335.976562, 21.445312, -695.953125
314.531250, 28.593752, -695.953125
321.679688, 21.445312, -682.171875
335.976562, 28.593752, -695.953125
328.828125, 21.445312, -702.843750
328.828125, 28.593752, -689.062500
343.125000, 28.593752, -689.062500
328.828125, 42.890625, -702.843750
335.976562, 35.742188, -682.171875
314.531250, 42.890625, -689.062500
335.976562, 28.593752, -682.171875
335.976562, 21.445312, -689.062500
343.125000, 35.742188, -682.171875
321.679688, 35.742188, -668.390625
328.828125, 42.890625, -682.171875
335.976562, 14.296876, -654.609375
343.125000, 14.296876, -661.500000
343.125000, 21.445312, -640.828125
364.570312, 21.445312, -627.046875
350.273438, 28.593752, -613.265625
357.421875, 28.593752, -592.593750
364.570312, 21.445312, -558.140625
364.570312, 28.593752, -537.468750
378.867188, 57.187504, -489.234406
386.015656, 64.335938, -454.781281
371.718750, 71.484375, -420.328156
357.421875, 92.929688, -406.546906
357.421875, 107.226570, -372.093750
335.976562, 92.929688, -351.421875
328.828125, 100.078133, -344.531250
321.679688, 100.078133, -337.640625
314.531250, 100.078133, -330.750000
285.937500, 92.929688, -303.187500
293.085938, 100.078133, -282.515625
271.640625, 92.929688, -275.625000
257.343750, 100.078133, -275.625000
250.195328, 100.078133, -241.171890
235.898453, 114.375008, -241.171890
214.453140, 100.078133, -248.062515
185.859375, 85.781250, -213.609390
178.710938, 92.929688, -227.390640
185.859375, 71.484375, -234.281265
171.562500, 78.632812, -234.281265
157.265625, 57.187504, -234.281265
157.265625, 35.742188, -254.953140
164.414062, 28.593752, -275.625000
150.117188, 28.593752, -275.625000
150.117188, 7.148438, -268.734375
121.523445, 28.593752, -268.734375
121.523445, 35.742188, -248.062515
85.781250, 35.742188, -234.281265
71.484375, 50.039066, -234.281265
71.484375, 57.187504, -248.062515
57.187504, 57.187504, -241.171890
50.039066, 64.335938, -213.609390
50.039066, 85.781250, -213.609390
57.187504, 107.226570, -186.046875
50.039066, 128.671875, -199.828140
64.335938, 150.117188, -186.046875
78.632812, 157.265625, -165.375000
64.335938, 150.117188, -172.265625
64.335938, 171.562500, -172.265625
57.187504, 171.562500, -186.046875
42.890625, 185.859375, -172.265625
35.742188, 193.007828, -172.265625
64.335938, 200.156265, -172.265625
35.742188, 207.304703, -179.156250
35.742188, 214.453140, -179.156250
28.593752, 243.046890, -179.156250
42.890625, 250.195328, -165.375000
42.890625, 250.195328, -172.265625
35.742188, 271.640625, -172.265625
35.742188, 264.492188, -165.375000
28.593752, 271.640625, -172.265625
14.296876, 293.085938, -179.156250
7.148438, 285.937500, -172.265625
14.296876, 264.492188, -179.156250
14.296876, 257.343750, -179.156250
14.296876, 243.046890, -192.937515
28.593752, 235.898453, -179.156250
28.593752, 235.898453, -192.937515
7.148438, 228.750015, -179.156250
14.296876, 228.750015, -172.265625
21.445312, 228.750015, -192.937515
42.890625, 200.156265, -186.046875
64.335938, 200.156265, -192.937515
114.375008, 171.562500, -192.937515
135.820312, 178.710938, -199.828140
150.117188, 171.562500, -206.718765
185.859375, 178.710938, -206.718765
207.304703, 164.414062, -213.609390
228.750015, 178.710938, -234.281265
264.492188, 193.007828, -234.281265
250.195328, 200.156265, -241.171890
278.789062, 235.898453, -234.281265
293.085938, 264.492188, -261.843750
314.531250, 293.085938, -241.171890
300.234375, 328.828125, -261.843750
314.531250, 350.273438, -268.734375
300.234375, 364.570312, -282.515625
314.531250, 400.312531, -282.515625
328.828125, 414.609406, -296.296875
307.382812, 421.757843, -296.296875
307.382812, 464.648468, -316.968750
300.234375, 486.093781, -310.078125
278.789062, 521.835938, -344.531250
264.492188, 564.726562, -351.421875
264.492188, 586.171875, -365.203125
250.195328, 600.468750, -365.203125
243.046890, 607.617188, -372.093750
235.898453, 607.617188, -365.203125
228.750015, 621.914062, -365.203125
214.453140, 636.210938, -406.546906
185.859375, 643.359375, -392.765656
185.859375, 664.804688, -392.765656
164.414062, 657.656250, -413.437531
171.562500, 650.507812, -392.765656
171.562500, 629.062500, -372.093750
171.562500, 636.210938, -372.093750
164.414062, 643.359375, -344.531250
150.117188, 629.062500, -351.421875
128.671875, 636.210938, -316.968750
128.671875, 621.914062, -310.078125
128.671875, 621.914062, -303.187500
85.781250, 593.320312, -303.187500
92.929688, 614.765625, -316.968750
78.632812, 614.765625, -323.859375
71.484375, 621.914062, -316.968750
57.187504, 629.062500, -310.078125
57.187504, 621.914062, -316.968750
57.187504, 614.765625, -316.968750
28.593752, 629.062500, -296.296875
35.742188, 614.765625, -316.968750
42.890625, 621.914062, -303.187500
28.593752, 614.765625, -303.187500
28.593752, 607.617188, -303.187500
21.445312, 607.617188, -282.515625
28.593752, 593.320312, -275.625000
28.593752, 557.578125, -268.734375
35.742188, 536.132812, -241.171890
35.742188, 543.281250, -234.281265
35.742188, 521.835938, -227.390640
28.593752, 514.687500, -220.500015
14.296876, 507.539093, -206.718765
-14.296876, 507.539093, -192.937515
-21.445312, 486.093781, -179.156250
-21.445312, 486.093781, -192.937515
-14.296876, 486.093781, -186.046875
-14.296876, 478.945343, -199.828140
-14.296876, 464.648468, -172.265625
-14.296876, 457.500031, -165.375000
0.000000, 450.351593, -172.265625
7.148438, 443.203156, -186.046875
14.296876, 436.054718, -186.046875
28.593752, 443.203156, -186.046875
14.296876, 443.203156, -199.828140
21.445312, 436.054718, -186.046875
28.593752, 436.054718, -186.046875
50.039066, 436.054718, -186.046875
57.187504, 443.203156, -186.046875
42.890625, 450.351593, -192.937515
42.890625, 443.203156, -192.937515
42.890625, 443.203156, -192.937515
28.593752, 450.351593, -186.046875
28.593752, 457.500031, -186.046875
28.593752, 443.203156, -206.718765
35.742188, 457.500031, -192.937515
14.296876, 443.203156, -199.828140
21.445312, 457.500031, -186.046875
35.742188, 450.351593, -179.156250
7.148438, 443.203156, -179.156250
14.296876, 443.203156, -186.046875
21.445312, 443.203156, -186.046875
21.445312, 457.500031, -172.265625
28.593752, 450.351593, -199.828140
35.742188, 443.203156, -199.828140
28.593752, 436.054718, -192.937515
14.296876, 443.203156, -186.046875
21.445312, 436.054718, -192.937515
7.148438, 436.054718, -172.265625
21.445312, 443.203156, -186.046875
21.445312, 436.054718, -179.156250
7.148438, 450.351593, -186.046875
7.148438, 443.203156, -186.046875
14.296876, 443.203156, -186.046875
14.296876, 450.351593, -186.046875
7.148438, 436.054718, -186.046875
21.445312, 436.054718, -186.046875
7.148438, 450.351593, -179.156250
0.000000, 457.500031, -192.937515
0.000000, 457.500031, -206.718765
0.000000, 450.351593, -179.156250
-7.148438, 443.203156, -199.828140
-21.445312, 443.203156, -206.718765
-14.296876, 450.351593, -206.718765
-7.148438, 450.351593, -220.500015
0.000000, 443.203156, -213.609390
-14.296876, 464.648468, -199.828140
-14.296876, 464.648468, -199.828140
0.000000, 457.500031, -206.718765
-14.296876, 457.500031, -213.609390
-21.445312, 457.500031, -206.718765
-14.296876, 450.351593, -220.500015
-35.742188, 450.351593, -213.609390
-7.148438, 478.945343, -199.828140
-21.445312, 457.500031, -213.609390
-21.445312, 450.351593, -213.609390
-21.445312, 450.351593, -213.609390
-21.445312, 464.648468, -213.609390
-7.148438, 450.351593, -213.609390
-21.445312, 450.351593, -206.718765
-21.445312, 471.796906, -206.718765
-14.296876, 464.648468, -213.609390
-28.593752, 464.648468, -206.718765
-7.148438, 471.796906, -206.718765
-28.593752, 471.796906, -213.609390
-35.742188, 471.796906, -220.500015
-21.445312, 464.648468, -206.718765
-28.593752, 457.500031, -206.718765
-42.890625, 471.796906, -199.828140
-28.593752, 464.648468, -213.609390
-28.593752, 471.796906, -213.609390
-21.445312, 478.945343, -220.500015
-14.296876, 478.945343, -213.609390
-21.445312, 478.945343, -199.828140
-28.593752, 464.648468, -213.609390
-28.593752, 486.093781, -220.500015
-14.296876, 493.242218, -227.390640
-7.148438, 507.539093, -227.390640
-14.296876, 507.539093, -227.390640
-7.148438, 507.539093, -227.390640
0.000000, 514.687500, -220.500015
7.148438, 514.687500, -227.390640
7.148438, 528.984375, -227.390640
14.296876, 543.281250, -227.390640
14.296876, 521.835938, -213.609390
14.296876, 536.132812, -220.500015
14.296876, 521.835938, -241.171890
14.296876, 528.984375, -254.953140
35.742188, 528.984375, -227.390640
21.445312, 536.132812, -241.171890
21.445312, 528.984375, -227.390640
35.742188, 528.984375, -248.062515
35.742188, 536.132812, -234.281265
21.445312, 528.984375, -241.171890
35.742188, 543.281250, -248.062515
21.445312, 543.281250, -234.281265
42.890625, 536.132812, -220.500015
42.890625, 564.726562, -220.500015
50.039066, 543.281250, -227.390640
50.039066, 536.132812, -234.281265
57.187504, 543.281250, -248.062515
57.187504, 550.429688, -234.281265
57.187504, 543.281250, -248.062515
71.484375, 550.429688, -248.062515
64.335938, 571.875000, -254.953140
78.632812, 557.578125, -254.953140
64.335938, 550.429688, -241.171890
64.335938, 543.281250, -254.953140
78.632812, 557.578125, -254.953140
92.929688, 550.429688, -248.062515
78.632812, 550.429688, -241.171890
92.929688, 543.281250, -254.953140
85.781250, 550.429688, -248.062515
107.226570, 550.429688, -234.281265
92.929688, 543.281250, -261.843750
92.929688, 543.281250, -241.171890
100.078133, 550.429688, -254.953140
100.078133, 557.578125, -254.953140
121.523445, 550.429688, -254.953140
114.375008, 543.281250, -248.062515
114.375008, 550.429688, -261.843750
121.523445, 564.726562, -241.171890
128.671875, 543.281250, -261.843750
128.671875, 550.429688, -268.734375
128.671875, 550.429688, -248.062515
142.968750, 543.281250, -261.843750
142.968750, 543.281250, -254.953140
150.117188, 543.281250, -248.062515
157.265625, 528.984375, -261.843750
178.710938, 528.984375, -275.625000
193.007828, 514.687500, -261.843750
164.414062, 521.835938, -268.734375
164.414062, 521.835938, -268.734375
178.710938, 514.687500, -261.843750
193.007828, 514.687500, -254.953140
185.859375, 514.687500, -241.171890
185.859375, 514.687500, -248.062515
171.562500, 507.539093, -254.953140
185.859375, 507.539093, -248.062515
200.156265, 493.242218, -254.953140
185.859375, 493.242218, -241.171890
185.859375, 486.093781, -234.281265
178.710938, 493.242218, -248.062515
193.007828, 478.945343, -241.171890
207.304703, 493.242218, -241.171890
178.710938, 493.242218, -234.281265
200.156265, 486.093781, -248.062515
214.453140, 471.796906, -254.953140
200.156265, 464.648468, -241.171890
214.453140, 450.351593, -241.171890
221.601578, 450.351593, -241.171890
221.601578, 443.203156, -241.171890
235.898453, 443.203156, -241.171890
243.046890, 428.906281, -234.281265
243.046890, 414.609406, -220.500015
257.343750, 414.609406, -241.171890
235.898453, 400.312531, -241.171890
257.343750, 371.718750, -227.390640
250.195328, 364.570312, -241.171890
257.343750, 350.273438, -234.281265
243.046890, 328.828125, -227.390640
250.195328, 300.234375, -234.281265
243.046890, 278.789062, -227.390640
235.898453, 257.343750, -227.390640
221.601578, 228.750015, -213.609390
200.156265, 207.304703, -227.390640
193.007828, 200.156265, -220.500015
171.562500, 178.710938, -241.171890
178.710938, 171.562500, -220.500015
164.414062, 171.562500, -213.609390
178.710938, 150.117188, -227.390640
157.265625, 164.414062, -213.609390
185.859375, 150.117188, -227.390640
157.265625, 164.414062, -220.500015
142.968750, 164.414062, -206.718765
135.820312, 150.117188, -220.500015
164.414062, 157.265625, -213.609390
150.117188, 164.414062, -206.718765
142.968750, 171.562500, -206.718765
142.968750, 164.414062, -199.828140
157.265625, 171.562500, -192.937515
135.820312, 171.562500, -192.937515
128.671875, 171.562500, -199.828140
128.671875, 150.117188, -186.046875
114.375008, 157.265625, -206.718765
121.523445, 150.117188, -192.937515
114.375008, 164.414062, -206.718765
114.375008, 150.117188, -206.718765
107.226570, 157.265625, -206.718765
100.078133, 142.968750, -199.828140
100.078133, 142.968750, -199.828140
78.632812, 142.968750, -213.609390
85.781250, 142.968750, -213.609390
64.335938, 135.820312, -213.609390
64.335938, 135.820312, -213.609390
57.187504, 121.523445, -234.281265
64.335938, 128.671875, -213.609390
50.039066, 135.820312, -220.500015
50.039066, 121.523445, -227.390640
35.742188, 107.226570, -206.718765
42.890625, 121.523445, -220.500015
35.742188, 107.226570, -213.609390
7.148438, 107.226570, -227.390640
7.148438, 121.523445, -227.390640
-7.148438, 114.375008, -241.171890
-14.296876, 121.523445, -227.390640
-7.148438, 114.375008, -227.390640
-21.445312, 121.523445, -234.281265
-35.742188, 128.671875, -227.390640
-35.742188, 121.523445, -220.500015
-42.890625, 107.226570, -227.390640
-50.039066, 128.671875, -227.390640
-50.039066, 107.226570, -227.390640
-50.039066, 100.078133, -241.171890
-42.890625, 107.226570, -234.281265
-57.187504, 114.375008, -241.171890
-64.335938, 78.632812, -234.281265
-78.632812, 100.078133, -234.281265
-85.781250, 85.781250, -241.171890
-85.781250, 100.078133, -254.953140
-85.781250, 92.929688, -241.171890
-85.781250, 85.781250, -254.953140
-71.484375, 64.335938, -248.062515
-64.335938, 85.781250, -248.062515
-50.039066, 71.484375, -261.843750
-35.742188, 71.484375, -261.843750
-57.187504, 78.632812, -248.062515
-57.187504, 78.632812, -254.953140
-64.335938, 92.929688, -234.281265
-50.039066, 121.523445, -248.062515
-64.335938, 114.375008, -234.281265
-71.484375, 150.117188, -234.281265
-71.484375, 142.968750, -234.281265
-71.484375, 142.968750, -241.171890
-78.632812, 150.117188, -220.500015
-71.484375, 150.117188, -234.281265
-57.187504, 150.117188, -220.500015
-57.187504, 142.968750, -206.718765
-42.890625, 164.414062, -206.718765
-42.890625, 157.265625, -206.718765
-28.593752, 150.117188, -206.718765
-28.593752, 150.117188, -206.718765
-35.742188, 171.562500, -220.500015
-28.593752, 157.265625, -213.609390
-21.445312, 142.968750, -199.828140
-14.296876, 128.671875, -227.390640
28.593752, 114.375008, -248.062515
128.671875, 121.523445, -234.281265
150.117188, 164.414062, -227.390640
135.820312, 157.265625, -213.609390
150.117188, 157.265625, -199.828140
150.117188, 171.562500, -199.828140
157.265625, 193.007828, -186.046875
164.414062, 207.304703, -172.265625
164.414062, 228.750015, -165.375000
171.562500, 221.601578, -179.156250
150.117188, 243.046890, -186.046875
171.562500, 228.750015, -199.828140
178.710938, 221.601578, -179.156250
193.007828, 257.343750, -172.265625
193.007828, 278.789062, -186.046875
193.007828, 264.492188, -186.046875
193.007828, 264.492188, -192.937515
178.710938, 293.085938, -186.046875
164.414062, 285.937500, -186.046875
164.414062, 278.789062, -179.156250
150.117188, 264.492188, -172.265625
150.117188, 257.343750, -179.156250
135.820312, 257.343750, -179.156250
150.117188, 250.195328, -172.265625
135.820312, 278.789062, -179.156250
135.820312, 278.789062, -172.265625
142.968750, 264.492188, -186.046875
114.375008, 271.640625, -199.828140
121.523445, 264.492188, -172.265625
114.375008, 271.640625, -179.156250
128.671875, 285.937500, -186.046875
150.117188, 314.531250, -192.937515
150.117188, 307.382812, -179.156250
135.820312, 293.085938, -192.937515
128.671875, 293.085938, -179.156250
114.375008, 321.679688, -186.046875
100.078133, 364.570312, -179.156250
92.929688, 414.609406, -179.156250
85.781250, 443.203156, -192.937515
92.929688, 450.351593, -192.937515
78.632812, 457.500031, -192.937515
71.484375, 471.796906, -199.828140
64.335938, 471.796906, -220.500015
50.039066, 493.242218, -199.828140
42.890625, 521.835938, -227.390640
35.742188, 550.429688, -248.062515
50.039066, 571.875000, -241.171890
71.484375, 586.171875, -261.843750
64.335938, 586.171875, -254.953140
50.039066, 579.023438, -268.734375
42.890625, 607.617188, -268.734375
64.335938, 593.320312, -254.953140
50.039066, 593.320312, -261.843750
35.742188, 607.617188, -275.625000
50.039066, 614.765625, -275.625000
57.187504, 607.617188, -248.062515
71.484375, 600.468750, -268.734375
78.632812, 600.468750, -261.843750
71.484375, 607.617188, -268.734375
57.187504, 621.914062, -289.406250
57.187504, 600.468750, -282.515625
64.335938, 621.914062, -282.515625
71.484375, 614.765625, -275.625000
71.484375, 621.914062, -275.625000
78.632812, 600.468750, -275.625000
64.335938, 614.765625, -261.843750
71.484375, 579.023438, -254.953140
42.890625, 586.171875, -254.953140
50.039066, 571.875000, -248.062515
50.039066, 579.023438, -254.953140
28.593752, 579.023438, -241.171890
50.039066, 571.875000, -254.953140
57.187504, 564.726562, -241.171890
28.593752, 571.875000, -248.062515
35.742188, 564.726562, -241.171890
35.742188, 557.578125, -254.953140
28.593752, 550.429688, -241.171890
57.187504, 543.281250, -234.281265
92.929688, 557.578125, -241.171890
71.484375, 557.578125, -234.281265
92.929688, 536.132812, -241.171890
114.375008, 550.429688, -234.281265
128.671875, 543.281250, -241.171890
121.523445, 536.132812, -241.171890
128.671875, 536.132812, -248.062515
121.523445, 528.984375, -248.062515
121.523445, 543.281250, -234.281265
121.523445, 543.281250, -220.500015
128.671875, 543.281250, -234.281265
128.671875, 543.281250, -227.390640
128.671875, 550.429688, -227.390640
121.523445, 528.984375, -220.500015
121.523445, 528.984375, -213.609390
128.671875, 536.132812, -199.828140
128.671875, 528.984375, -213.609390
157.265625, 514.687500, -199.828140
142.968750, 521.835938, -213.609390
164.414062, 500.390656, -206.718765
185.859375, 486.093781, -213.609390
200.156265, 471.796906, -199.828140
178.710938, 457.500031, -206.718765
193.007828, 414.609406, -192.937515
193.007828, 407.460968, -199.828140
185.859375, 400.312531, -199.828140
185.859375, 350.273438, -179.156250
164.414062, 335.976562, -199.828140
157.265625, 321.679688, -192.937515
121.523445, 300.234375, -172.265625
100.078133, 285.937500, -165.375000
78.632812, 264.492188, -165.375000
42.890625, 257.343750, -165.375000
35.742188, 228.750015, -158.484375
7.148438, 235.898453, -158.484375
-28.593752, 200.156265, -165.375000
-35.742188, 214.453140, -165.375000
-71.484375, 200.156265, -172.265625
-92.929688, 200.156265, -172.265625
-107.226570, 214.453140, -186.046875
-142.968750, 200.156265, -186.046875
-157.265625, 250.195328, -199.828140
-178.710938, 271.640625, -206.718765
-228.750015, 293.085938, -206.718765
-243.046890, 335.976562, -248.062515
-264.492188, 393.164093, -261.843750
-271.640625, 428.906281, -282.515625
-278.789062, 478.945343, -337.640625
-271.640625, 528.984375, -358.312500
-264.492188, 550.429688, -372.093750
-257.343750, 586.171875, -413.437531
-221.601578, 614.765625, -468.562531
-185.859375, 650.507812, -482.343781
-135.820312, 664.804688, -516.796875
-107.226570, 679.101562, -530.578125
-64.335938, 693.398438, -571.921875
-21.445312, 686.250000, -571.921875
-14.296876, 693.398438, -592.593750
7.148438, 679.101562, -585.703125
0.000000, 686.250000, -578.812500
-21.445312, 686.250000, -578.812500
-14.296876, 679.101562, -599.484375
-14.296876, 679.101562, -613.265625
7.148438, 679.101562, -613.265625
14.296876, 671.953125, -606.375000
0.000000, 686.250000, -599.484375
0.000000, 686.250000, -613.265625
14.296876, 671.953125, -599.484375
0.000000, 686.250000, -613.265625
28.593752, 671.953125, -606.375000
14.296876, 693.398438, -599.484375
14.296876, 693.398438, -620.156250
21.445312, 679.101562, -627.046875
21.445312, 686.250000, -620.156250
14.296876, 671.953125, -620.156250
28.593752, 679.101562, -613.265625
0.000000, 671.953125, -606.375000
0.000000, 679.101562, -627.046875
-14.296876, 679.101562, -613.265625
-35.742188, 686.250000, -620.156250
-57.187504, 664.804688, -613.265625
-100.078133, 664.804688, -599.484375
-121.523445, 636.210938, -620.156250
-164.414062, 621.914062, -606.375000
-200.156265, 586.171875, -599.484375
-235.898453, 543.281250, -613.265625
-285.937500, 507.539093, -599.484375
-300.234375, 471.796906, -620.156250
-321.679688, 436.054718, -592.593750
-321.679688, 378.867188, -599.484375
-328.828125, 335.976562, -592.593750
-343.125000, 278.789062, -578.812500
-343.125000, 221.601578, -585.703125
-314.531250, 157.265625, -551.250000
-293.085938, 92.929688, -537.468750
-271.640625, 35.742188, -503.015656
-228.750015, 14.296876, -468.562531
-200.156265, -7.148438, -447.890656
-178.710938, -14.296876, -427.218781
-150.117188, -35.742188, -413.437531
-128.671875, -35.742188, -406.546906
-114.375008, -50.039066, -399.656281
-92.929688, -57.187504, -399.656281
-92.929688, -42.890625, -406.546906
-78.632812, -64.335938, -406.546906
-57.187504, -78.632812, -420.328156
-78.632812, -71.484375, -447.890656
-64.335938, -100.078133, -482.343781
-78.632812, -85.781250, -503.015656
-64.335938, -107.226570, -530.578125
-42.890625, -114.375008, -537.468750
-50.039066, -107.226570, -585.703125
-57.187504, -114.375008, -606.375000
-57.187504, -114.375008, -620.156250
-71.484375, -85.781250, -661.500000
-78.632812, -71.484375, -668.390625
-92.929688, -71.484375, -702.843750
-92.929688, -64.335938, -702.843750
-107.226570, -42.890625, -737.296875
-114.375008, -28.593752, -757.968750
-142.968750, 7.148438, -778.640686
-157.265625, 35.742188, -778.640686
-164.414062, 57.187504, -806.203186
-171.562500, 85.781250, -813.093811
-164.414062, 121.523445, -826.875061
-157.265625, 150.117188, -840.656311
-185.859375, 157.265625, -840.656311
-178.710938, 207.304703, -840.656311
-200.156265, 250.195328, -840.656311
-214.453140, 264.492188, -840.656311
-214.453140, 321.679688, -813.093811
-221.601578, 357.421875, -819.984436
-193.007828, 393.164093, -813.093811
-200.156265, 428.906281, -778.640686
-200.156265, 443.203156, -792.421936
-200.156265, 486.093781, -785.531311
-200.156265, 514.687500, -751.078125
-178.710938, 528.984375, -744.187500
-178.710938, 543.281250, -716.625000
-164.414062, 571.875000, -689.062500
-157.265625, 607.617188, -654.609375
-150.117188, 614.765625, -627.046875
-164.414062, 621.914062, -613.265625
-157.265625, 636.210938, -585.703125
-142.968750, 643.359375, -565.031250
-142.968750, 636.210938, -503.015656
-107.226570, 664.804688, -496.125031
-100.078133, 671.953125, -482.343781
-78.632812, 679.101562, -454.781281
-50.039066, 686.250000, -461.671906
-57.187504, 686.250000, -434.109406
-28.593752, 686.250000, -427.218781
-14.296876, 693.398438, -427.218781
-21.445312, 693.398438, -406.546906
-7.148438, 679.101562, -420.328156
-21.445312, 664.804688, -406.546906
-14.296876, 679.101562, -392.765656
-14.296876, 686.250000, -385.875031
-14.296876, 679.101562, -385.875031
21.445312, 693.398438, -372.093750
14.296876, 679.101562, -372.093750
-7.148438, 664.804688, -358.312500
7.148438, 671.953125, -365.203125
7.148438, 664.804688, -358.312500
0.000000, 671.953125, -351.421875
7.148438, 664.804688, -358.312500
0.000000, 664.804688, -344.531250
-14.296876, 664.804688, -365.203125
-14.296876, 664.804688, -358.312500
-21.445312, 671.953125, -358.312500
-21.445312, 686.250000, -372.093750
-50.039066, 671.953125, -378.984375
-100.078133, 671.953125, -385.875031
-121.523445, 671.953125, -441.000031
-150.117188, 650.507812, -496.125031
-150.117188, 636.210938, -537.468750
-178.710938, 621.914062, -551.250000
-178.710938, 607.617188, -599.484375
-178.710938, 600.468750, -647.718750
-185.859375, 557.578125, -695.953125
-164.414062, 521.835938, -730.406250
-150.117188, 500.390656, -771.750061
-128.671875, 464.648468, -792.421936
-114.375008, 414.609406, -826.875061
-71.484375, 364.570312, -854.437561
-57.187504, 328.828125, -861.328186
-35.742188, 278.789062, -875.109436
-21.445312, 257.343750, -868.218811
-14.296876, 185.859375, -875.109436
7.148438, 164.414062, -882.000061
21.445312, 107.226570, -882.000061
28.593752, 57.187504, -868.218811
71.484375, 7.148438, -840.656311
78.632812, -21.445312, -813.093811
142.968750, -64.335938, -757.968750
150.117188, -78.632812, -709.734375
185.859375, -100.078133, -682.171875
214.453140, -107.226570, -640.828125
221.601578, -100.078133, -613.265625
207.304703, -114.375008, -592.593750
221.601578, -100.078133, -551.250000
228.750015, -92.929688, -509.906281
207.304703, -100.078133, -454.781281
185.859375, -71.484375, -406.546906
171.562500, -35.742188, -365.203125
135.820312, -7.148438, -330.750000
114.375008, 42.890625, -268.734375
107.226570, 57.187504, -241.171890
92.929688, 92.929688, -241.171890
85.781250, 100.078133, -227.390640
71.484375, 107.226570, -234.281265
78.632812, 128.671875, -234.281265
71.484375, 135.820312, -227.390640
71.484375, 164.414062, -227.390640
71.484375, 185.859375, -234.281265
92.929688, 200.156265, -227.390640
100.078133, 207.304703, -213.609390
100.078133, 214.453140, -199.828140
114.375008, 235.898453, -213.609390
107.226570, 271.640625, -227.390640
114.375008, 314.531250, -220.500015
128.671875, 343.125000, -220.500015
121.523445, 393.164093, -213.609390
121.523445, 436.054718, -227.390640
114.375008, 478.945343, -241.171890
107.226570, 493.242218, -248.062515
85.781250, 543.281250, -254.953140
78.632812, 564.726562, -275.625000
50.039066, 586.171875, -289.406250
28.593752, 607.617188, -316.968750
0.000000, 636.210938, -344.531250
7.148438, 643.359375, -337.640625
0.000000, 650.507812, -344.531250
14.296876, 657.656250, -344.531250
-14.296876, 650.507812, -351.421875
-14.296876, 657.656250, -344.531250
0.000000, 657.656250, -330.750000
7.148438, 643.359375, -330.750000
14.296876, 657.656250, -323.859375
35.742188, 650.507812, -316.968750
28.593752, 664.804688, -316.968750
35.742188, 629.062500, -310.078125
35.742188, 629.062500, -303.187500
28.593752, 629.062500, -289.406250
42.890625, 614.765625, -268.734375
57.187504, 621.914062, -254.953140
71.484375, 614.765625, -261.843750
57.187504, 621.914062, -289.406250
64.335938, 607.617188, -275.625000
57.187504, 593.320312, -268.734375
64.335938, 600.468750, -241.171890
50.039066, 593.320312, -261.843750
35.742188, 600.468750, -261.843750
50.039066, 593.320312, -268.734375
42.890625, 593.320312, -268.734375
50.039066, 586.171875, -261.843750
57.187504, 586.171875, -241.171890
64.335938, 571.875000, -248.062515
100.078133, 571.875000, -241.171890
107.226570, 550.429688, -234.281265
135.820312, 543.281250, -248.062515
178.710938, 514.687500, -220.500015
185.859375, 464.648468, -206.718765
221.601578, 428.906281, -213.609390
228.750015, 414.609406, -199.828140
250.195328, 393.164093, -206.718765
264.492188, 357.421875, -227.390640
293.085938, 328.828125, -227.390640
321.679688, 278.789062, -261.843750
343.125000, 243.046890, -282.515625
364.570312, 200.156265, -310.078125
371.718750, 178.710938, -337.640625
386.015656, 142.968750, -378.984375
371.718750, 92.929688, -413.437531
364.570312, 42.890625, -454.781281
357.421875, 14.296876, -516.796875
335.976562, -7.148438, -571.921875
285.937500, -35.742188, -620.156250
228.750015, -57.187504, -695.953125
164.414062, -50.039066, -730.406250
128.671875, -35.742188, -778.640686
92.929688, -28.593752, -799.312561
92.929688, -14.296876, -806.203186
107.226570, -14.296876, -799.312561
92.929688, -35.742188, -785.531311
121.523445, -57.187504, -757.968750
121.523445, -78.632812, -730.406250
157.265625, -100.078133, -682.171875
171.562500, -107.226570, -633.937500
228.750015, -121.523445, -509.906281
257.343750, -64.335938, -434.109406
285.937500, 21.445312, -351.421875
314.531250, 107.226570, -316.968750
314.531250, 207.304703, -261.843750
271.640625, 307.382812, -234.281265
235.898453, 393.164093, -206.718765
171.562500, 478.945343, -199.828140
100.078133, 521.835938, -213.609390
42.890625, 579.023438, -220.500015
-14.296876, 600.468750, -254.953140
-64.335938, 593.320312, -282.515625
-100.078133, 593.320312, -268.734375
-142.968750, 579.023438, -316.968750
-164.414062, 593.320312, -330.750000
-200.156265, 600.468750, -351.421875
-200.156265, 593.320312, -392.765656
-221.601578, 600.468750, -385.875031
-221.601578, 579.023438, -406.546906
-235.898453, 571.875000, -413.437531
-243.046890, 557.578125, -413.437531
-235.898453, 564.726562, -413.437531
-243.046890, 564.726562, -399.656281
-228.750015, 579.023438, -392.765656
-207.304703, 593.320312, -385.875031
-185.859375, 607.617188, -392.765656
-185.859375, 593.320312, -378.984375
-142.968750, 643.359375, -344.531250
-100.078133, 629.062500, -330.750000
-57.187504, 614.765625, -296.296875
-7.148438, 593.320312, -275.625000
64.335938, 564.726562, -241.171890
107.226570, 543.281250, -227.390640
164.414062, 500.390656, -206.718765
235.898453, 464.648468, -213.609390
293.085938, 400.312531, -227.390640
364.570312, 314.531250, -261.843750
407.460968, 264.492188, -344.531250
428.906281, 207.304703, -413.437531
428.906281, 157.265625, -475.453156
428.906281, 128.671875, -516.796875
407.460968, 114.375008, -571.921875
407.460968, 64.335938, -592.593750
371.718750, 64.335938, -627.046875
357.421875, 42.890625, -654.609375
335.976562, 35.742188, -661.500000
328.828125, 28.593752, -668.390625
328.828125, 7.148438, -675.281250
335.976562, -14.296876, -633.937500
343.125000, -14.296876, -613.265625
350.273438, 0.000000, -544.359375
350.273438, 7.148438, -468.562531
328.828125, 42.890625, -385.875031
314.531250, 128.671875, -296.296875
278.789062, 221.601578, -254.953140
228.750015, 364.570312, -213.609390
207.304703, 414.609406, -220.500015
185.859375, 457.500031, -220.500015
178.710938, 493.242218, -220.500015
171.562500, 471.796906, -199.828140
150.117188, 457.500031, -199.828140
142.968750, 457.500031, -192.937515
142.968750, 443.203156, -186.046875
135.820312, 457.500031, -186.046875
135.820312, 450.351593, -192.937515
142.968750, 421.757843, -199.828140
193.007828, 421.757843, -186.046875
228.750015, 371.718750, -213.609390
271.640625, 378.867188, -220.500015
285.937500, 364.570312, -234.281265
300.234375, 393.164093, -248.062515
335.976562, 414.609406, -254.953140
350.273438, 414.609406, -303.187500
357.421875, 414.609406, -289.406250
335.976562, 400.312531, -296.296875
257.343750, 500.390656, -248.062515
228.750015, 457.500031, -206.718765
250.195328, 386.015656, -206.718765
271.640625, 321.679688, -192.937515
278.789062, 228.750015, -213.609390
300.234375, 250.195328, -248.062515
314.531250, 343.125000, -241.171890
328.828125, 335.976562, -241.171890
321.679688, 364.570312, -248.062515
300.234375, 350.273438, -261.843750
314.531250, 350.273438, -261.843750
321.679688, 335.976562, -261.843750
293.085938, 321.679688, -220.500015
300.234375, 300.234375, -227.390640
300.234375, 314.531250, -220.500015
300.234375, 321.679688, -248.062515
314.531250, 300.234375, -234.281265
307.382812, 285.937500, -241.171890
307.382812, 264.492188, -241.171890
307.382812, 257.343750, -248.062515
293.085938, 250.195328, -234.281265
293.085938, 250.195328, -234.281265
300.234375, 221.601578, -241.171890
293.085938, 235.898453, -254.953140
293.085938, 221.601578, -248.062515
300.234375, 221.601578, -254.953140
293.085938, 221.601578, -241.171890
293.085938, 221.601578, -241.171890
285.937500, 221.601578, -248.062515
271.640625, 214.453140, -248.062515
278.789062, 214.453140, -241.171890
278.789062, 228.750015, -241.171890
278.789062, 221.601578, -241.171890
264.492188, 235.898453, -227.390640
271.640625, 235.898453, -234.281265
271.640625, 228.750015, -234.281265
271.640625, 235.898453, -248.062515
278.789062, 235.898453, -234.281265
293.085938, 228.750015, -234.281265
278.789062, 221.601578, -241.171890
271.640625, 228.750015, -227.390640
271.640625, 235.898453, -241.171890
271.640625, 228.750015, -227.390640
285.937500, 228.750015, -234.281265
285.937500, 221.601578, -234.281265
257.343750, 235.898453, -227.390640
278.789062, 221.601578, -234.281265
271.640625, 221.601578, -220.500015
278.789062, 235.898453, -234.281265
271.640625, 228.750015, -220.500015
271.640625, 228.750015, -234.281265
278.789062, 221.601578, -234.281265
278.789062, 228.750015, -227.390640
293.085938, 228.750015, -220.500015
285.937500, 221.601578, -234.281265
278.789062, 221.601578, -227.390640
278.789062, 207.304703, -234.281265
285.937500, 221.601578, -248.062515
278.789062, 214.453140, -241.171890
285.937500, 214.453140, -248.062515
278.789062, 214.453140, -234.281265
278.789062, 235.898453, -220.500015
285.937500, 243.046890, -227.390640
271.640625, 228.750015, -227.390640
285.937500, 228.750015, -234.281265
271.640625, 243.046890, -241.171890
271.640625, 228.750015, -234.281265
271.640625, 228.750015, -227.390640
293.085938, 235.898453, -241.171890
285.937500, 228.750015, -248.062515
278.789062, 235.898453, -213.609390
278.789062, 228.750015, -241.171890
285.937500, 257.343750, -227.390640
285.937500, 228.750015, -234.281265
264.492188, 221.601578, -234.281265
293.085938, 228.750015, -227.390640
278.789062, 228.750015, -241.171890
271.640625, 214.453140, -220.500015
264.492188, 221.601578, -227.390640
278.789062, 235.898453, -234.281265
271.640625, 214.453140, -241.171890
278.789062, 235.898453, -241.171890
278.789062, 221.601578, -241.171890
278.789062, 221.601578, -241.171890
293.085938, 221.601578, -234.281265
285.937500, 228.750015, -234.281265
285.937500, 221.601578, -241.171890
285.937500, 228.750015, -241.171890
278.789062, 221.601578, -241.171890
293.085938, 228.750015, -234.281265
278.789062, 228.750015, -234.281265
293.085938, 235.898453, -234.281265
285.937500, 221.601578, -234.281265
271.640625, 228.750015, -227.390640
285.937500, 221.601578, -234.281265
285.937500, 228.750015, -227.390640
285.937500, 221.601578, -234.281265
278.789062, 228.750015, -227.390640
278.789062, 243.046890, -234.281265
271.640625, 228.750015, -241.171890
271.640625, 235.898453, -234.281265
271.640625, 214.453140, -248.062515
264.492188, 228.750015, -254.953140
285.937500, 235.898453, -241.171890
264.492188, 235.898453, -234.281265
285.937500, 228.750015, -227.390640
278.789062, 221.601578, -241.171890
278.789062, 214.453140, -234.281265
271.640625, 221.601578, -254.953140
271.640625, 221.601578, -248.062515
285.937500, 221.601578, -234.281265
278.789062, 221.601578, -227.390640
293.085938, 243.046890, -241.171890
278.789062, 214.453140, -248.062515
271.640625, 228.750015, -234.281265
278.789062, 214.453140, -234.281265
285.937500, 214.453140, -241.171890
285.937500, 228.750015, -220.500015
278.789062, 221.601578, -220.500015
278.789062, 228.750015, -234.281265
271.640625, 214.453140, -206.718765
285.937500, 221.601578, -241.171890
278.789062, 228.750015, -227.390640
271.640625, 221.601578, -241.171890
285.937500, 221.601578, -227.390640
278.789062, 228.750015, -234.281265
285.937500, 214.453140, -227.390640
278.789062, 243.046890, -227.390640
300.234375, 221.601578, -241.171890
271.640625, 228.750015, -227.390640
271.640625, 228.750015, -227.390640
278.789062, 221.601578, -234.281265
285.937500, 221.601578, -234.281265
285.937500, 221.601578, -227.390640
271.640625, 200.156265, -241.171890
293.085938, 228.750015, -241.171890
285.937500, 214.453140, -234.281265
271.640625, 214.453140, -234.281265