-375.292969, -153.691406, 79.242218
-368.144531, -125.097649, 51.679718
-375.292969, -132.246094, 72.351593
-389.589844, -139.394531, 65.460968
-375.292969, -132.246094, 58.570343
-382.441406, -139.394531, 65.460968
-375.292969, -139.394531, 51.679718
-368.144531, -160.839844, 58.570343
-368.144531, -160.839844, 44.789093
-346.699219, -167.988281, 51.679718
-360.996094, -182.285156, 51.679718
-353.847656, -189.433594, 51.679718
-339.550781, -203.730469, 58.570343
-325.253906, -218.027344, 58.570343
-296.660187, -239.472656, 58.570343
-282.363312, -268.066406, 79.242218
-232.324234, -310.957031, 37.898468
-175.136749, -339.550781, 44.789093
-125.097672, -368.144531, 58.570343
-89.355484, -353.847656, 65.460968
-46.464859, -368.144531, 58.570343
-17.871105, -375.292969, 58.570343
39.316399, -353.847656, 51.679718
96.503891, -325.253906, 86.132843
125.097656, -310.957031, 79.242218
160.839844, -289.511719, 65.460968
189.433578, -275.214844, 86.132843
210.878891, -225.175781, 120.585968
225.175766, -160.839844, 155.039124
246.621078, -89.355469, 189.492249
232.324203, -39.316391, 244.617249
218.027328, 17.871094, 244.617249
196.582016, 117.949219, 285.960999
153.691406, 225.175812, 265.289124
117.949203, 296.660156, 244.617249
82.207016, 346.699219, 217.054749
46.464836, 382.441406, 189.492249
10.722641, 389.589844, 175.710999
-46.464859, 403.886719, 161.929749
-110.800797, 411.035156, 134.367218
-132.246109, 396.738281, 134.367218
-153.691422, 389.589844, 134.367218
-160.839859, 389.589844, 127.476593
-153.691422, 382.441406, 127.476593
-167.988312, 389.589844, 148.148499
-146.542984, 375.292969, 134.367218
-132.246109, 368.144531, 141.257843
-117.949234, 353.847656, 161.929749
-75.058609, 346.699219, 203.273499
-32.167984, 325.253906, 217.054749
32.167961, 303.808594, 251.507874
60.761703, 282.363281, 272.179749
117.949203, 246.621124, 265.289124
160.839844, 232.324249, 244.617249
160.839844, 210.878937, 244.617249
189.433578, 182.285187, 244.617249
196.582016, 153.691437, 258.398499
203.730453, 132.246094, 272.179749
189.433578, 125.097656, 272.179749
189.433578, 75.058594, 279.070374
218.027328, 17.871094, 272.179749
218.027328, -17.871078, 258.398499
210.878891, -75.058594, 237.726624
210.878891, -75.058594, 251.507874
196.582016, -110.800781, 258.398499
189.433578, -117.949219, 258.398499
189.433578, -117.949219, 244.617249
167.988281, -75.058594, 279.070374
167.988281, -60.761719, 285.960999
153.691406, -32.167953, 320.414124
153.691406, -10.722641, 313.523499
139.394531, 3.574234, 320.414124
117.949203, 39.316406, 334.195374
117.949203, 46.464844, 327.304749
89.355453, 60.761719, 341.085999
96.503891, 60.761719, 334.195374
75.058578, 103.652344, 334.195374
46.464836, 110.800781, 334.195374
39.316399, 153.691437, 334.195374
3.574203, 160.839874, 327.304749
-10.722668, 167.988312, 327.304749
-46.464859, 167.988312, 341.085999
-89.355484, 189.433624, 334.195374
-89.355484, 196.582062, 327.304749
-132.246109, 225.175812, 299.742249
-139.394547, 253.769562, 306.632874
-167.988312, 282.363281, 292.851624
-167.988312, 282.363281, 279.070374
-189.433624, 282.363281, 265.289124
-203.730484, 296.660156, 258.398499
-210.878922, 303.808594, 237.726624
-210.878922, 303.808594, 237.726624
-203.730484, 339.550781, 223.945374
-203.730484, 346.699219, 210.164124
-210.878922, 353.847656, 182.601624
-203.730484, 346.699219, 189.492249
-203.730484, 360.996094, 168.820374
-210.878922, 353.847656, 161.929749
-225.175797, 353.847656, 161.929749
-196.582047, 368.144531, 155.039124
-210.878922, 375.292969, 134.367218
-218.027359, 368.144531, 148.148499
-225.175797, 375.292969, 141.257843
-239.472672, 353.847656, 127.476593
-253.769547, 339.550781, 106.804718
-239.472672, 346.699219, 127.476593
-268.066437, 360.996094, 99.914093
-239.472672, 353.847656, 93.023468
-260.917999, 353.847656, 72.351593
-232.324234, 368.144531, 3.445374
-246.621109, 360.996094, -44.789001
-225.175797, 353.847656, -65.460876
-239.472672, 353.847656, -86.132751
-239.472672, 353.847656, -120.585876
-246.621109, 353.847656, -155.039001
-239.472672, 346.699219, -161.929626
-253.769547, 368.144531, -148.148376
-225.175797, 368.144531, -127.476501
-203.730484, 368.144531, -99.914001
-196.582047, 375.292969, -99.914001
-175.136749, 382.441406, -99.914001
-167.988312, 389.589844, -86.132751
-139.394547, 396.738281, -93.023376
-125.097672, 411.035156, -79.242126
-110.800797, 425.332031, -65.460876
-82.207047, 425.332031, -44.789001
-75.058609, 425.332031, -24.117126
-53.613297, 403.886719, -17.226501
-53.613297, 418.183594, -17.226501
-32.167984, 425.332031, -10.335876
-3.574234, 418.183594, 10.335999
10.722641, 425.332031, 31.007843
39.316399, 432.480469, 24.117218
89.355453, 382.441406, 58.570343
110.800766, 375.292969, 99.914093
39.316399, 375.292969, 189.492249
53.613274, 332.402344, 223.945374
53.613274, 289.511719, 251.507874
82.207016, 260.917999, 265.289124
75.058578, 232.324249, 279.070374
67.910141, 196.582062, 285.960999
67.910141, 160.839874, 299.742249
60.761703, 139.394562, 313.523499
53.613274, 125.097656, 334.195374
82.207016, 89.355469, 306.632874
89.355453, 67.910156, 320.414124
117.949203, 32.167969, 320.414124
125.097656, 17.871094, 313.523499
125.097656, -10.722641, 341.085999
125.097656, -3.574203, 320.414124
146.542969, -25.019516, 306.632874
146.542969, -53.613266, 299.742249
153.691406, -89.355469, 285.960999
189.433578, -117.949219, 244.617249
210.878891, -125.097649, 237.726624
210.878891, -117.949219, 217.054749
239.472641, -125.097649, 196.382874
253.769516, -160.839844, 189.492249
246.621078, -160.839844, 155.039124
268.066406, -146.542969, 141.257843
268.066406, -160.839844, 120.585968
260.917969, -153.691406, 113.695343
282.363281, -139.394531, 134.367218
260.917969, -125.097649, 134.367218
275.214844, -132.246094, 134.367218
275.214844, -146.542969, 113.695343
275.214844, -146.542969, 120.585968
282.363281, -182.285156, 106.804718
275.214844, -160.839844, 99.914093
275.214844, -210.878906, 72.351593
253.769516, -232.324219, 51.679718
268.066406, -246.621094, 24.117218
246.621078, -268.066406, -3.445251
232.324203, -289.511719, -31.007751
210.878891, -296.660156, -79.242126
182.285156, -318.105469, -120.585876
189.433578, -296.660156, -134.367126
175.136719, -318.105469, -182.601501
160.839844, -303.808594, -217.054626
139.394531, -268.066406, -244.617188
132.246094, -239.472656, -285.960938
132.246094, -196.582031, -320.414062
139.394531, -146.542969, -341.085938
125.097656, -110.800781, -341.085938
139.394531, -53.613266, -361.757812
125.097656, -17.871078, -375.539062
110.800766, 39.316406, -354.867188
82.207016, 60.761719, -361.757812
75.058578, 96.503906, -347.976562
53.613274, 125.097656, -354.867188
32.167961, 182.285187, -327.304688
-3.574234, 203.730499, -320.414062
-3.574234, 239.472687, -279.070312
-60.761734, 268.066406, -272.179688
-82.207047, 289.511719, -237.726501
-125.097672, 325.253906, -210.164001
-125.097672, 339.550781, -182.601501
-160.839859, 360.996094, -161.929626
-182.285187, 353.847656, -134.367126
-175.136749, 368.144531, -113.695251
-182.285187, 368.144531, -99.914001
-196.582047, 375.292969, -93.023376
-189.433624, 375.292969, -93.023376
-203.730484, 382.441406, -65.460876
-203.730484, 382.441406, -58.570251
-210.878922, 382.441406, -44.789001
-210.878922, 382.441406, -51.679626
-218.027359, 382.441406, -37.898376
-225.175797, 368.144531, -44.789001
-218.027359, 375.292969, -44.789001
-210.878922, 375.292969, -44.789001
-218.027359, 360.996094, -72.351501
-218.027359, 353.847656, -99.914001
-232.324234, 325.253906, -155.039001
-189.433624, 318.105469, -175.710876
-160.839859, 289.511719, -223.945251
-117.949234, 275.214844, -258.398438
-75.058609, 203.730499, -299.742188
-32.167984, 146.542999, -313.523438
10.722641, 75.058594, -320.414062
53.613274, -3.574203, -354.867188
82.207016, -75.058594, -334.195312
96.503891, -125.097649, -306.632812
132.246094, -203.730469, -285.960938
153.691406, -260.917969, -258.398438
189.433578, -282.363281, -196.382751
210.878891, -303.808594, -120.585876
225.175766, -310.957031, -93.023376
232.324203, -303.808594, -31.007751
246.621078, -282.363281, 17.226593
232.324203, -260.917969, 72.351593
210.878891, -253.769531, 113.695343
189.433578, -239.472656, 155.039124
167.988281, -210.878906, 189.492249
146.542969, -196.582031, 210.164124
125.097656, -160.839844, 251.507874
117.949203, -132.246094, 265.289124
103.652328, -103.652344, 292.851624
75.058578, -67.910156, 299.742249
53.613274, -25.019516, 299.742249
39.316399, 3.574234, 320.414124
25.019516, 39.316406, 327.304749
-3.574234, 53.613281, 313.523499
-17.871105, 82.207031, 320.414124
-82.207047, 75.058594, 320.414124
-82.207047, 96.503906, 313.523499
-125.097672, 110.800781, 306.632874
-160.839859, 110.800781, 299.742249
-175.136749, 125.097656, 285.960999
-210.878922, 89.355469, 292.851624
-218.027359, 82.207031, 265.289124
-246.621109, 60.761719, 258.398499
-260.917999, 53.613281, 244.617249
-296.660187, 32.167969, 230.835999
-303.808624, 10.722656, 230.835999
-296.660187, 10.722656, 203.273499
-318.105499, -17.871078, 203.273499
-310.957062, -17.871078, 196.382874
-325.253906, 3.574234, 189.492249
-339.550781, -10.722641, 189.492249
-353.847656, 10.722656, 168.820374
-353.847656, 46.464844, 155.039124
-353.847656, 75.058594, 168.820374
-346.699219, 89.355469, 161.929749
-368.144531, 117.949219, 175.710999
-360.996094, 132.246094, 141.257843
-353.847656, 153.691437, 141.257843
-353.847656, 182.285187, 134.367218
-353.847656, 189.433624, 120.585968
-339.550781, 189.433624, 113.695343
-353.847656, 167.988312, 120.585968
-360.996094, 203.730499, 127.476593
-346.699219, 203.730499, 134.367218
-346.699219, 210.878937, 148.148499
-310.957062, 218.027374, 155.039124
-310.957062, 232.324249, 175.710999
-253.769547, 239.472687, 217.054749
-210.878922, 246.621124, 258.398499
-153.691422, 232.324249, 279.070374
-139.394547, 210.878937, 279.070374
-103.652359, 196.582062, 299.742249
-82.207047, 167.988312, 306.632874
-46.464859, 139.394562, 320.414124
-17.871105, 96.503906, 320.414124
3.574203, 75.058594, 334.195374
32.167961, 25.019531, 334.195374
60.761703, -10.722641, 313.523499
96.503891, -25.019516, 306.632874
96.503891, -39.316391, 306.632874
103.652328, -46.464828, 299.742249
117.949203, -60.761719, 292.851624
160.839844, -75.058594, 285.960999
175.136719, -103.652344, 258.398499
210.878891, -132.246094, 230.835999
203.730453, -132.246094, 210.164124
246.621078, -146.542969, 182.601624
246.621078, -160.839844, 175.710999
275.214844, -182.285156, 148.148499
275.214844, -167.988281, 120.585968
289.511719, -189.433594, 79.242218
289.511719, -218.027344, 37.898468
303.808594, -203.730469, 10.335999
282.363281, -225.175781, -24.117126
296.660156, -210.878906, -44.789001
289.511719, -225.175781, -51.679626
289.511719, -246.621094, -58.570251
246.621078, -253.769531, -86.132751
232.324203, -260.917969, -120.585876
182.285156, -296.660156, -182.601501
146.542969, -289.511719, -230.835876
103.652328, -282.363281, -272.179688
117.949203, -275.214844, -265.289062
89.355453, -260.917969, -279.070312
89.355453, -260.917969, -292.851562
67.910141, -246.621094, -306.632812
75.058578, -232.324219, -313.523438
46.464836, -225.175781, -320.414062
25.019516, -218.027344, -334.195312
3.574203, -218.027344, -320.414062
3.574203, -225.175781, -334.195312
-17.871105, -218.027344, -327.304688
-39.316422, -218.027344, -341.085938
-46.464859, -189.433594, -341.085938
-75.058609, -175.136719, -341.085938
-75.058609, -189.433594, -347.976562
-89.355484, -175.136719, -347.976562
-75.058609, -167.988281, -341.085938
-75.058609, -139.394531, -341.085938
-75.058609, -167.988281, -354.867188
-60.761734, -146.542969, -341.085938
17.871078, -153.691406, -347.976562
3.574203, -153.691406, -347.976562
-17.871105, -153.691406, -347.976562
-46.464859, -167.988281, -341.085938
-67.910172, -167.988281, -347.976562
-96.503922, -167.988281, -327.304688
-125.097672, -153.691406, -327.304688
-139.394547, -182.285156, -320.414062
-139.394547, -189.433594, -320.414062
-146.542984, -203.730469, -299.742188
-117.949234, -239.472656, -299.742188
-103.652359, -260.917969, -279.070312
-89.355484, -289.511719, -265.289062
-82.207047, -296.660156, -265.289062
-39.316422, -318.105469, -237.726501
-3.574234, -339.550781, -223.945251
32.167961, -353.847656, -203.273376
82.207016, -346.699219, -189.492126
60.761703, -353.847656, -168.820251
25.019516, -389.589844, -134.367126
-25.019547, -389.589844, -86.132751
-60.761734, -382.441406, -58.570251
-67.910172, -389.589844, -51.679626
-89.355484, -396.738281, -24.117126
-89.355484, -375.292969, -24.117126
-125.097672, -368.144531, -24.117126
-139.394547, -360.996094, -37.898376
-175.136749, -375.292969, -37.898376
-167.988312, -360.996094, -44.789001
-175.136749, -353.847656, -44.789001
-189.433624, -339.550781, -51.679626
-225.175797, -353.847656, -79.242126
-218.027359, -332.402344, -86.132751
-196.582047, -325.253906, -99.914001
-196.582047, -332.402344, -120.585876
-167.988312, -332.402344, -155.039001
-146.542984, -346.699219, -175.710876
-132.246109, -346.699219, -196.382751
-82.207047, -346.699219, -189.492126
-39.316422, -339.550781, -196.382751
-25.019547, -325.253906, -210.164001
3.574203, -318.105469, -244.617188
46.464836, -282.363281, -258.398438
103.652328, -253.769531, -279.070312
160.839844, -225.175781, -285.960938
175.136719, -203.730469, -265.289062
196.582016, -182.285156, -258.398438
225.175766, -167.988281, -251.507812
232.324203, -139.394531, -237.726501
275.214844, -117.949219, -237.726501
260.917969, -82.207031, -230.835876
289.511719, -53.613266, -230.835876
303.808594, -25.019516, -217.054626
296.660156, 3.574234, -189.492126
303.808594, 25.019531, -168.820251
339.550781, -10.722641, -155.039001
332.402344, -17.871078, -148.148376
339.550781, -10.722641, -134.367126
346.699219, 3.574234, -106.804626
332.402344, -60.761719, -58.570251
353.847656, -89.355469, -31.007751
346.699219, -117.949219, 10.335999
332.402344, -103.652344, 65.460968
303.808594, -146.542969, 65.460968
296.660156, -160.839844, 113.695343
253.769516, -153.691406, 141.257843
232.324203, -167.988281, 168.820374
232.324203, -160.839844, 182.601624
196.582016, -153.691406, 203.273499
167.988281, -146.542969, 237.726624
139.394531, -153.691406, 265.289124
117.949203, -110.800781, 285.960999
75.058578, -89.355469, 320.414124
46.464836, -60.761719, 313.523499
10.722641, -39.316391, 327.304749
-17.871105, -17.871078, 334.195374
-46.464859, -3.574203, 320.414124
-125.097672, 3.574234, 313.523499
-175.136749, -3.574203, 313.523499
-203.730484, 17.871094, 306.632874
-225.175797, 10.722656, 265.289124
-246.621109, 17.871094, 272.179749
-253.769547, -3.574203, 251.507874
-296.660187, 10.722656, 251.507874
-303.808624, 3.574234, 230.835999
-310.957062, -32.167953, 210.164124
-325.253906, -46.464828, 217.054749
-346.699219, -60.761719, 203.273499
-360.996094, -67.910156, 168.820374
-332.402344, -75.058594, 155.039124
-346.699219, -89.355469, 141.257843
-360.996094, -96.503906, 134.367218
-353.847656, -96.503906, 134.367218
-368.144531, -117.949219, 127.476593
-360.996094, -103.652344, 134.367218
-368.144531, -110.800781, 120.585968
-368.144531, -132.246094, 106.804718
-360.996094, -139.394531, 106.804718
-332.402344, -153.691406, 120.585968
-346.699219, -160.839844, 113.695343
-339.550781, -175.136719, 120.585968
-332.402344, -175.136719, 127.476593
-325.253906, -189.433594, 127.476593
-303.808624, -218.027344, 134.367218
-282.363312, -203.730469, 155.039124
-289.511749, -210.878906, 168.820374
-289.511749, -196.582031, 182.601624
-275.214874, -167.988281, 196.382874
-268.066437, -160.839844, 217.054749
-239.472672, -153.691406, 230.835999
-232.324234, -132.246094, 237.726624
-225.175797, -132.246094, 251.507874
-210.878922, -117.949219, 258.398499
-189.433624, -103.652344, 272.179749
-167.988312, -96.503906, 292.851624
-167.988312, -103.652344, 279.070374
-125.097672, -103.652344, 299.742249
-103.652359, -89.355469, 299.742249
-96.503922, -67.910156, 306.632874
-75.058609, -53.613266, 313.523499
-46.464859, -39.316391, 320.414124
-17.871105, -10.722641, 313.523499
25.019516, -3.574203, 306.632874
75.058578, -3.574203, 299.742249
110.800766, -10.722641, 299.742249
160.839844, -10.722641, 285.960999
189.433578, 3.574234, 292.851624
203.730453, 25.019531, 258.398499
232.324203, 17.871094, 244.617249
253.769516, 32.167969, 210.164124
282.363281, 10.722656, 210.164124
289.511719, 3.574234, 196.382874
303.808594, -3.574203, 155.039124
318.105469, -25.019516, 141.257843
332.402344, -10.722641, 127.476593
332.402344, -25.019516, 106.804718
339.550781, -25.019516, 86.132843
339.550781, -39.316391, 65.460968
346.699219, -46.464828, 44.789093
346.699219, -46.464828, 3.445374
339.550781, -75.058594, -44.789001
325.253906, -82.207031, -86.132751
318.105469, -110.800781, -127.476501
289.511719, -146.542969, -175.710876
275.214844, -167.988281, -203.273376
246.621078, -203.730469, -210.164001
203.730453, -225.175781, -223.945251
182.285156, -239.472656, -251.507812
139.394531, -225.175781, -285.960938
117.949203, -196.582031, -292.851562
96.503891, -189.433594, -299.742188
60.761703, -175.136719, -327.304688
32.167961, -139.394531, -341.085938
-3.574234, -110.800781, -347.976562
-39.316422, -96.503906, -382.429688
-60.761734, -75.058594, -382.429688
-96.503922, -82.207031, -396.210938
-125.097672, -39.316391, -375.539062
-139.394547, -17.871078, -375.539062
-167.988312, -3.574203, -375.539062
-175.136749, 32.167969, -375.539062
-203.730484, 32.167969, -354.867188
-239.472672, 46.464844, -341.085938
-246.621109, 67.910156, -327.304688
-253.769547, 75.058594, -327.304688
-275.214874, 89.355469, -313.523438
-282.363312, 96.503906, -313.523438
-310.957062, 82.207031, -299.742188
-339.550781, 96.503906, -285.960938
-332.402344, 89.355469, -272.179688
-353.847656, 103.652344, -251.507812
-360.996094, 110.800781, -244.617188
-368.144531, 96.503906, -244.617188
-368.144531, 89.355469, -244.617188
-368.144531, 89.355469, -251.507812
-375.292969, 89.355469, -251.507812
-346.699219, 75.058594, -265.289062
-325.253906, 53.613281, -272.179688
-289.511749, 53.613281, -299.742188
-296.660187, 32.167969, -341.085938
-239.472672, -3.574203, -347.976562
-182.285187, -25.019516, -375.539062
-117.949234, -53.613266, -375.539062
-32.167984, -75.058594, -382.429688
46.464836, -117.949219, -375.539062
132.246094, -125.097649, -341.085938
210.878891, -103.652344, -292.851562
268.066406, -96.503906, -251.507812
289.511719, -82.207031, -196.382751
325.253906, -46.464828, -148.148376
346.699219, -46.464828, -113.695251
339.550781, -39.316391, -72.351501
339.550781, -25.019516, -24.117126
325.253906, 3.574234, 44.789093
303.808594, 17.871094, 93.023468
289.511719, 39.316406, 127.476593
260.917969, 46.464844, 161.929749
210.878891, 67.910156, 168.820374
160.839844, 60.761719, 223.945374
110.800766, 53.613281, 244.617249
53.613274, 17.871094, 272.179749
-10.722668, -25.019516, 306.632874
-67.910172, -39.316391, 299.742249
-125.097672, -46.464828, 299.742249
-160.839859, -60.761719, 279.070374
-203.730484, -82.207031, 251.507874
-225.175797, -103.652344, 251.507874
-246.621109, -117.949219, 223.945374
-275.214874, -132.246094, 210.164124
-282.363312, -146.542969, 189.492249
-310.957062, -146.542969, 182.601624
-303.808624, -167.988281, 155.039124
-318.105499, -189.433594, 134.367218
-303.808624, -189.433594, 120.585968
-310.957062, -210.878906, 120.585968
-296.660187, -210.878906, 120.585968
-296.660187, -225.175781, 134.367218
-289.511749, -218.027344, 155.039124
-296.660187, -210.878906, 161.929749
-303.808624, -182.285156, 161.929749
-303.808624, -182.285156, 168.820374
-303.808624, -189.433594, 189.492249
-296.660187, -167.988281, 203.273499
-296.660187, -146.542969, 203.273499
-289.511749, -117.949219, 223.945374
-268.066437, -103.652344, 258.398499
-260.917999, -75.058594, 279.070374
-203.730484, -60.761719, 299.742249
-167.988312, -53.613266, 320.414124
-125.097672, -32.167953, 341.085999
-53.613297, -39.316391, 354.867249
-17.871105, -25.019516, 354.867249
39.316399, -25.019516, 341.085999
75.058578, -39.316391, 341.085999
117.949203, -53.613266, 313.523499
153.691406, -67.910156, 299.742249
196.582016, -89.355469, 272.179749
218.027328, -117.949219, 237.726624
246.621078, -110.800781, 182.601624
289.511719, -117.949219, 155.039124
303.808594, -132.246094, 127.476593
325.253906, -139.394531, 86.132843
332.402344, -132.246094, 37.898468
332.402344, -139.394531, 3.445374
332.402344, -132.246094, -31.007751
310.957031, -117.949219, -79.242126
332.402344, -117.949219, -106.804626
318.105469, -110.800781, -141.257751
318.105469, -103.652344, -148.148376
318.105469, -110.800781, -148.148376
332.402344, -103.652344, -113.695251
325.253906, -110.800781, -86.132751
332.402344, -139.394531, -44.789001
346.699219, -160.839844, 3.445374
318.105469, -167.988281, 3.445374
318.105469, -196.582031, 24.117218
318.105469, -160.839844, 51.679718
325.253906, -132.246094, 86.132843
310.957031, -103.652344, 134.367218
303.808594, -89.355469, 141.257843
310.957031, -53.613266, 161.929749
296.660156, -32.167953, 182.601624
275.214844, -10.722641, 223.945374
260.917969, -3.574203, 223.945374
246.621078, 17.871094, 244.617249
218.027328, -3.574203, 265.289124
203.730453, -3.574203, 272.179749
139.394531, -10.722641, 299.742249
110.800766, -25.019516, 327.304749
75.058578, -82.207031, 313.523499
39.316399, -96.503906, 327.304749
39.316399, -146.542969, 306.632874
25.019516, -210.878906, 272.179749
10.722641, -239.472656, 230.835999
25.019516, -268.066406, 223.945374
10.722641, -282.363281, 189.492249
-3.574234, -303.808594, 168.820374
25.019516, -325.253906, 161.929749
17.871078, -318.105469, 141.257843
46.464836, -339.550781, 134.367218
67.910141, -332.402344, 127.476593
60.761703, -318.105469, 113.695343
96.503891, -339.550781, 99.914093
125.097656, -332.402344, 120.585968
132.246094, -318.105469, 93.023468
153.691406, -303.808594, 93.023468
167.988281, -296.660156, 99.914093
189.433578, -289.511719, 106.804718
203.730453, -260.917969, 99.914093
225.175766, -246.621094, 120.585968
239.472641, -232.324219, 99.914093
260.917969, -232.324219, 86.132843
268.066406, -218.027344, 72.351593
282.363281, -210.878906, 44.789093
289.511719, -218.027344, -3.445251
303.808594, -203.730469, -24.117126
318.105469, -167.988281, -44.789001
318.105469, -153.691406, -86.132751
318.105469, -132.246094, -106.804626
310.957031, -117.949219, -148.148376
303.808594, -139.394531, -161.929626
318.105469, -117.949219, -155.039001
325.253906, -117.949219, -148.148376
332.402344, -110.800781, -127.476501
325.253906, -125.097649, -99.914001
346.699219, -139.394531, -65.460876
339.550781, -146.542969, -31.007751
318.105469, -189.433594, 10.335999
332.402344, -167.988281, 31.007843
310.957031, -146.542969, 79.242218
325.253906, -110.800781, 106.804718
318.105469, -96.503906, 113.695343
296.660156, -82.207031, 155.039124
275.214844, -53.613266, 203.273499
260.917969, -39.316391, 230.835999
225.175766, -32.167953, 244.617249
218.027328, -3.574203, 265.289124
160.839844, 17.871094, 285.960999
132.246094, 3.574234, 306.632874
103.652328, -10.722641, 299.742249
67.910141, -46.464828, 292.851624
67.910141, -67.910156, 313.523499
39.316399, -89.355469, 299.742249
32.167961, -139.394531, 299.742249
39.316399, -175.136719, 265.289124
32.167961, -189.433594, 258.398499
39.316399, -210.878906, 244.617249
32.167961, -210.878906, 230.835999
46.464836, -218.027344, 230.835999
32.167961, -218.027344, 210.164124
60.761703, -232.324219, 210.164124
75.058578, -239.472656, 217.054749
103.652328, -239.472656, 196.382874
110.800766, -246.621094, 189.492249
125.097656, -253.769531, 175.710999
146.542969, -253.769531, 148.148499
167.988281, -246.621094, 134.367218
175.136719, -268.066406, 120.585968
203.730453, -268.066406, 79.242218
218.027328, -260.917969, 58.570343
232.324203, -260.917969, 44.789093
253.769516, -260.917969, -3.445251
260.917969, -253.769531, -31.007751
268.066406, -239.472656, -58.570251
282.363281, -232.324219, -65.460876
275.214844, -196.582031, -99.914001
275.214844, -210.878906, -120.585876
268.066406, -189.433594, -148.148376
253.769516, -189.433594, -175.710876
275.214844, -182.285156, -168.820251
260.917969, -167.988281, -175.710876
289.511719, -189.433594, -168.820251
268.066406, -175.136719, -141.257751
289.511719, -175.136719, -134.367126
289.511719, -167.988281, -134.367126
289.511719, -167.988281, -134.367126
282.363281, -182.285156, -113.695251
289.511719, -196.582031, -93.023376
296.660156, -196.582031, -51.679626
282.363281, -225.175781, -3.445251
260.917969, -218.027344, 37.898468
232.324203, -246.621094, 51.679718
232.324203, -239.472656, 86.132843
218.027328, -246.621094, 106.804718
203.730453, -239.472656, 113.695343
196.582016, -246.621094, 127.476593
196.582016, -239.472656, 106.804718
203.730453, -239.472656, 127.476593
203.730453, -232.324219, 134.367218
210.878891, -210.878906, 141.257843
218.027328, -196.582031, 127.476593
225.175766, -182.285156, 141.257843
239.472641, -182.285156, 134.367218
232.324203, -153.691406, 120.585968
253.769516, -125.097649, 120.585968
282.363281, -110.800781, 120.585968
268.066406, -96.503906, 127.476593
296.660156, -110.800781, 134.367218
275.214844, -110.800781, 120.585968
275.214844, -132.246094, 106.804718
275.214844, -110.800781, 106.804718
282.363281, -132.246094, 106.804718
268.066406, -125.097649, 99.914093
275.214844, -139.394531, 106.804718
282.363281, -117.949219, 106.804718
282.363281, -132.246094, 106.804718
275.214844, -139.394531, 86.132843
296.660156, -110.800781, 93.023468
282.363281, -117.949219, 79.242218
275.214844, -117.949219, 79.242218
289.511719, -125.097649, 72.351593
282.363281, -132.246094, 86.132843
289.511719, -139.394531, 58.570343
275.214844, -146.542969, 79.242218
253.769516, -139.394531, 99.914093
260.917969, -146.542969, 113.695343
268.066406, -153.691406, 93.023468
268.066406, -146.542969, 113.695343
260.917969, -139.394531, 127.476593
260.917969, -139.394531, 134.367218
253.769516, -125.097649, 134.367218
246.621078, -117.949219, 127.476593
260.917969, -117.949219, 113.695343
268.066406, -110.800781, 99.914093
260.917969, -117.949219, 99.914093
268.066406, -103.652344, 113.695343
275.214844, -117.949219, 113.695343
260.917969, -117.949219, 99.914093
268.066406, -125.097649, 99.914093
282.363281, -125.097649, 86.132843
268.066406, -139.394531, 93.023468
275.214844, -117.949219, 86.132843
268.066406, -125.097649, 93.023468
260.917969, -125.097649, 99.914093
260.917969, -139.394531, 120.585968
253.769516, -132.246094, 127.476593
246.621078, -125.097649, 148.148499
239.472641, -125.097649, 155.039124
232.324203, -132.246094, 161.929749
218.027328, -139.394531, 168.820374
203.730453, -132.246094, 196.382874
189.433578, -146.542969, 196.382874
167.988281, -146.542969, 217.054749
153.691406, -139.394531, 223.945374
117.949203, -132.246094, 237.726624
110.800766, -117.949219, 258.398499
89.355453, -82.207031, 285.960999
75.058578, -39.316391, 299.742249
110.800766, -10.722641, 292.851624
117.949203, 39.316406, 299.742249
139.394531, 75.058594, 306.632874
167.988281, 110.800781, 292.851624
182.285156, 153.691437, 285.960999
203.730453, 160.839874, 285.960999
239.472641, 153.691437, 258.398499
232.324203, 146.542999, 251.507874
246.621078, 139.394562, 237.726624
275.214844, 103.652344, 203.273499
289.511719, 96.503906, 203.273499
303.808594, 67.910156, 182.601624
318.105469, 39.316406, 148.148499
353.847656, 10.722656, 120.585968
346.699219, -32.167953, 72.351593
360.996094, -53.613266, 17.226593
360.996094, -96.503906, -10.335876
339.550781, -110.800781, -79.242126
296.660156, -146.542969, -155.039001
253.769516, -175.136719, -189.492126
210.878891, -196.582031, -230.835876
167.988281, -182.285156, -258.398438
132.246094, -167.988281, -299.742188
125.097656, -146.542969, -320.414062
103.652328, -110.800781, -341.085938
103.652328, -110.800781, -354.867188
110.800766, -96.503906, -347.976562
117.949203, -75.058594, -341.085938
103.652328, -75.058594, -341.085938
67.910141, -53.613266, -354.867188
67.910141, -67.910156, -361.757812
75.058578, -60.761719, -361.757812
67.910141, -67.910156, -361.757812
82.207016, -89.355469, -347.976562
103.652328, -110.800781, -347.976562
125.097656, -132.246094, -334.195312
160.839844, -160.839844, -292.851562
182.285156, -196.582031, -279.070312
239.472641, -189.433594, -230.835876
275.214844, -182.285156, -175.710876
310.957031, -175.136719, -127.476501
325.253906, -160.839844, -79.242126
339.550781, -146.542969, -31.007751
325.253906, -146.542969, 24.117218
318.105469, -110.800781, 72.351593
318.105469, -75.058594, 120.585968
296.660156, -39.316391, 175.710999
268.066406, -17.871078, 189.492249
246.621078, -3.574203, 217.054749
210.878891, 39.316406, 251.507874
189.433578, 32.167969, 272.179749
139.394531, 53.613281, 299.742249
110.800766, 46.464844, 327.304749
67.910141, 53.613281, 306.632874
17.871078, 32.167969, 334.195374
-17.871105, 17.871094, 347.976624
-67.910172, 10.722656, 334.195374
-96.503922, 10.722656, 327.304749
-125.097672, -3.574203, 320.414124
-175.136749, -25.019516, 306.632874
-196.582047, -32.167953, 306.632874
-203.730484, -53.613266, 292.851624
-225.175797, -46.464828, 272.179749
-246.621109, -75.058594, 272.179749
-260.917999, -89.355469, 251.507874
-268.066437, -89.355469, 258.398499
-282.363312, -89.355469, 223.945374
-275.214874, -96.503906, 244.617249
-275.214874, -75.058594, 244.617249
-282.363312, -82.207031, 244.617249
-275.214874, -82.207031, 244.617249
-253.769547, -46.464828, 258.398499
-253.769547, -53.613266, 251.507874
-218.027359, -53.613266, 272.179749
-225.175797, -53.613266, 279.070374
-196.582047, -53.613266, 299.742249
-153.691422, -67.910156, 313.523499
-110.800797, -46.464828, 313.523499
-60.761734, -67.910156, 313.523499
-10.722668, -60.761719, 320.414124
10.722641, -67.910156, 320.414124
82.207016, -53.613266, 306.632874
132.246094, -53.613266, 292.851624
160.839844, -32.167953, 279.070374
182.285156, -39.316391, 251.507874
239.472641, -46.464828, 223.945374
268.066406, -60.761719, 203.273499
275.214844, -82.207031, 168.820374
296.660156, -96.503906, 134.367218
325.253906, -103.652344, 99.914093
318.105469, -125.097649, 79.242218
318.105469, -153.691406, 37.898468
318.105469, -153.691406, -3.445251
303.808594, -203.730469, -58.570251
275.214844, -218.027344, -113.695251
253.769516, -218.027344, -168.820251
246.621078, -232.324219, -196.382751
203.730453, -218.027344, -244.617188
189.433578, -225.175781, -272.179688
146.542969, -225.175781, -306.632812
146.542969, -203.730469, -313.523438
103.652328, -210.878906, -334.195312
89.355453, -218.027344, -354.867188
82.207016, -182.285156, -347.976562
67.910141, -189.433594, -368.648438
67.910141, -167.988281, -368.648438
46.464836, -175.136719, -375.539062
53.613274, -153.691406, -368.648438
46.464836, -160.839844, -361.757812
67.910141, -153.691406, -368.648438
75.058578, -146.542969, -354.867188
96.503891, -175.136719, -341.085938
110.800766, -182.285156, -313.523438
132.246094, -189.433594, -306.632812
167.988281, -189.433594, -306.632812
210.878891, -189.433594, -265.289062
246.621078, -203.730469, -230.835876
275.214844, -167.988281, -189.492126
310.957031, -139.394531, -155.039001
325.253906, -96.503906, -106.804626
332.402344, -110.800781, -86.132751
346.699219, -110.800781, -51.679626
339.550781, -96.503906, -37.898376
353.847656, -89.355469, -10.335876
346.699219, -60.761719, 10.335999
339.550781, -32.167953, 37.898468
339.550781, -3.574203, 72.351593
325.253906, 25.019531, 93.023468
296.660156, 46.464844, 113.695343
303.808594, 89.355469, 120.585968
268.066406, 89.355469, 155.039124
253.769516, 117.949219, 182.601624
246.621078, 125.097656, 189.492249
225.175766, 132.246094, 196.382874
203.730453, 146.542999, 217.054749
189.433578, 153.691437, 230.835999
146.542969, 175.136749, 237.726624
153.691406, 167.988312, 258.398499
125.097656, 153.691437, 265.289124
125.097656, 146.542999, 272.179749
103.652328, 146.542999, 279.070374
103.652328, 146.542999, 279.070374
75.058578, 146.542999, 292.851624
60.761703, 139.394562, 306.632874
39.316399, 139.394562, 306.632874
17.871078, 160.839874, 313.523499
25.019516, 132.246094, 313.523499
25.019516, 146.542999, 313.523499
32.167961, 146.542999, 306.632874
39.316399, 132.246094, 306.632874
25.019516, 117.949219, 313.523499
39.316399, 125.097656, 320.414124
53.613274, 125.097656, 313.523499
67.910141, 146.542999, 306.632874
67.910141, 132.246094, 306.632874
75.058578, 110.800781, 313.523499
82.207016, 110.800781, 306.632874
110.800766, 110.800781, 306.632874
103.652328, 125.097656, 299.742249
125.097656, 132.246094, 299.742249
117.949203, 117.949219, 306.632874
139.394531, 117.949219, 306.632874
125.097656, 103.652344, 292.851624
132.246094, 103.652344, 292.851624
160.839844, 110.800781, 285.960999
153.691406, 103.652344, 285.960999
153.691406, 89.355469, 285.960999
175.136719, 82.207031, 272.179749
189.433578, 75.058594, 272.179749
210.878891, 46.464844, 258.398499
225.175766, 25.019531, 230.835999
246.621078, 17.871094, 210.164124
268.066406, 10.722656, 203.273499
296.660156, 3.574234, 168.820374
303.808594, -17.871078, 148.148499
332.402344, -32.167953, 120.585968
339.550781, -60.761719, 106.804718
332.402344, -60.761719, 86.132843
325.253906, -60.761719, 65.460968
332.402344, -60.761719, 72.351593
346.699219, -53.613266, 93.023468
332.402344, -60.761719, 79.242218
318.105469, -53.613266, 86.132843
339.550781, -39.316391, 120.585968
310.957031, -25.019516, 127.476593
296.660156, -3.574203, 155.039124
289.511719, -3.574203, 168.820374
253.769516, -3.574203, 196.382874
232.324203, 10.722656, 237.726624
196.582016, 32.167969, 265.289124
153.691406, 53.613281, 285.960999
132.246094, 46.464844, 292.851624
110.800766, 53.613281, 292.851624
117.949203, 32.167969, 327.304749
96.503891, 46.464844, 299.742249
103.652328, 39.316406, 306.632874
103.652328, 3.574234, 299.742249
117.949203, -25.019516, 299.742249
139.394531, -60.761719, 299.742249
167.988281, -103.652344, 272.179749
175.136719, -125.097649, 217.054749
189.433578, -167.988281, 182.601624
196.582016, -203.730469, 141.257843
203.730453, -239.472656, 113.695343
218.027328, -253.769531, 79.242218
203.730453, -260.917969, 44.789093
210.878891, -253.769531, 17.226593
189.433578, -268.066406, 3.445374
189.433578, -275.214844, -31.007751
175.136719, -296.660156, -72.351501
196.582016, -303.808594, -86.132751
182.285156, -318.105469, -113.695251
167.988281, -318.105469, -113.695251
182.285156, -310.957031, -120.585876
160.839844, -318.105469, -155.039001
139.394531, -310.957031, -189.492126
132.246094, -325.253906, -203.273376
132.246094, -325.253906, -223.945251
117.949203, -310.957031, -251.507812
103.652328, -275.214844, -272.179688
89.355453, -282.363281, -299.742188
96.503891, -239.472656, -313.523438
146.542969, -160.839844, -313.523438
110.800766, -125.097649, -341.085938
75.058578, -117.949219, -354.867188
53.613274, -103.652344, -375.539062
39.316399, -67.910156, -389.320312
25.019516, -53.613266, -382.429688
-3.574234, -32.167953, -375.539062
-39.316422, -17.871078, -382.429688
-67.910172, 17.871094, -368.648438
-82.207047, 10.722656, -382.429688
-110.800797, 17.871094, -375.539062
-132.246109, 39.316406, -382.429688
-160.839859, 53.613281, -361.757812
-182.285187, 67.910156, -334.195312
-210.878922, 89.355469, -327.304688
-253.769547, 89.355469, -313.523438
-275.214874, 110.800781, -279.070312
-296.660187, 132.246094, -279.070312
-310.957062, 132.246094, -258.398438
-303.808624, 132.246094, -237.726501
-310.957062, 125.097656, -244.617188
-310.957062, 132.246094, -230.835876
-310.957062, 146.542999, -244.617188
-325.253906, 125.097656, -272.179688
-268.066437, 117.949219, -299.742188
-232.324234, 89.355469, -327.304688
-182.285187, 53.613281, -327.304688
-96.503922, 25.019531, -382.429688
-32.167984, -32.167953, -361.757812
67.910141, -75.058594, -361.757812
139.394531, -117.949219, -341.085938
196.582016, -139.394531, -285.960938
253.769516, -160.839844, -223.945251
275.214844, -196.582031, -148.148376
289.511719, -210.878906, -93.023376
310.957031, -203.730469, -44.789001
282.363281, -210.878906, 17.226593
289.511719, -218.027344, 51.679718
260.917969, -225.175781, 72.351593
268.066406, -189.433594, 106.804718
239.472641, -175.136719, 141.257843
218.027328, -189.433594, 161.929749
225.175766, -160.839844, 189.492249
196.582016, -167.988281, 203.273499
182.285156, -153.691406, 217.054749
167.988281, -153.691406, 223.945374
153.691406, -146.542969, 237.726624
146.542969, -167.988281, 237.726624
125.097656, -167.988281, 251.507874
125.097656, -160.839844, 251.507874
132.246094, -167.988281, 244.617249
125.097656, -160.839844, 244.617249
125.097656, -175.136719, 230.835999
125.097656, -153.691406, 244.617249
139.394531, -160.839844, 244.617249
139.394531, -175.136719, 244.617249
160.839844, -153.691406, 244.617249
175.136719, -160.839844, 237.726624
153.691406, -160.839844, 244.617249
175.136719, -146.542969, 244.617249
146.542969, -139.394531, 258.398499
160.839844, -110.800781, 265.289124
153.691406, -110.800781, 285.960999
132.246094, -96.503906, 279.070374
125.097656, -96.503906, 279.070374
125.097656, -60.761719, 285.960999
103.652328, -46.464828, 299.742249
96.503891, -10.722641, 306.632874
96.503891, 10.722656, 313.523499
89.355453, 32.167969, 320.414124
96.503891, 39.316406, 320.414124
82.207016, 75.058594, 306.632874
89.355453, 75.058594, 320.414124
89.355453, 96.503906, 320.414124
82.207016, 117.949219, 313.523499
82.207016, 110.800781, 313.523499
82.207016, 139.394562, 299.742249
82.207016, 139.394562, 313.523499
82.207016, 132.246094, 327.304749
82.207016, 146.542999, 327.304749
75.058578, 146.542999, 313.523499
82.207016, 153.691437, 320.414124
82.207016, 153.691437, 306.632874
89.355453, 146.542999, 320.414124
67.910141, 146.542999, 320.414124
75.058578, 139.394562, 313.523499
75.058578, 146.542999, 320.414124
67.910141, 132.246094, 320.414124
75.058578, 132.246094, 320.414124
67.910141, 132.246094, 320.414124
75.058578, 139.394562, 313.523499
103.652328, 182.285187, 292.851624
89.355453, 182.285187, 285.960999
96.503891, 175.136749, 292.851624
110.800766, 189.433624, 285.960999
96.503891, 189.433624, 292.851624
103.652328, 175.136749, 292.851624
89.355453, 182.285187, 299.742249
96.503891, 175.136749, 299.742249
89.355453, 175.136749, 306.632874
89.355453, 160.839874, 299.742249
96.503891, 146.542999, 306.632874
110.800766, 139.394562, 299.742249
110.800766, 146.542999, 313.523499
96.503891, 146.542999, 306.632874
96.503891, 132.246094, 313.523499
110.800766, 110.800781, 313.523499
125.097656, 103.652344, 313.523499
117.949203, 89.355469, 313.523499
110.800766, 75.058594, 292.851624
117.949203, 82.207031, 313.523499
117.949203, 46.464844, 306.632874
125.097656, 75.058594, 306.632874
103.652328, 46.464844, 320.414124
117.949203, 60.761719, 313.523499
96.503891, 32.167969, 327.304749
96.503891, 46.464844, 327.304749
103.652328, 25.019531, 341.085999
117.949203, 25.019531, 347.976624
103.652328, 25.019531, 361.757874
96.503891, 17.871094, 347.976624
103.652328, 17.871094, 347.976624
82.207016, 17.871094, 334.195374
75.058578, 10.722656, 334.195374
82.207016, 25.019531, 341.085999
96.503891, 25.019531, 341.085999
75.058578, 32.167969, 341.085999
96.503891, 39.316406, 334.195374
82.207016, 39.316406, 320.414124
82.207016, 67.910156, 320.414124
67.910141, 60.761719, 320.414124
75.058578, 75.058594, 299.742249
75.058578, 75.058594, 306.632874
89.355453, 96.503906, 299.742249
75.058578, 89.355469, 299.742249
89.355453, 75.058594, 306.632874
67.910141, 67.910156, 306.632874
103.652328, 82.207031, 299.742249
89.355453, 75.058594, 299.742249
82.207016, 89.355469, 313.523499
82.207016, 82.207031, 313.523499
82.207016, 82.207031, 292.851624
96.503891, 82.207031, 313.523499
89.355453, 89.355469, 292.851624
82.207016, 75.058594, 313.523499
89.355453, 75.058594, 306.632874
89.355453, 75.058594, 306.632874
96.503891, 82.207031, 306.632874
75.058578, 75.058594, 306.632874
82.207016, 75.058594, 313.523499
96.503891, 75.058594, 292.851624
82.207016, 89.355469, 306.632874
96.503891, 75.058594, 306.632874
82.207016, 67.910156, 306.632874
103.652328, 75.058594, 306.632874
82.207016, 67.910156, 292.851624
96.503891, 82.207031, 306.632874
103.652328, 89.355469, 299.742249
96.503891, 89.355469, 306.632874
96.503891, 89.355469, 313.523499
96.503891, 75.058594, 306.632874
96.503891, 60.761719, 313.523499
96.503891, 60.761719, 292.851624
96.503891, 60.761719, 306.632874
96.503891, 82.207031, 313.523499
82.207016, 96.503906, 299.742249
82.207016, 82.207031, 313.523499
82.207016, 89.355469, 320.414124
75.058578, 82.207031, 306.632874
82.207016, 82.207031, 292.851624
82.207016, 89.355469, 313.523499
67.910141, 75.058594, 299.742249
53.613274, 82.207031, 299.742249
46.464836, 67.910156, 306.632874
25.019516, 53.613281, 313.523499
10.722641, 60.761719, 313.523499
-3.574234, 46.464844, 313.523499
-25.019547, 39.316406, 313.523499
-17.871105, 32.167969, 306.632874
-10.722668, 3.574234, 327.304749
-3.574234, 3.574234, 320.414124
-3.574234, -3.574203, 306.632874
32.167961, -32.167953, 306.632874
53.613274, -46.464828, 306.632874
96.503891, -60.761719, 292.851624
96.503891, -96.503906, 265.289124
117.949203, -117.949219, 272.179749
132.246094, -125.097649, 244.617249
139.394531, -132.246094, 223.945374
167.988281, -146.542969, 230.835999
196.582016, -153.691406, 189.492249
196.582016, -182.285156, 155.039124
225.175766, -232.324219, 113.695343
210.878891, -260.917969, 37.898468
196.582016, -310.957031, -31.007751
167.988281, -318.105469, -113.695251
125.097656, -325.253906, -182.601501
46.464836, -318.105469, -251.507812
3.574203, -289.511719, -292.851562
-25.019547, -282.363281, -320.414062
-53.613297, -275.214844, -334.195312
-60.761734, -253.769531, -327.304688
-75.058609, -253.769531, -341.085938
-110.800797, -232.324219, -347.976562
-132.246109, -225.175781, -361.757812
-146.542984, -175.136719, -375.539062
-146.542984, -182.285156, -347.976562
-132.246109, -175.136719, -354.867188
-110.800797, -210.878906, -341.085938
-103.652359, -210.878906, -341.085938
-53.613297, -246.621094, -306.632812
-10.722668, -296.660156, -265.289062
46.464836, -332.402344, -230.835876
110.800766, -353.847656, -148.148376
175.136719, -339.550781, -79.242126
210.878891, -303.808594, 31.007843
196.582016, -260.917969, 93.023468
203.730453, -203.730469, 161.929749
210.878891, -146.542969, 217.054749
182.285156, -82.207031, 251.507874
139.394531, -32.167953, 279.070374
110.800766, 10.722656, 313.523499
53.613274, 39.316406, 327.304749
32.167961, 67.910156, 347.976624
-32.167984, 82.207031, 334.195374
-75.058609, 103.652344, 334.195374
-117.949234, 132.246094, 327.304749
-160.839859, 160.839874, 313.523499
-189.433624, 182.285187, 299.742249
-189.433624, 196.582062, 306.632874
-203.730484, 218.027374, 292.851624
-225.175797, 225.175812, 272.179749
-253.769547, 232.324249, 258.398499
-260.917999, 253.769562, 230.835999
-289.511749, 218.027374, 244.617249
-296.660187, 225.175812, 223.945374
-303.808624, 218.027374, 230.835999
-303.808624, 225.175812, 217.054749
-310.957062, 232.324249, 210.164124
-303.808624, 232.324249, 217.054749
-296.660187, 246.621124, 189.492249
-303.808624, 268.066406, 161.929749
-318.105499, 303.808594, 127.476593
-296.660187, 303.808594, 113.695343
-275.214874, 325.253906, 99.914093
-268.066437, 339.550781, 72.351593
-268.066437, 332.402344, 44.789093
-268.066437, 339.550781, 86.132843
-275.214874, 310.957031, 141.257843
-275.214874, 303.808594, 155.039124
-260.917999, 289.511719, 175.710999
-232.324234, 268.066406, 223.945374
-203.730484, 232.324249, 251.507874
-182.285187, 203.730499, 265.289124
-132.246109, 167.988312, 292.851624
-117.949234, 139.394562, 313.523499
-89.355484, 96.503906, 327.304749
-67.910172, 53.613281, 334.195374
-32.167984, 17.871094, 341.085999
17.871078, -3.574203, 327.304749
67.910141, -46.464828, 320.414124
89.355453, -75.058594, 306.632874
110.800766, -125.097649, 272.179749
139.394531, -125.097649, 251.507874
167.988281, -146.542969, 237.726624
189.433578, -167.988281, 203.273499
203.730453, -203.730469, 161.929749
239.472641, -210.878906, 120.585968
260.917969, -232.324219, 72.351593
268.066406, -232.324219, 24.117218
275.214844, -232.324219, -37.898376
275.214844, -232.324219, -99.914001
260.917969, -225.175781, -161.929626
239.472641, -225.175781, -203.273376
196.582016, -218.027344, -237.726501
189.433578, -225.175781, -272.179688
167.988281, -218.027344, -306.632812
132.246094, -196.582031, -327.304688
117.949203, -153.691406, -347.976562
82.207016, -160.839844, -361.757812
89.355453, -110.800781, -368.648438
46.464836, -89.355469, -389.320312
32.167961, -53.613266, -375.539062
39.316399, -32.167953, -389.320312
46.464836, 10.722656, -389.320312
25.019516, 25.019531, -396.210938
3.574203, 46.464844, -375.539062
-10.722668, 60.761719, -368.648438
-17.871105, 67.910156, -368.648438
-32.167984, 60.761719, -375.539062
-53.613297, 60.761719, -354.867188
-67.910172, 53.613281, -375.539062
-67.910172, 46.464844, -368.648438
-75.058609, 46.464844, -368.648438
-67.910172, 32.167969, -361.757812
-103.652359, 46.464844, -382.429688
-110.800797, 32.167969, -375.539062
-110.800797, 46.464844, -368.648438
-117.949234, 53.613281, -375.539062
-125.097672, 75.058594, -354.867188
-117.949234, 75.058594, -368.648438
-153.691422, 60.761719, -354.867188
-175.136749, 82.207031, -341.085938
-196.582047, 89.355469, -341.085938
-210.878922, 89.355469, -327.304688
-218.027359, 103.652344, -313.523438
-232.324234, 89.355469, -299.742188
-260.917999, 82.207031, -292.851562
-246.621109, 103.652344, -292.851562
-253.769547, 82.207031, -292.851562
-253.769547, 67.910156, -299.742188
-225.175797, 46.464844, -306.632812
-203.730484, 39.316406, -334.195312
-160.839859, 25.019531, -347.976562
-117.949234, 17.871094, -361.757812
-46.464859, -3.574203, -375.539062
32.167961, -17.871078, -368.648438
103.652328, -17.871078, -354.867188
160.839844, -17.871078, -334.195312
232.324203, -17.871078, -299.742188
268.066406, -32.167953, -244.617188
303.808594, -39.316391, -189.492126
325.253906, -53.613266, -134.367126
339.550781, -75.058594, -99.914001
353.847656, -75.058594, -58.570251
339.550781, -82.207031, -24.117126
339.550781, -89.355469, 31.007843
339.550781, -89.355469, 51.679718
325.253906, -110.800781, 93.023468
289.511719, -146.542969, 106.804718
282.363281, -153.691406, 113.695343
260.917969, -125.097649, 141.257843
260.917969, -96.503906, 196.382874
246.621078, -96.503906, 223.945374
225.175766, -60.761719, 265.289124
203.730453, -67.910156, 258.398499
189.433578, -39.316391, 292.851624
160.839844, -46.464828, 279.070374
125.097656, -53.613266, 306.632874
82.207016, -60.761719, 334.195374
32.167961, -60.761719, 341.085999
-3.574234, -67.910156, 341.085999
-82.207047, -110.800781, 347.976624
-132.246109, -125.097649, 299.742249
-175.136749, -153.691406, 279.070374
-225.175797, -182.285156, 223.945374
-260.917999, -218.027344, 189.492249
-268.066437, -210.878906, 168.820374
-282.363312, -246.621094, 134.367218
-275.214874, -246.621094, 134.367218
-268.066437, -268.066406, 106.804718
-275.214874, -253.769531, 99.914093
-275.214874, -275.214844, 86.132843
-275.214874, -282.363281, 65.460968
-289.511749, -275.214844, 65.460968
-275.214874, -268.066406, 86.132843
-310.957062, -246.621094, 79.242218
-339.550781, -196.582031, 93.023468
-360.996094, -167.988281, 106.804718
-375.292969, -153.691406, 127.476593
-353.847656, -125.097649, 127.476593
-346.699219, -125.097649, 148.148499
-310.957062, -117.949219, 203.273499
-296.660187, -103.652344, 244.617249
-239.472672, -110.800781, 258.398499
-182.285187, -103.652344, 279.070374
-103.652359, -125.097649, 313.523499
-46.464859, -117.949219, 306.632874
25.019516, -146.542969, 299.742249
75.058578, -139.394531, 272.179749
139.394531, -146.542969, 237.726624
167.988281, -153.691406, 210.164124
225.175766, -153.691406, 175.710999
268.066406, -160.839844, 120.585968
275.214844, -146.542969, 79.242218
296.660156, -146.542969, 65.460968
303.808594, -132.246094, 65.460968
303.808594, -117.949219, 72.351593
303.808594, -110.800781, 86.132843
310.957031, -96.503906, 93.023468
289.511719, -96.503906, 127.476593
289.511719, -96.503906, 134.367218
296.660156, -96.503906, 161.929749
282.363281, -82.207031, 155.039124
289.511719, -103.652344, 175.710999
268.066406, -89.355469, 175.710999
268.066406, -103.652344, 168.820374
275.214844, -125.097649, 161.929749
260.917969, -132.246094, 168.820374
260.917969, -146.542969, 120.585968
275.214844, -175.136719, 93.023468
289.511719, -182.285156, 65.460968
310.957031, -182.285156, 17.226593
296.660156, -189.433594, -31.007751
296.660156, -167.988281, -79.242126
325.253906, -153.691406, -72.351501
296.660156, -175.136719, -72.351501
318.105469, -167.988281, -51.679626
296.660156, -196.582031, -17.226501
296.660156, -225.175781, -24.117126
303.808594, -203.730469, -3.445251
296.660156, -218.027344, -10.335876
296.660156, -232.324219, 3.445374
289.511719, -210.878906, 24.117218
296.660156, -218.027344, 31.007843
282.363281, -182.285156, 58.570343
289.511719, -167.988281, 86.132843
303.808594, -146.542969, 113.695343
303.808594, -117.949219, 141.257843
303.808594, -96.503906, 120.585968
296.660156, -75.058594, 141.257843
310.957031, -32.167953, 175.710999
303.808594, 17.871094, 175.710999
296.660156, 60.761719, 189.492249
268.066406, 117.949219, 203.273499
246.621078, 182.285187, 210.164124
246.621078, 218.027374, 230.835999
225.175766, 253.769562, 217.054749
189.433578, 318.105469, 189.492249
146.542969, 346.699219, 189.492249
117.949203, 375.292969, 175.710999
60.761703, 411.035156, 155.039124
10.722641, 418.183594, 127.476593
-17.871105, 418.183594, 106.804718
-32.167984, 432.480469, 93.023468
-60.761734, 411.035156, 99.914093
-103.652359, 411.035156, 106.804718
-110.800797, 418.183594, 106.804718
-125.097672, 411.035156, 99.914093
-110.800797, 411.035156, 72.351593
-103.652359, 425.332031, 58.570343
-125.097672, 425.332031, 44.789093
-146.542984, 418.183594, 31.007843
-167.988312, 411.035156, 17.226593
-182.285187, 396.738281, -10.335876
-182.285187, 389.589844, -37.898376
-203.730484, 382.441406, -44.789001
-196.582047, 375.292969, -79.242126
-203.730484, 375.292969, -99.914001
-196.582047, 353.847656, -99.914001
-218.027359, 346.699219, -120.585876
-225.175797, 346.699219, -141.257751
-203.730484, 332.402344, -155.039001
-218.027359, 332.402344, -175.710876
-225.175797, 310.957031, -196.382751
-260.917999, 282.363281, -203.273376
-268.066437, 232.324249, -189.492126
-275.214874, 196.582062, -237.726501
-282.363312, 182.285187, -258.398438
-296.660187, 146.542999, -258.398438
-303.808624, 117.949219, -251.507812
-310.957062, 89.355469, -237.726501
-325.253906, 60.761719, -272.179688
-310.957062, 46.464844, -279.070312
-303.808624, 32.167969, -285.960938
-296.660187, 3.574234, -272.179688
-296.660187, -17.871078, -279.070312
-289.511749, -17.871078, -299.742188
-289.511749, -3.574203, -306.632812
-296.660187, 3.574234, -299.742188
-310.957062, 32.167969, -285.960938
-296.660187, 82.207031, -285.960938
-310.957062, 139.394562, -272.179688
-296.660187, 189.433624, -251.507812
-289.511749, 239.472687, -196.382751
-253.769547, 310.957031, -161.929626
-218.027359, 360.996094, -113.695251
-175.136749, 396.738281, -51.679626
-67.910172, -246.621094, 527.132874
-75.058609, 418.183594, 17.226593
-60.761734, 403.886719, 65.460968
-32.167984, 411.035156, 99.914093
-25.019547, 382.441406, 127.476593
39.316399, 375.292969, 168.820374
53.613274, 353.847656, 196.382874
82.207016, 339.550781, 217.054749
110.800766, 282.363281, 244.617249
125.097656, 246.621124, 258.398499
153.691406, 175.136749, 292.851624
167.988281, 125.097656, 299.742249
196.582016, 60.761719, 258.398499
239.472641, -17.871078, 251.507874
239.472641, -96.503906, 217.054749
253.769516, -125.097649, 175.710999
275.214844, -167.988281, 134.367218
275.214844, -203.730469, 93.023468
282.363281, -218.027344, 58.570343
260.917969, -232.324219, 24.117218
260.917969, -260.917969, -10.335876
253.769516, -282.363281, -31.007751
218.027328, -296.660156, -65.460876
210.878891, -289.511719, -113.695251
218.027328, -275.214844, -148.148376
218.027328, -260.917969, -175.710876
253.769516, -182.285156, -196.382751
260.917969, -160.839844, -223.945251
289.511719, -110.800781, -203.273376
296.660156, -117.949219, -210.164001
296.660156, -96.503906, -203.273376
296.660156, -89.355469, -210.164001
310.957031, -96.503906, -196.382751
318.105469, -89.355469, -175.710876
325.253906, -75.058594, -161.929626
339.550781, -67.910156, -127.476501
353.847656, -67.910156, -99.914001
353.847656, -75.058594, -79.242126
368.144531, -75.058594, -17.226501
353.847656, -46.464828, 10.335999
325.253906, -53.613266, 58.570343
310.957031, -39.316391, 106.804718
303.808594, -25.019516, 168.820374
268.066406, -53.613266, 203.273499
218.027328, -53.613266, 237.726624
196.582016, -39.316391, 265.289124
146.542969, -17.871078, 299.742249
103.652328, -3.574203, 327.304749
60.761703, 17.871094, 347.976624
32.167961, 17.871094, 347.976624
-3.574234, 3.574234, 347.976624
-39.316422, 17.871094, 341.085999
-60.761734, -3.574203, 354.867249
-60.761734, -3.574203, 341.085999
-82.207047, -32.167953, 341.085999
-89.355484, -46.464828, 334.195374
-96.503922, -39.316391, 327.304749
-82.207047, -60.761719, 334.195374
-46.464859, -75.058594, 306.632874
-17.871105, -110.800781, 306.632874
25.019516, -132.246094, 292.851624
82.207016, -182.285156, 258.398499
153.691406, -203.730469, 203.273499
218.027328, -239.472656, 134.367218
232.324203, -253.769531, 51.679718
260.917969, -246.621094, -17.226501
260.917969, -260.917969, -51.679626
246.621078, -275.214844, -65.460876
210.878891, -289.511719, -86.132751
232.324203, -289.511719, -86.132751
239.472641, -268.066406, -72.351501
260.917969, -268.066406, -17.226501
260.917969, -260.917969, 24.117218
275.214844, -225.175781, 79.242218
253.769516, -182.285156, 127.476593
239.472641, -153.691406, 189.492249
189.433578, -103.652344, 258.398499
132.246094, -32.167953, 306.632874
75.058578, 3.574234, 327.304749
46.464836, 39.316406, 341.085999
-3.574234, 17.871094, 320.414124
3.574203, 3.574234, 341.085999
-10.722668, -10.722641, 334.195374
-25.019547, -25.019516, 327.304749
-25.019547, -46.464828, 341.085999
-3.574234, -53.613266, 327.304749
10.722641, -67.910156, 313.523499
32.167961, -103.652344, 313.523499
82.207016, -160.839844, 285.960999
139.394531, -196.582031, 223.945374
203.730453, -225.175781, 168.820374
239.472641, -246.621094, 93.023468
246.621078, -253.769531, 10.335999
253.769516, -260.917969, -51.679626
218.027328, -282.363281, -113.695251
189.433578, -296.660156, -148.148376
196.582016, -296.660156, -148.148376
218.027328, -296.660156, -134.367126
239.472641, -268.066406, -86.132751
268.066406, -275.214844, -58.570251
289.511719, -232.324219, -31.007751
310.957031, -218.027344, 10.335999
325.253906, -160.839844, 79.242218
303.808594, -125.097649, 134.367218
289.511719, -82.207031, 210.164124
260.917969, -10.722641, 230.835999
203.730453, 39.316406, 272.179749
146.542969, 110.800781, 292.851624
110.800766, 182.285187, 299.742249
46.464836, 210.878937, 306.632874
10.722641, 218.027374, 306.632874
10.722641, 182.285187, 313.523499
-17.871105, 146.542999, 327.304749
3.574203, 103.652344, 334.195374
46.464836, 46.464844, 341.085999
125.097656, 3.574234, 313.523499
189.433578, -39.316391, 272.179749
268.066406, -103.652344, 196.382874
296.660156, -160.839844, 99.914093
275.214844, -232.324219, 31.007843
253.769516, -268.066406, -24.117126
232.324203, -260.917969, -51.679626
260.917969, -275.214844, -51.679626
289.511719, -232.324219, -24.117126
303.808594, -189.433594, 10.335999
310.957031, -160.839844, 31.007843
332.402344, -117.949219, 72.351593
325.253906, -46.464828, 127.476593
303.808594, -25.019516, 175.710999
232.324203, 39.316406, 230.835999
189.433578, 96.503906, 279.070374
132.246094, 89.355469, 320.414124
125.097656, 75.058594, 327.304749
125.097656, 25.019531, 320.414124
125.097656, -10.722641, 299.742249
167.988281, -96.503906, 272.179749
182.285156, -160.839844, 203.273499
218.027328, -153.691406, 182.601624
203.730453, -96.503906, 223.945374
210.878891, -39.316391, 244.617249
210.878891, -25.019516, 265.289124
189.433578, -25.019516, 279.070374
182.285156, -10.722641, 285.960999
139.394531, -25.019516, 292.851624
125.097656, -10.722641, 279.070374
160.839844, -46.464828, 279.070374
153.691406, -25.019516, 265.289124
167.988281, -53.613266, 265.289124
182.285156, -39.316391, 258.398499
182.285156, -53.613266, 237.726624
203.730453, -67.910156, 237.726624
218.027328, -39.316391, 230.835999
225.175766, -67.910156, 223.945374
210.878891, -67.910156, 230.835999
232.324203, -82.207031, 217.054749
225.175766, -75.058594, 230.835999
225.175766, -60.761719, 230.835999
225.175766, -53.613266, 230.835999
225.175766, -60.761719, 210.164124
246.621078, -53.613266, 203.273499
246.621078, -67.910156, 189.492249
253.769516, -75.058594, 168.820374
246.621078, -67.910156, 182.601624
260.917969, -60.761719, 161.929749
289.511719, -75.058594, 175.710999
268.066406, -89.355469, 168.820374
289.511719, -75.058594, 141.257843
303.808594, -53.613266, 155.039124
303.808594, -67.910156, 141.257843
318.105469, -53.613266, 127.476593
310.957031, -60.761719, 120.585968
325.253906, -67.910156, 120.585968
318.105469, -53.613266, 106.804718
332.402344, -60.761719, 106.804718
318.105469, -60.761719, 86.132843
332.402344, -53.613266, 79.242218
346.699219, -32.167953, 72.351593
353.847656, -39.316391, 51.679718
346.699219, -10.722641, 51.679718
346.699219, -10.722641, 44.789093
353.847656, 32.167969, 37.898468
339.550781, 96.503906, 58.570343
332.402344, 125.097656, 65.460968
325.253906, 146.542999, 72.351593
332.402344, 160.839874, 58.570343
346.699219, 132.246094, 37.898468
382.441406, 82.207031, 17.226593
360.996094, 82.207031, -24.117126
368.144531, 103.652344, -17.226501
360.996094, 103.652344, 3.445374
346.699219, 125.097656, 3.445374
360.996094, 153.691437, -17.226501
353.847656, 153.691437, -10.335876
360.996094, 132.246094, -10.335876
353.847656, 117.949219, -31.007751
360.996094, 110.800781, -31.007751
360.996094, 125.097656, -24.117126
353.847656, 132.246094, -37.898376
353.847656, 132.246094, -10.335876
346.699219, 132.246094, -17.226501
360.996094, 132.246094, -10.335876
360.996094, 125.097656, -31.007751
346.699219, 132.246094, -24.117126
368.144531, 125.097656, -24.117126
360.996094, 132.246094, -24.117126
346.699219, 139.394562, -31.007751
360.996094, 132.246094, -31.007751
360.996094, 146.542999, -31.007751
353.847656, 125.097656, -37.898376
353.847656, 146.542999, -37.898376
360.996094, 139.394562, -31.007751
368.144531, 139.394562, -24.117126
368.144531, 132.246094, -31.007751
360.996094, 139.394562, -31.007751
339.550781, 117.949219, -31.007751
346.699219, 125.097656, -31.007751
346.699219, 132.246094, -24.117126
360.996094, 132.246094, -31.007751
353.847656, 139.394562, -44.789001
360.996094, 132.246094, -24.117126
346.699219, 125.097656, -44.789001
346.699219, 117.949219, -24.117126
353.847656, 139.394562, -37.898376
368.144531, 125.097656, -24.117126
346.699219, 132.246094, -31.007751
360.996094, 132.246094, -31.007751
346.699219, 153.691437, -37.898376
353.847656, 146.542999, -37.898376
368.144531, 132.246094, -31.007751
353.847656, 132.246094, -31.007751
360.996094, 125.097656, -31.007751
360.996094, 132.246094, -37.898376
368.144531, 125.097656, -51.679626
353.847656, 146.542999, -37.898376
360.996094, 132.246094, -37.898376
360.996094, 132.246094, -51.679626
353.847656, 117.949219, -24.117126
368.144531, 125.097656, -24.117126
353.847656, 139.394562, -58.570251
360.996094, 125.097656, -51.679626
360.996094, 132.246094, -44.789001
353.847656, 117.949219, -37.898376
360.996094, 139.394562, -31.007751
360.996094, 125.097656, -37.898376
353.847656, 125.097656, -44.789001
353.847656, 132.246094, -37.898376
360.996094, 139.394562, -44.789001
360.996094, 125.097656, -31.007751
353.847656, 139.394562, -24.117126
339.550781, 132.246094, -51.679626
360.996094, 132.246094, -37.898376
368.144531, 139.394562, -44.789001
360.996094, 132.246094, -37.898376
339.550781, 139.394562, -37.898376
360.996094, 139.394562, -37.898376
346.699219, 117.949219, -44.789001
360.996094, 117.949219, -31.007751
360.996094, 139.394562, -37.898376
346.699219, 132.246094, -51.679626
368.144531, 132.246094, -51.679626
360.996094, 132.246094, -37.898376
368.144531, 132.246094, -37.898376
353.847656, 125.097656, -51.679626
360.996094, 125.097656, -37.898376
346.699219, 132.246094, -31.007751
360.996094, 125.097656, -44.789001
353.847656, 139.394562, -31.007751
360.996094, 132.246094, -44.789001
360.996094, 125.097656, -37.898376
360.996094, 132.246094, -31.007751
360.996094, 132.246094, -37.898376
346.699219, 139.394562, -37.898376
353.847656, 139.394562, -51.679626
353.847656, 125.097656, -58.570251
360.996094, 139.394562, -44.789001
360.996094, 139.394562, -44.789001
353.847656, 146.542999, -51.679626
353.847656, 139.394562, -58.570251
353.847656, 132.246094, -51.679626
346.699219, 132.246094, -51.679626
360.996094, 132.246094, -37.898376
360.996094, 146.542999, -31.007751
353.847656, 139.394562, -51.679626
346.699219, 139.394562, -37.898376
360.996094, 125.097656, -44.789001
360.996094, 132.246094, -44.789001
353.847656, 132.246094, -37.898376
353.847656, 139.394562, -44.789001
353.847656, 125.097656, -44.789001
353.847656, 125.097656, -51.679626
360.996094, 139.394562, -31.007751
346.699219, 132.246094, -44.789001
368.144531, 139.394562, -37.898376
360.996094, 153.691437, -37.898376
339.550781, 132.246094, -44.789001
360.996094, 132.246094, -44.789001
360.996094, 132.246094, -58.570251
346.699219, 139.394562, -44.789001
353.847656, 146.542999, -44.789001
360.996094, 132.246094, -51.679626
353.847656, 132.246094, -37.898376
353.847656, 125.097656, -51.679626
353.847656, 139.394562, -44.789001
353.847656, 139.394562, -58.570251
360.996094, 132.246094, -37.898376
353.847656, 139.394562, -51.679626
339.550781, 125.097656, -51.679626
353.847656, 139.394562, -51.679626
353.847656, 132.246094, -58.570251
360.996094, 125.097656, -37.898376
353.847656, 132.246094, -44.789001
332.402344, 132.246094, -58.570251
353.847656, 139.394562, -58.570251
346.699219, 132.246094, -58.570251
339.550781, 139.394562, -37.898376
360.996094, 125.097656, -51.679626
346.699219, 132.246094, -58.570251
346.699219, 132.246094, -51.679626
360.996094, 125.097656, -51.679626
353.847656, 139.394562, -51.679626
353.847656, 125.097656, -72.351501
360.996094, 146.542999, -37.898376
360.996094, 132.246094, -51.679626
353.847656, 132.246094, -58.570251
360.996094, 132.246094, -44.789001
353.847656, 132.246094, -51.679626
360.996094, 139.394562, -51.679626
353.847656, 125.097656, -37.898376
368.144531, 139.394562, -51.679626
360.996094, 132.246094, -58.570251
360.996094, 125.097656, -51.679626
360.996094, 125.097656, -58.570251
375.292969, 132.246094, -51.679626
353.847656, 125.097656, -51.679626
360.996094, 125.097656, -51.679626
360.996094, 139.394562, -51.679626
346.699219, 153.691437, -44.789001
360.996094, 125.097656, -65.460876
353.847656, 132.246094, -51.679626
360.996094, 139.394562, -44.789001
360.996094, 132.246094, -51.679626
360.996094, 139.394562, -51.679626
360.996094, 132.246094, -58.570251
360.996094, 132.246094, -58.570251
360.996094, 146.542999, -58.570251
353.847656, 132.246094, -72.351501
368.144531, 139.394562, -44.789001
353.847656, 139.394562, -58.570251
346.699219, 132.246094, -51.679626
346.699219, 146.542999, -58.570251
353.847656, 139.394562, -58.570251
360.996094, 139.394562, -58.570251
360.996094, 153.691437, -65.460876
346.699219, 139.394562, -51.679626
353.847656, 146.542999, -58.570251
346.699219, 139.394562, -58.570251
360.996094, 132.246094, -58.570251
346.699219, 139.394562, -65.460876
346.699219, 153.691437, -58.570251
360.996094, 139.394562, -58.570251
360.996094, 125.097656, -58.570251
368.144531, 132.246094, -44.789001
346.699219, 132.246094, -65.460876
360.996094, 125.097656, -44.789001
360.996094, 146.542999, -44.789001
360.996094, 153.691437, -58.570251
353.847656, 132.246094, -58.570251
360.996094, 132.246094, -58.570251
339.550781, 125.097656, -65.460876
360.996094, 132.246094, -51.679626
353.847656, 132.246094, -65.460876
353.847656, 117.949219, -65.460876
360.996094, 146.542999, -51.679626
360.996094, 132.246094, -51.679626
360.996094, 146.542999, -65.460876
353.847656, 139.394562, -58.570251
346.699219, 132.246094, -51.679626
353.847656, 139.394562, -65.460876
360.996094, 132.246094, -44.789001
353.847656, 117.949219, -65.460876
339.550781, 139.394562, -51.679626
353.847656, 125.097656, -65.460876
353.847656, 125.097656, -65.460876
360.996094, 139.394562, -58.570251
346.699219, 132.246094, -51.679626
360.996094, 146.542999, -58.570251
353.847656, 132.246094, -51.679626
360.996094, 139.394562, -51.679626
353.847656, 132.246094, -58.570251
346.699219, 132.246094, -44.789001