328.828125, -125.097649, 210.164124
307.382812, -139.394531, 196.382874
321.679688, -139.394531, 189.492249
307.382812, -153.691406, 168.820374
314.531250, -160.839844, 148.148468
314.531250, -160.839844, 127.476593
328.828125, -167.988281, 113.695343
328.828125, -175.136719, 99.914093
343.125000, -167.988281, 99.914093
357.421875, -160.839844, 72.351593
357.421875, -132.246094, 65.460968
357.421875, -139.394531, 58.570343
371.718750, -117.949211, 37.898468
371.718750, -110.800781, 37.898468
371.718750, -103.652344, 10.335999
371.718750, -125.097649, -3.445251
364.570312, -132.246094, -24.117126
357.421875, -139.394531, -51.679626
350.273438, -160.839844, -72.351501
328.828125, -175.136719, -93.023376
314.531250, -196.582031, -120.585876
307.382812, -210.878906, -134.367126
278.789062, -210.878906, -155.039001
278.789062, -232.324219, -161.929626
285.937500, -225.175781, -168.820251
278.789062, -225.175781, -155.039001
257.343750, -232.324219, -161.929626
293.085938, -218.027344, -127.476501
300.234375, -218.027344, -113.695251
314.531250, -210.878906, -72.351501
350.273438, -167.988281, -24.117126
371.718750, -160.839844, -10.335876
378.867188, -132.246094, 17.226624
386.015625, -132.246094, 37.898468
386.015625, -110.800781, 58.570343
386.015625, -103.652344, 86.132843
378.867188, -82.207031, 99.914093
371.718750, -89.355469, 127.476593
378.867188, -75.058594, 141.257843
364.570312, -103.652344, 141.257843
357.421875, -89.355469, 161.929749
350.273438, -125.097649, 148.148468
343.125000, -125.097649, 148.148468
328.828125, -132.246094, 155.039093
343.125000, -132.246094, 161.929749
343.125000, -139.394531, 161.929749
328.828125, -132.246094, 155.039093
335.976562, -160.839844, 120.585968
335.976562, -160.839844, 106.804718
343.125000, -160.839844, 65.460968
335.976562, -167.988281, 37.898468
357.421875, -167.988281, 3.445374
321.679688, -196.582031, -31.007751
314.531250, -196.582031, -79.242126
314.531250, -203.730469, -127.476501
293.085938, -196.582031, -168.820251
271.640625, -196.582031, -196.382751
257.343750, -210.878906, -230.835938
250.195297, -189.433594, -251.507812
235.898422, -210.878906, -237.726562
214.453125, -210.878906, -237.726562
228.749985, -203.730469, -237.726562
250.195297, -218.027344, -217.054626
278.789062, -196.582031, -196.382751
293.085938, -203.730469, -155.039001
293.085938, -196.582031, -155.039001
321.679688, -189.433594, -120.585876
328.828125, -182.285156, -93.023376
357.421875, -182.285156, -58.570251
350.273438, -167.988281, -31.007751
364.570312, -160.839844, -3.445251
371.718750, -139.394531, 10.335999
364.570312, -146.542969, 24.117249
357.421875, -139.394531, 17.226624
357.421875, -153.691406, 10.335999
350.273438, -139.394531, 17.226624
378.867188, -103.652344, 31.007843
364.570312, -110.800781, 24.117249
350.273438, -132.246094, 10.335999
371.718750, -125.097649, 37.898468
364.570312, -110.800781, 24.117249
364.570312, -96.503906, 44.789093
350.273438, -89.355469, 37.898468
378.867188, -89.355469, 51.679718
357.421875, -89.355469, 44.789093
371.718750, -67.910156, 51.679718
371.718750, -60.761719, 79.242218
364.570312, -60.761719, 79.242218
364.570312, -53.613281, 93.023468
350.273438, -53.613281, 93.023468
350.273438, -39.316391, 86.132843
357.421875, 3.574234, 99.914093
378.867188, -32.167953, 79.242218
378.867188, -32.167953, 44.789093
364.570312, -39.316391, 51.679718
364.570312, -32.167953, 65.460968
364.570312, -39.316391, 72.351593
371.718750, -32.167953, 65.460968
364.570312, -3.574203, 72.351593
364.570312, -17.871078, 58.570343
371.718750, -17.871078, 58.570343
357.421875, -17.871078, 58.570343
357.421875, -10.722641, 44.789093
371.718750, 3.574234, 44.789093
364.570312, 10.722672, 51.679718
378.867188, -17.871078, 51.679718
378.867188, -10.722641, 51.679718
364.570312, -3.574203, 51.679718
357.421875, 3.574234, 58.570343
371.718750, -3.574203, 79.242218
357.421875, 17.871094, 65.460968
364.570312, 17.871094, 86.132843
357.421875, 10.722672, 93.023468
371.718750, 10.722672, 86.132843
357.421875, 17.871094, 93.023468
357.421875, 10.722672, 93.023468
357.421875, -10.722641, 93.023468
357.421875, -10.722641, 106.804718
357.421875, -3.574203, 86.132843
364.570312, -17.871078, 65.460968
371.718750, -3.574203, 44.789093
386.015625, -10.722641, 10.335999
386.015625, -17.871078, 3.445374
378.867188, -39.316391, -31.007751
371.718750, -39.316391, -72.351501
371.718750, -53.613281, -106.804626
357.421875, -67.910156, -113.695251
357.421875, -67.910156, -134.367126
364.570312, -67.910156, -120.585876
371.718750, -75.058594, -120.585876
357.421875, -60.761719, -93.023376
378.867188, -89.355469, -93.023376
393.164062, -67.910156, -86.132751
364.570312, -67.910156, -106.804626
364.570312, -60.761719, -99.914001
357.421875, -46.464828, -120.585876
371.718750, -53.613281, -127.476501
357.421875, -32.167953, -127.476501
364.570312, -25.019516, -148.148376
343.125000, -32.167953, -161.929626
350.273438, -25.019516, -175.710876
335.976562, -25.019516, -175.710876
314.531250, -32.167953, -196.382751
328.828125, -10.722641, -210.164001
321.679688, -17.871078, -223.945251
307.382812, -25.019516, -223.945251
285.937500, -10.722641, -251.507812
257.343750, -17.871078, -265.289062
228.749985, -25.019516, -299.742188
185.859375, -46.464828, -327.304688
142.968735, -46.464828, -341.085938
114.374985, -75.058594, -347.976562
57.187485, -67.910156, -347.976562
-7.148451, -89.355469, -347.976562
-71.484390, -82.207031, -347.976562
-107.226578, -82.207031, -341.085938
-157.265656, -96.503906, -327.304688
-193.007828, -96.503906, -292.851562
-228.750031, -96.503906, -285.960938
-293.085938, -103.652344, -223.945251
-314.531250, -82.207031, -182.601501
-357.421875, -75.058594, -120.585876
-371.718750, -75.058594, -79.242126
-393.164062, -60.761719, -31.007751
-386.015625, -75.058594, 10.335999
-378.867188, -46.464828, 72.351593
-378.867188, -53.613281, 134.367218
-378.867188, -39.316391, 120.585968
-357.421875, -39.316391, 161.929749
-350.273438, -25.019516, 168.820374
-343.125000, -32.167953, 182.601624
-350.273438, -46.464828, 182.601624
-350.273438, -60.761719, 168.820374
-350.273438, -75.058594, 168.820374
-357.421875, -82.207031, 155.039093
-364.570312, -103.652344, 134.367218
-357.421875, -125.097649, 86.132843
-364.570312, -139.394531, 24.117249
-343.125000, -167.988281, -17.226501
-314.531250, -182.285156, -72.351501
-285.937531, -210.878906, -113.695251
-243.046906, -246.621094, -134.367126
-193.007828, -275.214844, -168.820251
-128.671890, -275.214844, -196.382751
-71.484390, -282.363281, -203.273376
-14.296890, -296.660156, -251.507812
50.039047, -246.621094, -313.523438
135.820297, -189.433594, -313.523438
200.156250, -167.988281, -299.742188
257.343750, -132.246094, -272.179688
293.085938, -75.058594, -244.617188
328.828125, -25.019516, -210.164001
328.828125, 3.574234, -175.710876
357.421875, 39.316406, -148.148376
371.718750, 60.761719, -106.804626
364.570312, 75.058594, -58.570251
357.421875, 96.503906, -31.007751
357.421875, 110.800781, 10.335999
378.867188, 110.800781, 58.570343
364.570312, 110.800781, 86.132843
343.125000, 117.949219, 120.585968
328.828125, 96.503906, 155.039093
307.382812, 96.503906, 189.492249
314.531250, 89.355469, 223.945374
293.085938, 103.652344, 258.398499
271.640625, 110.800781, 258.398499
243.046860, 96.503906, 285.960999
228.749985, 96.503906, 292.851624
214.453125, 110.800781, 272.179749
228.749985, 89.355469, 285.960999
200.156250, 96.503906, 299.742249
193.007812, 60.761719, 292.851624
193.007812, 75.058594, 299.742249
171.562500, 75.058594, 313.523499
171.562500, 67.910156, 313.523499
164.414062, 60.761719, 313.523499
157.265625, 67.910156, 320.414124
157.265625, 46.464844, 299.742249
171.562500, 53.613281, 306.632874
157.265625, 46.464844, 299.742249
157.265625, 60.761719, 313.523499
157.265625, 46.464844, 313.523499
150.117172, 60.761719, 313.523499
135.820297, 60.761719, 313.523499
135.820297, 53.613281, 327.304749
135.820297, 46.464844, 327.304749
114.374985, 53.613281, 320.414124
114.374985, 25.019531, 320.414124
128.671860, 32.167969, 320.414124
114.374985, 32.167969, 320.414124
135.820297, 17.871094, 306.632874
150.117172, 10.722672, 306.632874
150.117172, 17.871094, 285.960999
157.265625, 10.722672, 292.851624
200.156250, -10.722641, 244.617249
228.749985, -25.019516, 244.617249
264.492188, -60.761719, 223.945374
300.234375, -67.910156, 161.929749
307.382812, -96.503906, 141.257843
328.828125, -132.246094, 86.132843
328.828125, -125.097649, 37.898468
343.125000, -132.246094, 24.117249
343.125000, -132.246094, -37.898376
350.273438, -153.691406, -65.460876
335.976562, -175.136719, -113.695251
314.531250, -189.433594, -141.257751
271.640625, -203.730469, -189.492126
264.492188, -210.878906, -210.164001
235.898422, -225.175781, -230.835938
200.156250, -232.324219, -244.617188
157.265625, -239.472656, -258.398438
121.523422, -253.769531, -279.070312
92.929672, -253.769531, -299.742188
50.039047, -253.769531, -285.960938
21.445301, -253.769531, -299.742188
-7.148451, -268.066406, -299.742188
-57.187515, -268.066406, -292.851562
-85.781265, -246.621094, -292.851562
-121.523453, -239.472656, -265.289062
-150.117218, -225.175781, -258.398438
-193.007828, -232.324219, -244.617188
-228.750031, -210.878906, -223.945251
-264.492218, -203.730469, -196.382751
-307.382812, -189.433594, -161.929626
-314.531250, -182.285156, -148.148376
-350.273438, -196.582031, -113.695251
-328.828125, -196.582031, -72.351501
-185.859390, -353.847656, -37.898376
-57.187515, -411.035156, -37.898376
-85.781265, -403.886719, 3.445374
-71.484390, -389.589844, 31.007843
-92.929703, -368.144531, 65.460968
-100.078140, -389.589844, 79.242218
-85.781265, -360.996094, 106.804718
-107.226578, -346.699219, 127.476593
-92.929703, -332.402344, 134.367218
-107.226578, -332.402344, 148.148468
-100.078140, -332.402344, 155.039093
-128.671890, -325.253906, 155.039093
-121.523453, -303.808594, 175.710999
-128.671890, -275.214844, 182.601624
-128.671890, -282.363281, 210.164124
-142.968781, -260.917969, 196.382874
-150.117218, -253.769531, 210.164124
-171.562515, -232.324219, 237.726624
-171.562515, -225.175781, 223.945374
-171.562515, -203.730469, 230.835999
-178.710953, -189.433594, 223.945374
-178.710953, -160.839844, 244.617249
-207.304703, -167.988281, 244.617249
-207.304703, -132.246094, 237.726624
-207.304703, -139.394531, 244.617249
-207.304703, -132.246094, 265.289124
-200.156265, -110.800781, 272.179749
-207.304703, -110.800781, 285.960999
-207.304703, -103.652344, 272.179749
-221.601578, -117.949211, 285.960999
-214.453140, -110.800781, 285.960999
-221.601578, -110.800781, 251.507874
-221.601578, -132.246094, 272.179749
-235.898468, -153.691406, 265.289124
-250.195343, -182.285156, 217.054749
-243.046906, -182.285156, 203.273499
-243.046906, -225.175781, 189.492249
-193.007828, -282.363281, 148.148468
-207.304703, -289.511719, 113.695343
-214.453140, -310.957031, 65.460968
-228.750031, -325.253906, 44.789093
-214.453140, -332.402344, 3.445374
-207.304703, -339.550781, -24.117126
-185.859390, -332.402344, -72.351501
-178.710953, -325.253906, -86.132751
-164.414078, -332.402344, -120.585876
-135.820343, -325.253906, -127.476501
-142.968781, -318.105469, -155.039001
-114.375015, -296.660156, -175.710876
-100.078140, -318.105469, -196.382751
-85.781265, -318.105469, -237.726562
-64.335953, -275.214844, -272.179688
-42.890640, -275.214844, -299.742188
-0.000015, -282.363281, -292.851562
14.296864, -260.917969, -292.851562
28.593735, -253.769531, -299.742188
42.890610, -260.917969, -292.851562
107.226547, -225.175781, -292.851562
142.968735, -232.324219, -285.960938
200.156250, -189.433594, -285.960938
228.749985, -175.136719, -265.289062
243.046860, -167.988281, -258.398438
271.640625, -132.246094, -230.835938
321.679688, -139.394531, -210.164001
335.976562, -103.652344, -161.929626
371.718750, -75.058594, -127.476501
378.867188, -67.910156, -93.023376
386.015625, -82.207031, -65.460876
386.015625, -60.761719, -31.007751
386.015625, -82.207031, 17.226624
371.718750, -82.207031, 58.570343
364.570312, -67.910156, 79.242218
350.273438, -67.910156, 113.695343
335.976562, -53.613281, 168.820374
307.382812, -46.464828, 203.273499
293.085938, -32.167953, 196.382874
271.640625, -53.613281, 230.835999
228.749985, -60.761719, 223.945374
228.749985, -46.464828, 265.289124
193.007812, -39.316391, 272.179749
185.859375, -46.464828, 279.070374
171.562500, -39.316391, 299.742249
150.117172, -25.019516, 306.632874
150.117172, -10.722641, 313.523499
128.671860, 10.722672, 320.414124
135.820297, 17.871094, 320.414124
121.523422, 39.316406, 320.414124
100.078110, 32.167969, 320.414124
92.929672, 39.316406, 313.523499
71.484367, 32.167969, 327.304749
85.781242, 46.464844, 341.085999
78.632805, 46.464844, 334.195374
85.781242, 53.613281, 327.304749
85.781242, 46.464844, 320.414124
100.078110, 46.464844, 327.304749
92.929672, 46.464844, 320.414124
100.078110, 32.167969, 299.742249
128.671860, 25.019531, 299.742249
142.968735, 17.871094, 285.960999
135.820297, 32.167969, 265.289124
128.671860, 39.316406, 272.179749
150.117172, 53.613281, 251.507874
171.562500, 46.464844, 237.726624
185.859375, 39.316406, 223.945374
200.156250, 46.464844, 203.273499
193.007812, 46.464844, 182.601624
235.898422, 32.167969, 182.601624
243.046860, 39.316406, 141.257843
250.195297, 17.871094, 127.476593
243.046860, 10.722672, 99.914093
271.640625, -3.574203, 65.460968
285.937500, -3.574203, 31.007843
278.789062, -46.464828, -10.335876
307.382812, -75.058594, -44.789001
335.976562, -103.652344, -79.242126
314.531250, -125.097649, -127.476501
321.679688, -160.839844, -148.148376
307.382812, -189.433594, -210.164001
293.085938, -196.582031, -237.726562
257.343750, -196.582031, -285.960938
235.898422, -203.730469, -320.414062
228.749985, -203.730469, -341.085938
207.304688, -189.433594, -361.757812
164.414062, -182.285156, -368.648438
135.820297, -175.136719, -409.992188
107.226547, -146.542969, -403.101562
78.632805, -110.800781, -375.539062
71.484367, -60.761719, -361.757812
21.445301, -17.871078, -382.429688
-21.445328, 10.722672, -382.429688
-50.039078, 25.019531, -361.757812
-100.078140, 53.613281, -354.867188
-135.820343, 82.207031, -341.085938
-185.859390, 82.207031, -313.523438
-243.046906, 110.800781, -279.070312
-278.789093, 125.097656, -251.507812
-300.234375, 139.394531, -210.164001
-328.828125, 160.839874, -175.710876
-357.421875, 167.988312, -120.585876
-364.570312, 160.839874, -37.898376
-371.718750, 175.136749, 3.445374
-364.570312, 175.136749, 58.570343
-371.718750, 160.839874, 106.804718
-343.125000, 167.988312, 155.039093
-350.273438, 110.800781, 182.601624
-307.382812, 60.761719, 223.945374
-293.085938, 67.910156, 265.289124
-293.085938, 60.761719, 251.507874
-293.085938, 46.464844, 251.507874
-314.531250, 46.464844, 203.273499
-328.828125, 39.316406, 175.710999
-328.828125, 39.316406, 141.257843
-328.828125, 60.761719, 141.257843
-335.976562, 39.316406, 141.257843
-328.828125, 39.316406, 148.148468
-314.531250, 39.316406, 168.820374
-321.679688, 39.316406, 203.273499
-314.531250, 60.761719, 203.273499
-314.531250, 46.464844, 217.054749
-293.085938, 32.167969, 217.054749
-300.234375, 32.167969, 217.054749
-307.382812, -17.871078, 230.835999
-300.234375, -153.691406, 175.710999
-343.125000, -153.691406, 120.585968
-343.125000, -139.394531, 127.476593
-350.273438, -146.542969, 113.695343
-328.828125, -167.988281, 113.695343
-343.125000, -153.691406, 113.695343
-321.679688, -167.988281, 113.695343
-343.125000, -167.988281, 99.914093
-321.679688, -189.433594, 99.914093
-321.679688, -196.582031, 93.023468
-321.679688, -189.433594, 65.460968
-321.679688, -196.582031, 79.242218
-328.828125, -203.730469, 58.570343
-321.679688, -196.582031, 65.460968
-321.679688, -218.027344, 58.570343
-321.679688, -203.730469, 58.570343
-321.679688, -203.730469, 58.570343
-314.531250, -210.878906, 37.898468
-314.531250, -203.730469, 24.117249
-314.531250, -210.878906, 10.335999
-314.531250, -218.027344, 10.335999
-321.679688, -218.027344, -37.898376
-328.828125, -210.878906, -24.117126
-314.531250, -218.027344, -58.570251
-314.531250, -218.027344, -106.804626
-285.937531, -218.027344, -120.585876
-285.937531, -210.878906, -155.039001
-250.195343, -210.878906, -182.601501
-221.601578, -203.730469, -217.054626
-200.156265, -210.878906, -244.617188
-164.414078, -218.027344, -279.070312
-92.929703, -218.027344, -285.960938
-35.742203, -210.878906, -306.632812
21.445301, -203.730469, -313.523438
71.484367, -175.136719, -320.414062
114.374985, -175.136719, -313.523438
164.414062, -153.691406, -299.742188
214.453125, -139.394531, -279.070312
257.343750, -110.800781, -272.179688
293.085938, -82.207031, -230.835938
321.679688, -60.761719, -196.382751
328.828125, -53.613281, -161.929626
364.570312, -46.464828, -134.367126
378.867188, -25.019516, -79.242126
371.718750, 10.722672, -31.007751
371.718750, 25.019531, 37.898468
364.570312, 46.464844, 93.023468
350.273438, 60.761719, 120.585968
335.976562, 60.761719, 148.148468
307.382812, 53.613281, 182.601624
285.937500, 46.464844, 196.382874
264.492188, 17.871094, 223.945374
243.046860, 17.871094, 244.617249
214.453125, 25.019531, 272.179749
200.156250, 10.722672, 299.742249
200.156250, 3.574234, 279.070374
185.859375, 3.574234, 320.414124
157.265625, 3.574234, 292.851624
164.414062, 3.574234, 313.523499
157.265625, 32.167969, 306.632874
150.117172, 39.316406, 320.414124
142.968735, 32.167969, 327.304749
150.117172, 32.167969, 327.304749
142.968735, 25.019531, 341.085999
114.374985, 39.316406, 341.085999
114.374985, 39.316406, 347.976624
100.078110, 60.761719, 347.976624
85.781242, 75.058594, 341.085999
85.781242, 67.910156, 354.867249
78.632805, 75.058594, 361.757874
71.484367, 89.355469, 354.867249
64.335930, 82.207031, 334.195374
64.335930, 82.207031, 347.976624
42.890610, 67.910156, 354.867249
42.890610, 82.207031, 334.195374
42.890610, 89.355469, 341.085999
35.742172, 82.207031, 347.976624
71.484367, 75.058594, 334.195374
85.781242, 82.207031, 334.195374
78.632805, 89.355469, 327.304749
100.078110, 82.207031, 334.195374
85.781242, 75.058594, 320.414124
92.929672, 82.207031, 320.414124
107.226547, 67.910156, 327.304749
114.374985, 67.910156, 320.414124
114.374985, 67.910156, 313.523499
114.374985, 53.613281, 299.742249
164.414062, 53.613281, 313.523499
178.710938, 53.613281, 299.742249
171.562500, 32.167969, 292.851624
193.007812, 46.464844, 279.070374
214.453125, 25.019531, 265.289124
243.046860, 39.316406, 251.507874
264.492188, 17.871094, 237.726624
271.640625, 3.574234, 210.164124
300.234375, -25.019516, 203.273499
321.679688, -67.910156, 148.148468
328.828125, -75.058594, 127.476593
343.125000, -103.652344, 113.695343
335.976562, -146.542969, 79.242218
321.679688, -175.136719, 37.898468
307.382812, -210.878906, -37.898376
343.125000, -132.246094, -127.476501
371.718750, -89.355469, -134.367126
328.828125, -96.503906, -175.710876
321.679688, -67.910156, -223.945251
300.234375, -46.464828, -230.835938
271.640625, -39.316391, -251.507812
250.195297, -53.613281, -279.070312
214.453125, -75.058594, -285.960938
221.601547, -82.207031, -299.742188
193.007812, -89.355469, -327.304688
150.117172, -117.949211, -327.304688
114.374985, -146.542969, -341.085938
85.781242, -153.691406, -341.085938
50.039047, -196.582031, -341.085938
14.296864, -218.027344, -334.195312
-35.742203, -225.175781, -320.414062
-71.484390, -268.066406, -299.742188
-92.929703, -260.917969, -292.851562
-142.968781, -275.214844, -258.398438
-178.710953, -282.363281, -230.835938
-228.750031, -275.214844, -203.273376
-264.492218, -260.917969, -155.039001
-271.640656, -268.066406, -106.804626
-300.234375, -239.472656, -72.351501
-307.382812, -239.472656, -24.117126
-307.382812, -253.769531, -3.445251
-307.382812, -225.175781, 24.117249
-321.679688, -210.878906, 44.789093
-335.976562, -189.433594, 79.242218
-328.828125, -175.136719, 99.914093
-335.976562, -160.839844, 134.367218
-335.976562, -139.394531, 168.820374
-328.828125, -103.652344, 182.601624
-307.382812, -60.761719, 203.273499
-314.531250, -39.316391, 217.054749
-307.382812, -32.167953, 230.835999
-307.382812, -3.574203, 251.507874
-300.234375, 17.871094, 251.507874
-307.382812, 39.316406, 244.617249
-285.937531, 60.761719, 258.398499
-285.937531, 82.207031, 285.960999
-285.937531, 117.949219, 299.742249
-250.195343, 110.800781, 285.960999
-228.750031, 153.691437, 285.960999
-235.898468, 153.691437, 292.851624
-228.750031, 153.691437, 306.632874
-214.453140, 139.394531, 334.195374
-185.859390, 125.097656, 320.414124
-171.562515, 103.652344, 341.085999
-157.265656, 103.652344, 327.304749
-128.671890, 96.503906, 341.085999
-128.671890, 82.207031, 354.867249
-92.929703, 60.761719, 341.085999
-71.484390, 46.464844, 347.976624
-42.890640, 39.316406, 341.085999
-21.445328, 25.019531, 347.976624
-14.296890, 3.574234, 341.085999
7.148422, -17.871078, 334.195374
14.296864, -32.167953, 327.304749
42.890610, -53.613281, 320.414124
71.484367, -53.613281, 320.414124
71.484367, -60.761719, 313.523499
85.781242, -82.207031, 320.414124
100.078110, -103.652344, 313.523499
121.523422, -103.652344, 292.851624
142.968735, -103.652344, 285.960999
150.117172, -125.097649, 292.851624
178.710938, -103.652344, 279.070374
171.562500, -117.949211, 272.179749
193.007812, -117.949211, 272.179749
193.007812, -117.949211, 265.289124
185.859375, -132.246094, 272.179749
178.710938, -132.246094, 258.398499
178.710938, -132.246094, 279.070374
171.562500, -132.246094, 265.289124
193.007812, -139.394531, 265.289124
185.859375, -132.246094, 258.398499
193.007812, -125.097649, 258.398499
193.007812, -125.097649, 258.398499
193.007812, -117.949211, 258.398499
193.007812, -125.097649, 258.398499
200.156250, -117.949211, 258.398499
193.007812, -125.097649, 251.507874
200.156250, -117.949211, 258.398499
193.007812, -132.246094, 258.398499
193.007812, -125.097649, 265.289124
207.304688, -139.394531, 272.179749
221.601547, -125.097649, 251.507874
214.453125, -125.097649, 251.507874
214.453125, -117.949211, 244.617249
200.156250, -117.949211, 265.289124
200.156250, -117.949211, 258.398499
207.304688, -110.800781, 265.289124
207.304688, -110.800781, 265.289124
200.156250, -110.800781, 251.507874
214.453125, -103.652344, 258.398499
221.601547, -103.652344, 258.398499
193.007812, -103.652344, 251.507874
193.007812, -103.652344, 279.070374
178.710938, -96.503906, 285.960999
185.859375, -75.058594, 279.070374
150.117172, -53.613281, 306.632874
150.117172, -53.613281, 313.523499
114.374985, -32.167953, 320.414124
92.929672, -39.316391, 334.195374
28.593735, -25.019516, 341.085999
-0.000015, -10.722641, 334.195374
-42.890640, 3.574234, 341.085999
-92.929703, -3.574203, 341.085999
-128.671890, 10.722672, 334.195374
-185.859390, -10.722641, 313.523499
-235.898468, -25.019516, 272.179749
-271.640656, -32.167953, 230.835999
-335.976562, -25.019516, 189.492249
-357.421875, -32.167953, 127.476593
-393.164062, -53.613281, 65.460968
-386.015625, -67.910156, 17.226624
-371.718750, -89.355469, -44.789001
-350.273438, -110.800781, -120.585876
-307.382812, -110.800781, -148.148376
-278.789093, -125.097649, -210.164001
-264.492218, -139.394531, -237.726562
-228.750031, -125.097649, -265.289062
-200.156265, -117.949211, -285.960938
-150.117218, -89.355469, -320.414062
-114.375015, -67.910156, -334.195312
-107.226578, -39.316391, -354.867188
-71.484390, -17.871078, -361.757812
-71.484390, 3.574234, -368.648438
-50.039078, 53.613281, -375.539062
-42.890640, 89.355469, -375.539062
-35.742203, 117.949219, -368.648438
-14.296890, 167.988312, -354.867188
21.445301, 203.730499, -313.523438
35.742172, 232.324249, -285.960938
50.039047, 260.917999, -251.507812
57.187485, 303.808594, -210.164001
71.484367, 332.402344, -189.492126
64.335930, 360.996094, -155.039001
71.484367, 368.144531, -120.585876
71.484367, 382.441406, -86.132751
71.484367, 396.738281, -72.351501
71.484367, 411.035156, -51.679626
71.484367, 396.738281, -31.007751
78.632805, 403.886719, -31.007751
85.781242, 396.738281, -3.445251
85.781242, 411.035156, 10.335999
85.781242, 396.738281, 24.117249
85.781242, 389.589844, 37.898468
100.078110, 389.589844, 31.007843
100.078110, 396.738281, 17.226624
114.374985, 396.738281, 31.007843
100.078110, 403.886719, 24.117249
100.078110, 396.738281, 10.335999
114.374985, 389.589844, 17.226624
114.374985, 396.738281, -3.445251
114.374985, 396.738281, -3.445251
114.374985, 389.589844, -17.226501
100.078110, 403.886719, -17.226501
107.226547, 389.589844, -24.117126
100.078110, 411.035156, -37.898376
114.374985, 396.738281, -44.789001
114.374985, 382.441406, -58.570251
107.226547, 396.738281, -79.242126
92.929672, 389.589844, -99.914001
100.078110, 382.441406, -106.804626
92.929672, 368.144531, -127.476501
100.078110, 375.292969, -155.039001
92.929672, 339.550781, -189.492126
85.781242, 332.402344, -196.382751
78.632805, 296.660156, -223.945251
100.078110, 282.363281, -237.726562
78.632805, 246.621124, -279.070312
78.632805, 218.027374, -285.960938
85.781242, 175.136749, -306.632812
100.078110, 139.394531, -320.414062
100.078110, 96.503906, -313.523438
114.374985, 53.613281, -347.976562
128.671860, 10.722672, -327.304688
142.968735, -53.613281, -334.195312
142.968735, -89.355469, -334.195312
150.117172, -125.097649, -327.304688
164.414062, -139.394531, -299.742188
171.562500, -175.136719, -279.070312
193.007812, -196.582031, -258.398438
185.859375, -246.621094, -237.726562
193.007812, -289.511719, -210.164001
178.710938, -296.660156, -175.710876
157.265625, -332.402344, -148.148376
135.820297, -346.699219, -134.367126
135.820297, -375.292969, -113.695251
121.523422, -389.589844, -93.023376
100.078110, -389.589844, -58.570251
71.484367, -396.738281, -44.789001
42.890610, -396.738281, -31.007751
7.148422, -396.738281, -17.226501
-50.039078, -389.589844, -10.335876
-100.078140, -375.292969, 10.335999
-157.265656, -360.996094, 31.007843
-178.710953, -346.699219, 31.007843
-207.304703, -318.105469, 51.679718
-257.343781, -303.808594, 51.679718
-285.937531, -253.769531, 58.570343
-314.531250, -232.324219, 65.460968
-307.382812, -218.027344, 72.351593
-328.828125, -196.582031, 65.460968
-328.828125, -196.582031, 65.460968
-350.273438, -167.988281, 44.789093
-343.125000, -160.839844, 51.679718
-364.570312, -146.542969, 17.226624
-350.273438, -167.988281, 17.226624
-350.273438, -167.988281, 3.445374
-343.125000, -153.691406, 17.226624
-364.570312, -167.988281, 37.898468
-357.421875, -160.839844, 17.226624
-350.273438, -160.839844, -3.445251
-335.976562, -160.839844, -3.445251
-350.273438, -182.285156, -3.445251
-328.828125, -203.730469, -17.226501
-314.531250, -218.027344, -24.117126
-343.125000, -225.175781, -17.226501
-321.679688, -218.027344, 17.226624
-264.492218, -282.363281, 31.007843
-150.117218, -360.996094, 51.679718
-14.296890, -360.996094, 127.476593
14.296864, -353.847656, 134.367218
85.781242, -339.550781, 134.367218
92.929672, -318.105469, 148.148468
78.632805, -310.957031, 168.820374
64.335930, -325.253906, 155.039093
57.187485, -303.808594, 189.492249
71.484367, -310.957031, 189.492249
78.632805, -303.808594, 175.710999
92.929672, -296.660156, 203.273499
85.781242, -296.660156, 203.273499
78.632805, -296.660156, 196.382874
78.632805, -303.808594, 189.492249
92.929672, -303.808594, 175.710999
107.226547, -303.808594, 175.710999
121.523422, -310.957031, 155.039093
121.523422, -303.808594, 161.929749
135.820297, -310.957031, 127.476593
142.968735, -310.957031, 134.367218
150.117172, -318.105469, 106.804718
150.117172, -325.253906, 93.023468
164.414062, -318.105469, 99.914093
171.562500, -310.957031, 93.023468
178.710938, -318.105469, 86.132843
171.562500, -332.402344, 86.132843
178.710938, -339.550781, 65.460968
171.562500, -332.402344, 58.570343
178.710938, -325.253906, 79.242218
178.710938, -325.253906, 86.132843
164.414062, -310.957031, 99.914093
171.562500, -310.957031, 106.804718
178.710938, -303.808594, 120.585968
157.265625, -310.957031, 120.585968
171.562500, -303.808594, 127.476593
157.265625, -303.808594, 127.476593
157.265625, -310.957031, 134.367218
157.265625, -296.660156, 141.257843
150.117172, -289.511719, 127.476593
150.117172, -310.957031, 127.476593
150.117172, -296.660156, 127.476593
150.117172, -310.957031, 141.257843
157.265625, -296.660156, 148.148468
142.968735, -303.808594, 134.367218
157.265625, -303.808594, 161.929749
157.265625, -296.660156, 134.367218
142.968735, -289.511719, 148.148468
164.414062, -282.363281, 161.929749
157.265625, -296.660156, 148.148468
171.562500, -296.660156, 148.148468
164.414062, -289.511719, 148.148468
171.562500, -303.808594, 134.367218
142.968735, -318.105469, 127.476593
142.968735, -325.253906, 120.585968
135.820297, -325.253906, 113.695343
128.671860, -346.699219, 106.804718
100.078110, -346.699219, 93.023468
114.374985, -360.996094, 86.132843
100.078110, -375.292969, 86.132843
100.078110, -368.144531, 58.570343
71.484367, -368.144531, 58.570343
71.484367, -382.441406, 44.789093
50.039047, -360.996094, 44.789093
42.890610, -375.292969, 51.679718
42.890610, -382.441406, 37.898468
35.742172, -382.441406, 37.898468
35.742172, -396.738281, 31.007843
35.742172, -375.292969, 44.789093
42.890610, -368.144531, 24.117249
35.742172, -375.292969, 37.898468
21.445301, -389.589844, 37.898468
21.445301, -368.144531, 24.117249
28.593735, -375.292969, 37.898468
28.593735, -375.292969, 10.335999
14.296864, -382.441406, -24.117126
21.445301, -396.738281, -10.335876
-0.000015, -396.738281, -31.007751
7.148422, -389.589844, -24.117126
28.593735, -389.589844, -65.460876
28.593735, -389.589844, -79.242126
35.742172, -389.589844, -79.242126
28.593735, -396.738281, -106.804626
28.593735, -375.292969, -113.695251
35.742172, -382.441406, -120.585876
50.039047, -382.441406, -134.367126
42.890610, -382.441406, -148.148376
57.187485, -368.144531, -155.039001
57.187485, -375.292969, -155.039001
64.335930, -375.292969, -168.820251
71.484367, -353.847656, -182.601501
71.484367, -368.144531, -189.492126
50.039047, -353.847656, -196.382751
50.039047, -353.847656, -196.382751
50.039047, -339.550781, -230.835938
35.742172, -325.253906, -244.617188
28.593735, -325.253906, -244.617188
28.593735, -310.957031, -251.507812
35.742172, -310.957031, -272.179688
35.742172, -303.808594, -292.851562
35.742172, -296.660156, -306.632812
21.445301, -289.511719, -320.414062
28.593735, -303.808594, -341.085938
14.296864, -275.214844, -327.304688
14.296864, -282.363281, -327.304688
14.296864, -296.660156, -347.976562
-0.000015, -303.808594, -341.085938
-7.148451, -289.511719, -327.304688
-0.000015, -303.808594, -327.304688
71.484367, -275.214844, -299.742188
64.335930, -260.917969, -313.523438
50.039047, -253.769531, -320.414062
50.039047, -246.621094, -320.414062
50.039047, -239.472656, -334.195312
42.890610, -246.621094, -341.085938
21.445301, -253.769531, -327.304688
28.593735, -225.175781, -313.523438
28.593735, -225.175781, -327.304688
42.890610, -239.472656, -313.523438
50.039047, -225.175781, -327.304688
78.632805, -196.582031, -320.414062
100.078110, -153.691406, -334.195312
64.335930, -182.285156, -341.085938
42.890610, -175.136719, -354.867188
35.742172, -175.136719, -334.195312
21.445301, -182.285156, -341.085938
-7.148451, -182.285156, -327.304688
-21.445328, -182.285156, -341.085938
-42.890640, -160.839844, -347.976562
-42.890640, -153.691406, -341.085938
-35.742203, -160.839844, -354.867188
-50.039078, -146.542969, -341.085938
-64.335953, -146.542969, -361.757812
-71.484390, -146.542969, -361.757812
-71.484390, -146.542969, -354.867188
-64.335953, -146.542969, -361.757812
-64.335953, -139.394531, -354.867188
-78.632828, -125.097649, -361.757812
-85.781265, -103.652344, -375.539062
-64.335953, -110.800781, -368.648438
-71.484390, -82.207031, -382.429688
-57.187515, -89.355469, -368.648438
-78.632828, -67.910156, -382.429688
-78.632828, -46.464828, -368.648438
-78.632828, -39.316391, -375.539062
-57.187515, -32.167953, -368.648438
-71.484390, -10.722641, -375.539062
-64.335953, -10.722641, -375.539062
-50.039078, -10.722641, -361.757812
-57.187515, -3.574203, -354.867188
-42.890640, 3.574234, -354.867188
-42.890640, -3.574203, -361.757812
-35.742203, -17.871078, -361.757812
-21.445328, -17.871078, -354.867188
-21.445328, -10.722641, -354.867188
-28.593765, -17.871078, -361.757812
-42.890640, -10.722641, -361.757812
-28.593765, -17.871078, -341.085938
-35.742203, -17.871078, -354.867188
-21.445328, -32.167953, -368.648438
-21.445328, -32.167953, -354.867188
-28.593765, -46.464828, -361.757812
-7.148451, -32.167953, -368.648438
-7.148451, -46.464828, -368.648438
-14.296890, -53.613281, -347.976562
-21.445328, -75.058594, -361.757812
-28.593765, -75.058594, -354.867188
-28.593765, -89.355469, -375.539062
-42.890640, -96.503906, -361.757812
-42.890640, -96.503906, -354.867188
-35.742203, -96.503906, -361.757812
-42.890640, -110.800781, -354.867188
-28.593765, -110.800781, -368.648438
-35.742203, -96.503906, -361.757812
-35.742203, -103.652344, -368.648438
-28.593765, -125.097649, -361.757812
-35.742203, -117.949211, -361.757812
-35.742203, -125.097649, -375.539062
-14.296890, -132.246094, -361.757812
-28.593765, -117.949211, -368.648438
-28.593765, -125.097649, -361.757812
-21.445328, -110.800781, -375.539062
-21.445328, -125.097649, -361.757812
-28.593765, -110.800781, -361.757812
-28.593765, -117.949211, -354.867188
-35.742203, -117.949211, -375.539062
-21.445328, -110.800781, -361.757812
-14.296890, -103.652344, -368.648438
-14.296890, -96.503906, -368.648438
7.148422, -89.355469, -361.757812
-14.296890, -96.503906, -368.648438
14.296864, -96.503906, -361.757812
28.593735, -89.355469, -368.648438
28.593735, -82.207031, -368.648438
64.335930, -103.652344, -354.867188
50.039047, -117.949211, -347.976562
85.781242, -125.097649, -341.085938
100.078110, -146.542969, -334.195312
100.078110, -153.691406, -299.742188
92.929672, -182.285156, -292.851562
71.484367, -203.730469, -279.070312
71.484367, -225.175781, -272.179688
50.039047, -253.769531, -272.179688
57.187485, -282.363281, -251.507812
92.929672, -282.363281, -251.507812
78.632805, -289.511719, -237.726562
107.226547, -310.957031, -223.945251
71.484367, -325.253906, -230.835938
64.335930, -339.550781, -230.835938
50.039047, -339.550781, -210.164001
71.484367, -339.550781, -203.273376
78.632805, -346.699219, -196.382751
92.929672, -346.699219, -182.601501
114.374985, -353.847656, -189.492126
135.820297, -353.847656, -189.492126
150.117172, -339.550781, -182.601501
164.414062, -339.550781, -182.601501
171.562500, -332.402344, -175.710876
171.562500, -353.847656, -168.820251
171.562500, -346.699219, -161.929626
171.562500, -332.402344, -161.929626
178.710938, -346.699219, -134.367126
185.859375, -346.699219, -113.695251
207.304688, -353.847656, -72.351501
193.007812, -339.550781, -51.679626
178.710938, -346.699219, -44.789001
193.007812, -360.996094, -31.007751
207.304688, -360.996094, -24.117126
221.601547, -339.550781, -24.117126
228.749985, -318.105469, -3.445251
235.898422, -318.105469, -31.007751
264.492188, -310.957031, -17.226501
264.492188, -289.511719, -3.445251
271.640625, -282.363281, 10.335999
300.234375, -239.472656, 10.335999
307.382812, -246.621094, 3.445374
307.382812, -246.621094, 10.335999
293.085938, -253.769531, -17.226501
285.937500, -253.769531, -3.445251
300.234375, -268.066406, -10.335876
278.789062, -275.214844, 17.226624
293.085938, -260.917969, 31.007843
278.789062, -239.472656, 58.570343
285.937500, -239.472656, 58.570343
271.640625, -239.472656, 79.242218
278.789062, -239.472656, 93.023468
278.789062, -225.175781, 106.804718
278.789062, -225.175781, 106.804718
264.492188, -210.878906, 99.914093
285.937500, -210.878906, 113.695343
257.343750, -218.027344, 120.585968
264.492188, -203.730469, 113.695343
271.640625, -196.582031, 120.585968
271.640625, -175.136719, 148.148468
264.492188, -160.839844, 161.929749
271.640625, -160.839844, 182.601624
271.640625, -139.394531, 196.382874
278.789062, -139.394531, 223.945374
278.789062, -139.394531, 237.726624
278.789062, -146.542969, 258.398499
264.492188, -139.394531, 292.851624
278.789062, -139.394531, 299.742249
271.640625, -146.542969, 313.523499
278.789062, -146.542969, 327.304749
278.789062, -160.839844, 327.304749
271.640625, -160.839844, 334.195374
271.640625, -153.691406, 334.195374
278.789062, -160.839844, 347.976624
278.789062, -167.988281, 334.195374
271.640625, -160.839844, 334.195374
271.640625, -160.839844, 320.414124
264.492188, -146.542969, 313.523499
264.492188, -153.691406, 306.632874
250.195297, -146.542969, 313.523499
235.898422, -139.394531, 306.632874
250.195297, -103.652344, 299.742249
243.046860, -110.800781, 292.851624
228.749985, -89.355469, 306.632874
207.304688, -60.761719, 306.632874
193.007812, -53.613281, 313.523499
185.859375, -39.316391, 313.523499
193.007812, -10.722641, 327.304749
185.859375, -17.871078, 320.414124
157.265625, 10.722672, 334.195374
150.117172, 3.574234, 334.195374
142.968735, 10.722672, 320.414124
128.671860, 10.722672, 334.195374
128.671860, 3.574234, 334.195374
135.820297, 17.871094, 334.195374
142.968735, 10.722672, 327.304749
142.968735, 10.722672, 306.632874
157.265625, -25.019516, 292.851624
185.859375, -46.464828, 265.289124
200.156250, -53.613281, 244.617249
221.601547, -75.058594, 223.945374
257.343750, -75.058594, 210.164124
293.085938, -89.355469, 182.601624
285.937500, -103.652344, 141.257843
314.531250, -117.949211, 127.476593
328.828125, -132.246094, 86.132843
350.273438, -153.691406, 51.679718
350.273438, -146.542969, 31.007843
328.828125, -153.691406, -17.226501
350.273438, -167.988281, -44.789001
335.976562, -175.136719, -86.132751
307.382812, -167.988281, -127.476501
307.382812, -182.285156, -182.601501
278.789062, -203.730469, -210.164001
235.898422, -203.730469, -251.507812
207.304688, -189.433594, -279.070312
150.117172, -189.433594, -313.523438
121.523422, -196.582031, -334.195312
64.335930, -160.839844, -334.195312
35.742172, -153.691406, -354.867188
-14.296890, -139.394531, -361.757812
-35.742203, -125.097649, -354.867188
-78.632828, -110.800781, -375.539062
-100.078140, -67.910156, -354.867188
-142.968781, -60.761719, -347.976562
-178.710953, -32.167953, -368.648438
-193.007828, -32.167953, -347.976562
-235.898468, -3.574203, -327.304688
-250.195343, 10.722672, -306.632812
-293.085938, 25.019531, -285.960938
-314.531250, 46.464844, -279.070312
-314.531250, 39.316406, -251.507812
-335.976562, 53.613281, -244.617188
-350.273438, 46.464844, -230.835938
-364.570312, 89.355469, -196.382751
-371.718750, 96.503906, -175.710876
-386.015625, 82.207031, -155.039001
-393.164062, 89.355469, -148.148376
-421.757874, 67.910156, -141.257751
-414.609375, 82.207031, -155.039001
-414.609375, 82.207031, -141.257751
-421.757874, 82.207031, -127.476501
-414.609375, 89.355469, -93.023376
-421.757874, 110.800781, -72.351501
-407.460938, 89.355469, -44.789001
-400.312500, 96.503906, -31.007751
-400.312500, 103.652344, 10.335999
-393.164062, 89.355469, 37.898468
-400.312500, 89.355469, 72.351593
-386.015625, 75.058594, 86.132843
-378.867188, 67.910156, 99.914093
-386.015625, 53.613281, 113.695343
-378.867188, 53.613281, 127.476593
-386.015625, 46.464844, 127.476593
-378.867188, 25.019531, 127.476593
-371.718750, 25.019531, 120.585968
-378.867188, 25.019531, 134.367218
-371.718750, 3.574234, 148.148468
-378.867188, 3.574234, 155.039093
-357.421875, 3.574234, 141.257843
-364.570312, 17.871094, 148.148468
-357.421875, 3.574234, 168.820374
-335.976562, 3.574234, 196.382874
-328.828125, -25.019516, 203.273499
-314.531250, -39.316391, 251.507874
-285.937531, -103.652344, 265.289124
-250.195343, -110.800781, 279.070374
-235.898468, -117.949211, 292.851624
-214.453140, -117.949211, 299.742249
-214.453140, -117.949211, 292.851624
-214.453140, -110.800781, 285.960999
-200.156265, -117.949211, 299.742249
-200.156265, -117.949211, 292.851624
-221.601578, -117.949211, 292.851624
-221.601578, -125.097649, 292.851624
-228.750031, -117.949211, 306.632874
-221.601578, -103.652344, 285.960999
-221.601578, -117.949211, 279.070374
-243.046906, -132.246094, 292.851624
-235.898468, -110.800781, 292.851624
-221.601578, -125.097649, 292.851624
-228.750031, -117.949211, 306.632874
-228.750031, -117.949211, 285.960999
-221.601578, -103.652344, 285.960999
-228.750031, -117.949211, 272.179749
-235.898468, -117.949211, 279.070374
-243.046906, -110.800781, 272.179749
-243.046906, -125.097649, 272.179749
-250.195343, -139.394531, 265.289124
-257.343781, -153.691406, 244.617249
-264.492218, -167.988281, 217.054749
-271.640656, -175.136719, 217.054749
-264.492218, -167.988281, 223.945374
-250.195343, -182.285156, 230.835999
-264.492218, -167.988281, 210.164124
-278.789093, -160.839844, 189.492249
-285.937531, -175.136719, 175.710999
-314.531250, -182.285156, 120.585968
-328.828125, -153.691406, 148.148468
-343.125000, -153.691406, 99.914093
-335.976562, -160.839844, 79.242218
-350.273438, -160.839844, 44.789093
-357.421875, -182.285156, 17.226624
-350.273438, -160.839844, -17.226501
-343.125000, -139.394531, -93.023376
-335.976562, -153.691406, -127.476501
-328.828125, -139.394531, -155.039001
-314.531250, -139.394531, -196.382751
-307.382812, -125.097649, -223.945251
-271.640656, -146.542969, -237.726562
-243.046906, -160.839844, -258.398438
-221.601578, -182.285156, -265.289062
-193.007828, -175.136719, -285.960938
-157.265656, -196.582031, -285.960938
-92.929703, -203.730469, -244.617188
-57.187515, -218.027344, -265.289062
-14.296890, -225.175781, -285.960938
28.593735, -246.621094, -279.070312
42.890610, -275.214844, -272.179688
78.632805, -289.511719, -258.398438
100.078110, -303.808594, -230.835938
142.968735, -318.105469, -182.601501
178.710938, -325.253906, -134.367126
178.710938, -339.550781, -93.023376
207.304688, -353.847656, -44.789001
250.195297, -303.808594, -3.445251
257.343750, -289.511719, 44.789093
235.898422, -289.511719, 65.460968
221.601547, -275.214844, 99.914093
207.304688, -268.066406, 148.148468
193.007812, -260.917969, 168.820374
178.710938, -239.472656, 196.382874
157.265625, -203.730469, 223.945374
171.562500, -203.730469, 237.726624
200.156250, -203.730469, 251.507874
178.710938, -210.878906, 244.617249
171.562500, -232.324219, 217.054749
171.562500, -246.621094, 223.945374
150.117172, -260.917969, 223.945374
128.671860, -253.769531, 244.617249
128.671860, -239.472656, 279.070374
92.929672, -203.730469, 292.851624
85.781242, -225.175781, 306.632874
64.335930, -225.175781, 285.960999
50.039047, -232.324219, 279.070374
35.742172, -239.472656, 292.851624
28.593735, -253.769531, 306.632874
28.593735, -225.175781, 327.304749
-0.000015, -225.175781, 320.414124
-21.445328, -232.324219, 313.523499
-28.593765, -218.027344, 299.742249
-50.039078, -225.175781, 292.851624
-57.187515, -239.472656, 292.851624
-35.742203, -232.324219, 299.742249
-57.187515, -246.621094, 279.070374
-64.335953, -239.472656, 272.179749
-71.484390, -239.472656, 258.398499
-50.039078, -246.621094, 244.617249
-35.742203, -232.324219, 237.726624
-0.000015, -225.175781, 237.726624
21.445301, -210.878906, 258.398499
71.484367, -182.285156, 258.398499
114.374985, -182.285156, 251.507874
178.710938, -175.136719, 237.726624
193.007812, -167.988281, 217.054749
200.156250, -182.285156, 175.710999
221.601547, -167.988281, 168.820374
250.195297, -175.136719, 155.039093
250.195297, -182.285156, 141.257843
278.789062, -167.988281, 113.695343
264.492188, -189.433594, 93.023468
271.640625, -175.136719, 65.460968
293.085938, -189.433594, 58.570343
300.234375, -203.730469, 31.007843
321.679688, -225.175781, -3.445251
314.531250, -218.027344, -31.007751
321.679688, -218.027344, -37.898376
314.531250, -189.433594, -44.789001
328.828125, -196.582031, -44.789001
328.828125, -203.730469, -72.351501
321.679688, -203.730469, -86.132751
321.679688, -203.730469, -72.351501
321.679688, -218.027344, -65.460876
321.679688, -218.027344, -31.007751
328.828125, -210.878906, 3.445374
307.382812, -232.324219, 31.007843
300.234375, -196.582031, 86.132843
293.085938, -210.878906, 113.695343
278.789062, -210.878906, 134.367218
271.640625, -196.582031, 148.148468
257.343750, -189.433594, 161.929749
271.640625, -182.285156, 155.039093
257.343750, -160.839844, 182.601624
278.789062, -146.542969, 182.601624
278.789062, -139.394531, 210.164124
278.789062, -153.691406, 189.492249
285.937500, -146.542969, 182.601624
293.085938, -167.988281, 175.710999
285.937500, -182.285156, 155.039093
293.085938, -182.285156, 148.148468
278.789062, -182.285156, 127.476593
300.234375, -189.433594, 120.585968
300.234375, -203.730469, 86.132843
300.234375, -218.027344, 79.242218
328.828125, -225.175781, 24.117249
314.531250, -246.621094, -17.226501
307.382812, -232.324219, -37.898376
300.234375, -239.472656, -72.351501
285.937500, -218.027344, -106.804626
307.382812, -225.175781, -127.476501
278.789062, -232.324219, -148.148376
271.640625, -232.324219, -161.929626
264.492188, -225.175781, -182.601501
243.046860, -232.324219, -189.492126
228.749985, -218.027344, -217.054626
250.195297, -232.324219, -210.164001
235.898422, -218.027344, -210.164001
243.046860, -218.027344, -210.164001
243.046860, -210.878906, -203.273376
243.046860, -210.878906, -217.054626
243.046860, -232.324219, -203.273376
264.492188, -218.027344, -182.601501
264.492188, -218.027344, -189.492126
278.789062, -218.027344, -168.820251
278.789062, -218.027344, -161.929626
271.640625, -225.175781, -148.148376
278.789062, -210.878906, -141.257751
300.234375, -203.730469, -113.695251
314.531250, -218.027344, -99.914001
328.828125, -203.730469, -86.132751
328.828125, -175.136719, -72.351501
350.273438, -160.839844, -44.789001
364.570312, -146.542969, -10.335876
378.867188, -125.097649, 17.226624
386.015625, -82.207031, 72.351593
386.015625, -67.910156, 99.914093
393.164062, -46.464828, 127.476593
386.015625, -25.019516, 134.367218
371.718750, -39.316391, 161.929749
371.718750, -25.019516, 175.710999
343.125000, -46.464828, 196.382874
335.976562, -39.316391, 196.382874
343.125000, -67.910156, 203.273499
328.828125, -89.355469, 203.273499
328.828125, -96.503906, 189.492249
321.679688, -139.394531, 189.492249
314.531250, -139.394531, 161.929749
314.531250, -167.988281, 148.148468
307.382812, -182.285156, 127.476593
293.085938, -203.730469, 127.476593
293.085938, -239.472656, 120.585968
293.085938, -225.175781, 93.023468
293.085938, -246.621094, 58.570343
300.234375, -246.621094, 51.679718
278.789062, -246.621094, 44.789093
293.085938, -246.621094, 3.445374
293.085938, -239.472656, -24.117126
285.937500, -253.769531, -37.898376
285.937500, -246.621094, -93.023376
285.937500, -239.472656, -113.695251
293.085938, -225.175781, -113.695251
293.085938, -225.175781, -155.039001
278.789062, -203.730469, -175.710876
278.789062, -189.433594, -189.492126
264.492188, -189.433594, -196.382751
271.640625, -189.433594, -210.164001
271.640625, -175.136719, -223.945251
250.195297, -160.839844, -223.945251
214.453125, -182.285156, -251.507812
221.601547, -189.433594, -251.507812
207.304688, -203.730469, -251.507812
200.156250, -203.730469, -237.726562
185.859375, -218.027344, -244.617188
178.710938, -246.621094, -230.835938
171.562500, -239.472656, -230.835938
164.414062, -275.214844, -210.164001
193.007812, -268.066406, -196.382751
171.562500, -268.066406, -175.710876
207.304688, -268.066406, -161.929626
200.156250, -282.363281, -161.929626
221.601547, -268.066406, -148.148376
243.046860, -260.917969, -148.148376
250.195297, -260.917969, -127.476501
278.789062, -246.621094, -99.914001
321.679688, -225.175781, -65.460876
335.976562, -210.878906, -31.007751
357.421875, -182.285156, 17.226624
378.867188, -160.839844, 37.898468
371.718750, -146.542969, 86.132843
371.718750, -125.097649, 113.695343
343.125000, -96.503906, 141.257843
328.828125, -75.058594, 155.039093
307.382812, -89.355469, 168.820374
293.085938, -96.503906, 203.273499
278.789062, -103.652344, 217.054749
264.492188, -132.246094, 230.835999
243.046860, -139.394531, 223.945374
207.304688, -146.542969, 251.507874
214.453125, -160.839844, 237.726624
200.156250, -160.839844, 251.507874
178.710938, -189.433594, 244.617249
171.562500, -203.730469, 230.835999
164.414062, -239.472656, 210.164124
142.968735, -253.769531, 203.273499
157.265625, -268.066406, 182.601624
157.265625, -275.214844, 168.820374
164.414062, -296.660156, 141.257843
157.265625, -289.511719, 127.476593
164.414062, -325.253906, 86.132843
207.304688, -303.808594, 86.132843
207.304688, -303.808594, 44.789093
228.749985, -310.957031, -3.445251
257.343750, -303.808594, -31.007751
264.492188, -296.660156, -58.570251
264.492188, -268.066406, -79.242126
285.937500, -253.769531, -120.585876
293.085938, -232.324219, -134.367126
307.382812, -203.730469, -168.820251
293.085938, -182.285156, -182.601501
307.382812, -146.542969, -182.601501
321.679688, -125.097649, -182.601501
328.828125, -132.246094, -168.820251
314.531250, -125.097649, -175.710876
307.382812, -146.542969, -155.039001
343.125000, -125.097649, -175.710876
328.828125, -132.246094, -161.929626
328.828125, -132.246094, -155.039001
321.679688, -146.542969, -155.039001
314.531250, -146.542969, -161.929626
321.679688, -175.136719, -148.148376
307.382812, -167.988281, -155.039001
314.531250, -196.582031, -148.148376
314.531250, -189.433594, -141.257751
307.382812, -203.730469, -148.148376
314.531250, -196.582031, -141.257751
293.085938, -189.433594, -141.257751
307.382812, -203.730469, -141.257751
307.382812, -196.582031, -148.148376
307.382812, -210.878906, -120.585876
321.679688, -203.730469, -106.804626
335.976562, -189.433594, -86.132751
328.828125, -196.582031, -58.570251
350.273438, -203.730469, -31.007751
343.125000, -182.285156, 3.445374
343.125000, -160.839844, 51.679718
343.125000, -139.394531, 79.242218
321.679688, -96.503906, 120.585968
321.679688, -39.316391, 161.929749
293.085938, 10.722672, 189.492249
264.492188, 60.761719, 223.945374
235.898422, 82.207031, 244.617249
214.453125, 117.949219, 272.179749
178.710938, 139.394531, 292.851624
150.117172, 160.839874, 299.742249
128.671860, 189.433624, 313.523499
100.078110, 210.878937, 299.742249
64.335930, 225.175812, 299.742249
42.890610, 253.769562, 285.960999
28.593735, 275.214844, 251.507874
28.593735, 289.511719, 258.398499
7.148422, 275.214844, 258.398499
-7.148451, 296.660156, 272.179749
-21.445328, 289.511719, 265.289124
-28.593765, 275.214844, 272.179749
-28.593765, 289.511719, 265.289124
-28.593765, 303.808594, 272.179749
-21.445328, 296.660156, 272.179749
-28.593765, 303.808594, 265.289124
-50.039078, 310.957031, 258.398499
-71.484390, 310.957031, 272.179749
-71.484390, 318.105469, 251.507874
-78.632828, 310.957031, 237.726624
-71.484390, 332.402344, 223.945374
-85.781265, 325.253906, 237.726624
-107.226578, 339.550781, 223.945374
-100.078140, 332.402344, 210.164124
-78.632828, 332.402344, 217.054749
-100.078140, 339.550781, 217.054749
-85.781265, 325.253906, 230.835999
-78.632828, 303.808594, 230.835999
-42.890640, 289.511719, 251.507874
-21.445328, 282.363281, 272.179749
21.445301, 275.214844, 272.179749
78.632805, 260.917999, 285.960999
128.671860, 239.472687, 285.960999
164.414062, 196.582062, 285.960999
185.859375, 146.542999, 285.960999
250.195297, 96.503906, 265.289124
271.640625, 46.464844, 244.617249
314.531250, -17.871078, 210.164124
335.976562, -46.464828, 175.710999
328.828125, -75.058594, 134.367218
343.125000, -110.800781, 93.023468
357.421875, -132.246094, 31.007843
350.273438, -146.542969, -3.445251
350.273438, -160.839844, -58.570251
343.125000, -139.394531, -99.914001
343.125000, -132.246094, -134.367126
335.976562, -110.800781, -148.148376
350.273438, -89.355469, -161.929626
350.273438, -60.761719, -175.710876
343.125000, -46.464828, -161.929626
357.421875, -32.167953, -141.257751
364.570312, 3.574234, -134.367126
371.718750, -3.574203, -134.367126
364.570312, 3.574234, -134.367126
357.421875, 3.574234, -141.257751
357.421875, 10.722672, -113.695251
357.421875, 25.019531, -113.695251
378.867188, 53.613281, -93.023376
371.718750, 46.464844, -65.460876
378.867188, 39.316406, -65.460876
371.718750, 46.464844, -58.570251
386.015625, 46.464844, -65.460876
378.867188, 46.464844, -65.460876
371.718750, 53.613281, -65.460876
364.570312, 32.167969, -72.351501
386.015625, 39.316406, -86.132751
378.867188, 3.574234, -93.023376
364.570312, -3.574203, -106.804626
357.421875, -17.871078, -141.257751
371.718750, -32.167953, -141.257751
343.125000, -39.316391, -175.710876
350.273438, -53.613281, -168.820251
335.976562, -46.464828, -168.820251
328.828125, -60.761719, -189.492126
335.976562, -89.355469, -203.273376
321.679688, -117.949211, -182.601501
307.382812, -132.246094, -168.820251
321.679688, -160.839844, -155.039001
343.125000, -160.839844, -134.367126
343.125000, -167.988281, -120.585876
350.273438, -167.988281, -65.460876
357.421875, -175.136719, -31.007751
357.421875, -160.839844, 10.335999
357.421875, -146.542969, 65.460968
343.125000, -132.246094, 106.804718
307.382812, -96.503906, 134.367218
285.937500, -89.355469, 182.601624
250.195297, -75.058594, 230.835999
214.453125, -25.019516, 279.070374
185.859375, 10.722672, 306.632874
157.265625, 53.613281, 327.304749
114.374985, 67.910156, 320.414124
85.781242, 110.800781, 341.085999
71.484367, 125.097656, 341.085999
35.742172, 146.542999, 341.085999
-7.148451, 146.542999, 334.195374
-42.890640, 146.542999, 320.414124
-78.632828, 160.839874, 327.304749
-92.929703, 167.988312, 306.632874
-121.523453, 189.433624, 299.742249
-157.265656, 189.433624, 292.851624
-171.562515, 182.285187, 265.289124
-185.859390, 182.285187, 272.179749
-178.710953, 210.878937, 258.398499
-207.304703, 210.878937, 265.289124
-178.710953, 210.878937, 258.398499
-185.859390, 203.730499, 258.398499
-178.710953, 196.582062, 279.070374
-164.414078, 167.988312, 292.851624
-150.117218, 160.839874, 313.523499
-135.820343, 146.542999, 313.523499
-114.375015, 132.246094, 334.195374
-42.890640, 132.246094, 327.304749
-14.296890, 153.691437, 347.976624
28.593735, 139.394531, 341.085999
57.187485, 125.097656, 320.414124
100.078110, 110.800781, 320.414124
135.820297, 103.652344, 320.414124
178.710938, 117.949219, 306.632874
207.304688, 96.503906, 285.960999
264.492188, 96.503906, 258.398499
271.640625, 82.207031, 223.945374
285.937500, 60.761719, 203.273499
335.976562, 46.464844, 175.710999
321.679688, 46.464844, 134.367218
335.976562, 32.167969, 106.804718
335.976562, 46.464844, 72.351593
335.976562, 32.167969, 44.789093
335.976562, 17.871094, 31.007843
350.273438, -10.722641, -3.445251
364.570312, -39.316391, 10.335999
357.421875, -32.167953, -10.335876
393.164062, 3.574234, -37.898376
386.015625, 3.574234, -93.023376
364.570312, 25.019531, -120.585876
350.273438, 25.019531, -161.929626
343.125000, 25.019531, -182.601501
314.531250, 17.871094, -203.273376
307.382812, 32.167969, -210.164001
300.234375, 53.613281, -251.507812
271.640625, 39.316406, -272.179688
264.492188, 53.613281, -285.960938
221.601547, 32.167969, -306.632812
221.601547, 10.722672, -327.304688
178.710938, -17.871078, -341.085938
142.968735, -32.167953, -354.867188
100.078110, -67.910156, -368.648438
57.187485, -82.207031, -368.648438
14.296864, -125.097649, -361.757812
-57.187515, -167.988281, -334.195312
-135.820343, -203.730469, -299.742188
-150.117218, -253.769531, -251.507812
-157.265656, -275.214844, -237.726562
-178.710953, -325.253906, -175.710876
-171.562515, -325.253906, -155.039001
-200.156265, -339.550781, -127.476501
-171.562515, -353.847656, -99.914001
-178.710953, -360.996094, -65.460876
-185.859390, -360.996094, -24.117126
-164.414078, -360.996094, 10.335999
-157.265656, -339.550781, 37.898468
-142.968781, -332.402344, 51.679718
-135.820343, -332.402344, 72.351593
-128.671890, -339.550781, 99.914093
-121.523453, -332.402344, 93.023468
-128.671890, -325.253906, 99.914093
-107.226578, -325.253906, 93.023468
-142.968781, -325.253906, 113.695343
-150.117218, -332.402344, 99.914093
-142.968781, -332.402344, 113.695343
-135.820343, -339.550781, 86.132843
-121.523453, -353.847656, 65.460968
-142.968781, -353.847656, 44.789093
-150.117218, -360.996094, 17.226624
-142.968781, -368.144531, -10.335876
-135.820343, -353.847656, -51.679626
-135.820343, -353.847656, -86.132751
-142.968781, -339.550781, -141.257751
-121.523453, -339.550781, -155.039001
-100.078140, -325.253906, -203.273376
-100.078140, -310.957031, -217.054626
-64.335953, -303.808594, -244.617188
-7.148451, -289.511719, -258.398438
50.039047, -282.363281, -272.179688
85.781242, -239.472656, -279.070312
135.820297, -239.472656, -285.960938
164.414062, -218.027344, -265.289062
193.007812, -210.878906, -258.398438
221.601547, -210.878906, -251.507812
250.195297, -182.285156, -210.164001
271.640625, -182.285156, -210.164001
300.234375, -175.136719, -182.601501
307.382812, -160.839844, -155.039001
335.976562, -167.988281, -134.367126
335.976562, -167.988281, -106.804626
335.976562, -210.878906, -65.460876
357.421875, -196.582031, 3.445374
343.125000, -189.433594, 31.007843
328.828125, -182.285156, 79.242218
335.976562, -153.691406, 99.914093
314.531250, -146.542969, 141.257843
285.937500, -132.246094, 155.039093
264.492188, -89.355469, 196.382874
243.046860, -75.058594, 230.835999
235.898422, -46.464828, 237.726624
214.453125, -46.464828, 272.179749
207.304688, -46.464828, 272.179749
193.007812, -10.722641, 285.960999
193.007812, 25.019531, 285.960999
178.710938, 39.316406, 285.960999
171.562500, 53.613281, 306.632874
193.007812, 75.058594, 292.851624
185.859375, 60.761719, 279.070374
200.156250, 67.910156, 265.289124
207.304688, 46.464844, 244.617249
207.304688, 67.910156, 258.398499
200.156250, 82.207031, 258.398499
214.453125, 125.097656, 258.398499
221.601547, 153.691437, 244.617249
228.749985, 160.839874, 244.617249
221.601547, 182.285187, 237.726624
221.601547, 203.730499, 223.945374
235.898422, 210.878937, 210.164124
250.195297, 225.175812, 196.382874
243.046860, 239.472687, 189.492249
250.195297, 239.472687, 182.601624
250.195297, 253.769562, 175.710999
257.343750, 246.621124, 161.929749
257.343750, 260.917999, 182.601624
250.195297, 253.769562, 168.820374
228.749985, 246.621124, 155.039093
250.195297, 253.769562, 155.039093
250.195297, 268.066437, 175.710999
235.898422, 268.066437, 182.601624
235.898422, 239.472687, 175.710999
235.898422, 232.324249, 182.601624
235.898422, 225.175812, 182.601624
243.046860, 218.027374, 189.492249
257.343750, 196.582062, 182.601624
235.898422, 189.433624, 203.273499
264.492188, 175.136749, 189.492249
278.789062, 146.542999, 189.492249
293.085938, 117.949219, 189.492249
300.234375, 75.058594, 161.929749
328.828125, 25.019531, 148.148468
343.125000, -39.316391, 120.585968
335.976562, -89.355469, 72.351593
343.125000, -125.097649, 44.789093
328.828125, -160.839844, 10.335999
328.828125, -196.582031, 10.335999
321.679688, -210.878906, -10.335876
293.085938, -210.878906, 3.445374
300.234375, -239.472656, -17.226501
300.234375, -239.472656, -31.007751
293.085938, -268.066406, -31.007751
285.937500, -260.917969, -44.789001
285.937500, -268.066406, -44.789001
285.937500, -260.917969, -37.898376
293.085938, -253.769531, -24.117126
293.085938, -239.472656, 3.445374
300.234375, -232.324219, 31.007843
314.531250, -196.582031, 65.460968
321.679688, -167.988281, 86.132843
314.531250, -117.949211, 134.367218
314.531250, -89.355469, 148.148468
314.531250, -25.019516, 182.601624
328.828125, 3.574234, 196.382874
314.531250, 53.613281, 203.273499
314.531250, 67.910156, 210.164124
285.937500, 110.800781, 217.054749
271.640625, 139.394531, 217.054749
235.898422, 182.285187, 230.835999
235.898422, 196.582062, 230.835999
214.453125, 218.027374, 244.617249
185.859375, 232.324249, 265.289124
171.562500, 225.175812, 258.398499
135.820297, 246.621124, 258.398499
128.671860, 260.917999, 258.398499
100.078110, 260.917999, 251.507874
85.781242, 275.214844, 258.398499
57.187485, 296.660156, 244.617249
35.742172, 310.957031, 223.945374
14.296864, 332.402344, 223.945374
-14.296890, 346.699219, 203.273499
-35.742203, 360.996094, 189.492249
-42.890640, 360.996094, 182.601624
-57.187515, 389.589844, 155.039093
-42.890640, 389.589844, 148.148468
-50.039078, 396.738281, 134.367218
-50.039078, 389.589844, 120.585968
-50.039078, 411.035156, 106.804718
-35.742203, 411.035156, 99.914093
-35.742203, 389.589844, 93.023468
-28.593765, 411.035156, 79.242218
-14.296890, 411.035156, 93.023468
-7.148451, 403.886719, 99.914093
-0.000015, 411.035156, 106.804718
35.742172, 411.035156, 113.695343
57.187485, 403.886719, 127.476593
92.929672, 382.441406, 134.367218
128.671860, 353.847656, 134.367218
171.562500, 353.847656, 155.039093
200.156250, 332.402344, 134.367218
235.898422, 296.660156, 134.367218
271.640625, 282.363281, 113.695343
293.085938, 239.472687, 86.132843
321.679688, 210.878937, 72.351593
343.125000, 167.988312, 37.898468
364.570312, 153.691437, 17.226624
371.718750, 125.097656, -17.226501
371.718750, 89.355469, -44.789001
378.867188, 67.910156, -86.132751
364.570312, 46.464844, -99.914001
371.718750, 46.464844, -134.367126
357.421875, 60.761719, -155.039001
350.273438, 46.464844, -175.710876
335.976562, 53.613281, -182.601501
321.679688, 60.761719, -210.164001
300.234375, 67.910156, -237.726562
271.640625, 53.613281, -258.398438
257.343750, 53.613281, -272.179688
235.898422, 46.464844, -313.523438
193.007812, 32.167969, -327.304688
164.414062, 10.722672, -334.195312
114.374985, 17.871094, -354.867188
71.484367, -3.574203, -354.867188
28.593735, 3.574234, -361.757812
-21.445328, -17.871078, -382.429688
-64.335953, -32.167953, -368.648438
-100.078140, -39.316391, -354.867188
-150.117218, -53.613281, -341.085938
-185.859390, -60.761719, -327.304688
-207.304703, -82.207031, -313.523438
-235.898468, -110.800781, -265.289062
-285.937531, -125.097649, -237.726562
-300.234375, -146.542969, -210.164001
-314.531250, -146.542969, -161.929626
-328.828125, -153.691406, -120.585876
-343.125000, -160.839844, -72.351501
-364.570312, -189.433594, -24.117126
-364.570312, -167.988281, 3.445374
-357.421875, -175.136719, 31.007843
-343.125000, -175.136719, 65.460968
-328.828125, -160.839844, 99.914093
-321.679688, -160.839844, 127.476593
-300.234375, -160.839844, 175.710999
-300.234375, -153.691406, 175.710999
-307.382812, -132.246094, 189.492249
-293.085938, -96.503906, 189.492249
-293.085938, -89.355469, 203.273499
-293.085938, -82.207031, 210.164124
-314.531250, -103.652344, 203.273499
-300.234375, -96.503906, 182.601624
-314.531250, -117.949211, 182.601624
-300.234375, -146.542969, 155.039093
-300.234375, -167.988281, 134.367218
-314.531250, -182.285156, 99.914093
-314.531250, -182.285156, 51.679718
-335.976562, -210.878906, 10.335999
-328.828125, -210.878906, -17.226501
-285.937531, -225.175781, -72.351501
-278.789093, -260.917969, -99.914001
-228.750031, -275.214844, -141.257751
-185.859390, -289.511719, -161.929626
-114.375015, -325.253906, -189.492126
-50.039078, -318.105469, -182.601501
14.296864, -339.550781, -196.382751
50.039047, -339.550781, -203.273376
78.632805, -303.808594, -203.273376
128.671860, -296.660156, -217.054626
178.710938, -275.214844, -210.164001
200.156250, -246.621094, -203.273376
228.749985, -232.324219, -210.164001
250.195297, -203.730469, -203.273376
278.789062, -189.433594, -196.382751
293.085938, -167.988281, -182.601501
307.382812, -153.691406, -168.820251
343.125000, -139.394531, -141.257751
350.273438, -153.691406, -127.476501
335.976562, -146.542969, -120.585876
328.828125, -167.988281, -86.132751
343.125000, -160.839844, -65.460876
350.273438, -160.839844, -37.898376
350.273438, -175.136719, -10.335876
350.273438, -160.839844, 24.117249
350.273438, -175.136719, 24.117249
350.273438, -153.691406, 24.117249
364.570312, -146.542969, 24.117249
357.421875, -146.542969, 44.789093
350.273438, -139.394531, 44.789093
350.273438, -117.949211, 44.789093
371.718750, -110.800781, 37.898468
357.421875, -82.207031, 51.679718
364.570312, -89.355469, 72.351593
364.570312, -67.910156, 86.132843
364.570312, -53.613281, 99.914093
343.125000, -39.316391, 93.023468
350.273438, -25.019516, 113.695343
350.273438, -3.574203, 120.585968
343.125000, 17.871094, 120.585968
335.976562, 17.871094, 120.585968
335.976562, 39.316406, 134.367218
321.679688, 53.613281, 141.257843
321.679688, 67.910156, 161.929749
307.382812, 75.058594, 175.710999
314.531250, 82.207031, 189.492249
328.828125, 75.058594, 217.054749
321.679688, 96.503906, 203.273499
328.828125, 89.355469, 217.054749
321.679688, 82.207031, 217.054749
300.234375, 110.800781, 244.617249
300.234375, 125.097656, 237.726624
300.234375, 132.246094, 230.835999
321.679688, 110.800781, 230.835999
314.531250, 82.207031, 217.054749
300.234375, 89.355469, 210.164124
307.382812, 75.058594, 189.492249
314.531250, 46.464844, 182.601624
328.828125, 39.316406, 196.382874
321.679688, 32.167969, 182.601624
300.234375, 53.613281, 168.820374
328.828125, 17.871094, 161.929749
307.382812, 53.613281, 161.929749
335.976562, 53.613281, 161.929749
328.828125, 75.058594, 155.039093
335.976562, 53.613281, 155.039093
328.828125, 32.167969, 148.148468
335.976562, 46.464844, 148.148468
335.976562, 53.613281, 161.929749
335.976562, 53.613281, 161.929749
321.679688, 60.761719, 148.148468
321.679688, 53.613281, 161.929749
314.531250, 82.207031, 161.929749
314.531250, 89.355469, 161.929749
314.531250, 89.355469, 168.820374
314.531250, 103.652344, 168.820374
314.531250, 89.355469, 175.710999
293.085938, 117.949219, 175.710999
300.234375, 103.652344, 161.929749
314.531250, 125.097656, 168.820374
293.085938, 117.949219, 182.601624
293.085938, 125.097656, 175.710999
285.937500, 132.246094, 168.820374
293.085938, 139.394531, 182.601624
278.789062, 139.394531, 189.492249
293.085938, 146.542999, 189.492249
264.492188, 160.839874, 196.382874
264.492188, 146.542999, 189.492249
264.492188, 153.691437, 196.382874
264.492188, 146.542999, 189.492249
278.789062, 139.394531, 203.273499
257.343750, 146.542999, 203.273499
264.492188, 146.542999, 182.601624
271.640625, 139.394531, 210.164124
250.195297, 125.097656, 210.164124
264.492188, 125.097656, 196.382874
257.343750, 110.800781, 189.492249
250.195297, 117.949219, 217.054749
250.195297, 117.949219, 217.054749
264.492188, 117.949219, 203.273499
264.492188, 110.800781, 196.382874
257.343750, 96.503906, 203.273499
257.343750, 89.355469, 196.382874
243.046860, 67.910156, 196.382874
250.195297, 67.910156, 182.601624
235.898422, 60.761719, 189.492249
250.195297, 67.910156, 182.601624
243.046860, 60.761719, 168.820374
250.195297, 46.464844, 161.929749
221.601547, 46.464844, 189.492249
214.453125, 32.167969, 148.148468
243.046860, 32.167969, 168.820374
228.749985, 32.167969, 168.820374
221.601547, 17.871094, 168.820374
207.304688, 17.871094, 161.929749
214.453125, 3.574234, 175.710999
214.453125, 3.574234, 182.601624
214.453125, -25.019516, 196.382874
221.601547, -32.167953, 210.164124
228.749985, -53.613281, 244.617249
235.898422, -10.722641, 237.726624
243.046860, 10.722672, 251.507874
271.640625, -3.574203, 251.507874
235.898422, -10.722641, 230.835999
264.492188, -3.574203, 251.507874
235.898422, -10.722641, 237.726624
264.492188, 3.574234, 251.507874
264.492188, 10.722672, 244.617249
250.195297, -3.574203, 251.507874
271.640625, -3.574203, 237.726624
257.343750, -46.464828, 237.726624
264.492188, -46.464828, 230.835999
278.789062, -39.316391, 223.945374
271.640625, -25.019516, 210.164124
264.492188, -25.019516, 244.617249
271.640625, -39.316391, 217.054749
271.640625, -10.722641, 217.054749
285.937500, -25.019516, 230.835999
285.937500, -17.871078, 217.054749
278.789062, -32.167953, 196.382874
264.492188, -32.167953, 203.273499
285.937500, -32.167953, 203.273499
278.789062, -53.613281, 182.601624
285.937500, -46.464828, 155.039093
278.789062, -53.613281, 148.148468
300.234375, -46.464828, 134.367218
307.382812, -60.761719, 134.367218
314.531250, -60.761719, 127.476593
307.382812, -75.058594, 113.695343
293.085938, -89.355469, 99.914093
314.531250, -110.800781, 86.132843
300.234375, -153.691406, 58.570343
300.234375, -189.433594, 58.570343
293.085938, -196.582031, 37.898468
307.382812, -225.175781, 44.789093
278.789062, -225.175781, 10.335999
271.640625, -260.917969, -10.335876
264.492188, -253.769531, -37.898376
257.343750, -275.214844, -37.898376
250.195297, -289.511719, -31.007751
250.195297, -282.363281, -72.351501
250.195297, -303.808594, -93.023376
228.749985, -303.808594, -113.695251
221.601547, -303.808594, -141.257751
228.749985, -303.808594, -134.367126
228.749985, -310.957031, -134.367126
221.601547, -296.660156, -141.257751
235.898422, -275.214844, -148.148376
228.749985, -296.660156, -148.148376
250.195297, -296.660156, -148.148376
250.195297, -275.214844, -134.367126
271.640625, -275.214844, -127.476501
293.085938, -253.769531, -99.914001
314.531250, -232.324219, -86.132751
321.679688, -225.175781, -93.023376
321.679688, -196.582031, -86.132751
335.976562, -182.285156, -72.351501
357.421875, -146.542969, -31.007751
371.718750, -125.097649, -10.335876
357.421875, -89.355469, 3.445374
350.273438, -60.761719, 17.226624
357.421875, -32.167953, 65.460968
350.273438, -3.574203, 65.460968
343.125000, 10.722672, 79.242218
343.125000, 46.464844, 120.585968
321.679688, 75.058594, 141.257843
293.085938, 117.949219, 175.710999
271.640625, 139.394531, 189.492249
250.195297, 175.136749, 217.054749
228.749985, 189.433624, 223.945374
221.601547, 203.730499, 223.945374
214.453125, 218.027374, 244.617249
214.453125, 225.175812, 244.617249
214.453125, 218.027374, 251.507874
228.749985, 218.027374, 230.835999
228.749985, 196.582062, 230.835999
250.195297, 189.433624, 223.945374
257.343750, 160.839874, 217.054749
278.789062, 139.394531, 196.382874
293.085938, 117.949219, 196.382874
307.382812, 82.207031, 189.492249
321.679688, 53.613281, 161.929749
335.976562, 32.167969, 127.476593
364.570312, -25.019516, 99.914093
357.421875, -60.761719, 58.570343
364.570312, -96.503906, 31.007843
357.421875, -153.691406, -17.226501
335.976562, -196.582031, -58.570251
307.382812, -225.175781, -99.914001
264.492188, -268.066406, -134.367126
235.898422, -268.066406, -161.929626
207.304688, -296.660156, -182.601501
178.710938, -303.808594, -217.054626
135.820297, -289.511719, -223.945251
121.523422, -296.660156, -251.507812
107.226547, -296.660156, -258.398438
85.781242, -282.363281, -285.960938
50.039047, -282.363281, -272.179688
50.039047, -260.917969, -279.070312
28.593735, -260.917969, -279.070312
21.445301, -260.917969, -272.179688
14.296864, -260.917969, -279.070312
35.742172, -275.214844, -265.289062
35.742172, -296.660156, -265.289062
64.335930, -325.253906, -244.617188
64.335930, -325.253906, -223.945251
107.226547, -325.253906, -203.273376
121.523422, -339.550781, -175.710876
157.265625, -339.550781, -148.148376
200.156250, -346.699219, -106.804626
221.601547, -325.253906, -58.570251
257.343750, -325.253906, -51.679626
264.492188, -296.660156, -3.445251
285.937500, -282.363281, 37.898468
300.234375, -239.472656, 79.242218
285.937500, -225.175781, 93.023468
300.234375, -210.878906, 113.695343
293.085938, -203.730469, 134.367218
285.937500, -189.433594, 148.148468
278.789062, -175.136719, 155.039093
271.640625, -189.433594, 141.257843
271.640625, -203.730469, 155.039093
264.492188, -203.730469, 168.820374
243.046860, -210.878906, 161.929749
243.046860, -203.730469, 168.820374
250.195297, -218.027344, 155.039093
243.046860, -218.027344, 148.148468
243.046860, -232.324219, 127.476593
243.046860, -253.769531, 127.476593
235.898422, -260.917969, 106.804718
228.749985, -268.066406, 113.695343
243.046860, -282.363281, 106.804718
228.749985, -282.363281, 58.570343
214.453125, -318.105469, 24.117249
228.749985, -310.957031, -3.445251
207.304688, -332.402344, -17.226501
207.304688, -325.253906, -51.679626
193.007812, -332.402344, -58.570251
185.859375, -332.402344, -99.914001
157.265625, -346.699219, -134.367126
150.117172, -339.550781, -155.039001
128.671860, -318.105469, -196.382751
121.523422, -310.957031, -217.054626
107.226547, -318.105469, -230.835938
92.929672, -303.808594, -251.507812
92.929672, -296.660156, -251.507812
78.632805, -282.363281, -272.179688
85.781242, -289.511719, -258.398438
85.781242, -289.511719, -251.507812
71.484367, -289.511719, -251.507812
85.781242, -296.660156, -251.507812
85.781242, -296.660156, -237.726562
78.632805, -296.660156, -210.164001
92.929672, -310.957031, -203.273376
100.078110, -325.253906, -189.492126
100.078110, -325.253906, -155.039001
128.671860, -325.253906, -168.820251
171.562500, -339.550781, -155.039001
207.304688, -318.105469, -141.257751
243.046860, -303.808594, -86.132751
278.789062, -289.511719, -37.898376
314.531250, -268.066406, -3.445251
335.976562, -210.878906, 31.007843
343.125000, -196.582031, 44.789093
350.273438, -146.542969, 72.351593
343.125000, -125.097649, 106.804718
357.421875, -110.800781, 134.367218
335.976562, -75.058594, 168.820374
350.273438, -67.910156, 155.039093
328.828125, -75.058594, 175.710999
314.531250, -75.058594, 189.492249
321.679688, -89.355469, 196.382874
293.085938, -82.207031, 203.273499
285.937500, -89.355469, 223.945374
285.937500, -117.949211, 203.273499
300.234375, -125.097649, 210.164124
285.937500, -167.988281, 189.492249
278.789062, -196.582031, 161.929749
278.789062, -232.324219, 148.148468
264.492188, -218.027344, 127.476593
264.492188, -275.214844, 86.132843
250.195297, -275.214844, 51.679718
257.343750, -296.660156, 17.226624
243.046860, -296.660156, -3.445251
221.601547, -303.808594, -31.007751
221.601547, -303.808594, -79.242126
207.304688, -318.105469, -93.023376
200.156250, -303.808594, -141.257751
185.859375, -282.363281, -168.820251
178.710938, -268.066406, -196.382751
157.265625, -268.066406, -230.835938
164.414062, -253.769531, -258.398438
164.414062, -232.324219, -258.398438
142.968735, -225.175781, -285.960938
150.117172, -189.433594, -299.742188
128.671860, -210.878906, -320.414062
107.226547, -196.582031, -313.523438
128.671860, -203.730469, -292.851562
128.671860, -203.730469, -299.742188
121.523422, -210.878906, -285.960938
142.968735, -203.730469, -279.070312
142.968735, -210.878906, -272.179688
150.117172, -225.175781, -251.507812
157.265625, -246.621094, -223.945251
171.562500, -268.066406, -189.492126
193.007812, -253.769531, -182.601501
243.046860, -239.472656, -175.710876
264.492188, -225.175781, -175.710876
285.937500, -210.878906, -182.601501
307.382812, -225.175781, -155.039001
307.382812, -196.582031, -120.585876
350.273438, -196.582031, -79.242126
350.273438, -160.839844, -24.117126
364.570312, -146.542969, 24.117249
350.273438, -103.652344, 72.351593
343.125000, -82.207031, 113.695343
343.125000, -82.207031, 141.257843
328.828125, -60.761719, 155.039093
307.382812, -46.464828, 196.382874
293.085938, -60.761719, 189.492249
271.640625, -60.761719, 230.835999
250.195297, -82.207031, 223.945374
243.046860, -110.800781, 223.945374
243.046860, -132.246094, 230.835999
243.046860, -139.394531, 203.273499
221.601547, -153.691406, 203.273499
228.749985, -175.136719, 189.492249
250.195297, -203.730469, 189.492249
235.898422, -196.582031, 168.820374
243.046860, -218.027344, 141.257843
250.195297, -218.027344, 134.367218
264.492188, -218.027344, 120.585968
271.640625, -239.472656, 106.804718
285.937500, -239.472656, 72.351593
285.937500, -232.324219, 51.679718
293.085938, -225.175781, 37.898468
285.937500, -239.472656, 10.335999
314.531250, -232.324219, -3.445251
314.531250, -239.472656, -31.007751
300.234375, -253.769531, -37.898376
314.531250, -246.621094, -37.898376
307.382812, -246.621094, -37.898376
321.679688, -239.472656, -58.570251
321.679688, -246.621094, -65.460876
314.531250, -225.175781, -65.460876
307.382812, -225.175781, -51.679626
321.679688, -225.175781, -79.242126
314.531250, -225.175781, -58.570251
307.382812, -225.175781, -58.570251
314.531250, -225.175781, -58.570251
321.679688, -218.027344, -51.679626
321.679688, -246.621094, -58.570251
314.531250, -232.324219, -44.789001
314.531250, -232.324219, -44.789001
300.234375, -239.472656, -31.007751
307.382812, -239.472656, -31.007751
307.382812, -239.472656, -44.789001
307.382812, -239.472656, -31.007751
300.234375, -232.324219, -58.570251
321.679688, -239.472656, -44.789001
307.382812, -239.472656, -51.679626
328.828125, -246.621094, -37.898376
328.828125, -232.324219, -37.898376
328.828125, -225.175781, -24.117126
357.421875, -196.582031, -10.335876
350.273438, -182.285156, -10.335876
350.273438, -146.542969, 17.226624
350.273438, -110.800781, 44.789093
364.570312, -89.355469, 72.351593
357.421875, -53.613281, 72.351593
364.570312, -46.464828, 93.023468
364.570312, -32.167953, 99.914093
357.421875, -3.574203, 99.914093
364.570312, 25.019531, 93.023468
378.867188, 32.167969, 93.023468
357.421875, 39.316406, 72.351593
371.718750, 39.316406, 72.351593
364.570312, -3.574203, 72.351593
407.460938, 3.574234, 37.898468
393.164062, -25.019516, 24.117249
386.015625, -53.613281, -3.445251
378.867188, -82.207031, -37.898376
364.570312, -110.800781, -65.460876
343.125000, -125.097649, -99.914001
335.976562, -125.097649, -134.367126
321.679688, -139.394531, -155.039001
307.382812, -139.394531, -168.820251
293.085938, -139.394531, -182.601501
278.789062, -146.542969, -203.273376
285.937500, -132.246094, -196.382751
278.789062, -125.097649, -196.382751
285.937500, -139.394531, -196.382751
314.531250, -96.503906, -168.820251
321.679688, -110.800781, -161.929626
343.125000, -89.355469, -155.039001
364.570312, -75.058594, -127.476501
371.718750, -89.355469, -99.914001
364.570312, -75.058594, -58.570251
386.015625, -75.058594, -31.007751
378.867188, -53.613281, 10.335999
386.015625, -39.316391, 65.460968
364.570312, 3.574234, 113.695343
357.421875, 53.613281, 141.257843
335.976562, 89.355469, 161.929749
300.234375, 153.691437, 175.710999
285.937500, 182.285187, 217.054749
243.046860, 225.175812, 230.835999
214.453125, 239.472687, 237.726624
200.156250, 253.769562, 272.179749
171.562500, 253.769562, 279.070374
157.265625, 246.621124, 285.960999
150.117172, 239.472687, 279.070374
142.968735, 203.730499, 334.195374
157.265625, 175.136749, 334.195374
142.968735, 110.800781, 361.757874
135.820297, 75.058594, 354.867249
142.968735, 46.464844, 347.976624
178.710938, 3.574234, 327.304749
185.859375, -46.464828, 327.304749
207.304688, -75.058594, 285.960999
235.898422, -96.503906, 279.070374
264.492188, -139.394531, 237.726624
271.640625, -160.839844, 210.164124
285.937500, -167.988281, 161.929749
307.382812, -182.285156, 127.476593
328.828125, -175.136719, 86.132843
350.273438, -160.839844, 44.789093
350.273438, -160.839844, 10.335999
364.570312, -132.246094, -31.007751
357.421875, -132.246094, -72.351501
335.976562, -125.097649, -93.023376
350.273438, -139.394531, -106.804626
350.273438, -139.394531, -120.585876
335.976562, -175.136719, -106.804626
321.679688, -182.285156, -113.695251
328.828125, -175.136719, -93.023376
357.421875, -182.285156, -65.460876
357.421875, -167.988281, -79.242126
364.570312, -117.949211, -31.007751
378.867188, -110.800781, 3.445374
378.867188, -67.910156, 10.335999
371.718750, -32.167953, 31.007843
371.718750, 10.722672, 58.570343
378.867188, 46.464844, 58.570343
364.570312, 53.613281, 72.351593
371.718750, 53.613281, 79.242218
378.867188, 53.613281, 79.242218
371.718750, 60.761719, 58.570343
378.867188, 60.761719, 65.460968
386.015625, 39.316406, 10.335999
378.867188, 10.722672, -17.226501
386.015625, -10.722641, -51.679626
378.867188, -53.613281, -86.132751
364.570312, -82.207031, -134.367126
343.125000, -103.652344, -155.039001
307.382812, -125.097649, -182.601501
285.937500, -139.394531, -223.945251
257.343750, -146.542969, -244.617188
235.898422, -146.542969, -258.398438
214.453125, -117.949211, -285.960938
214.453125, -82.207031, -292.851562
221.601547, -46.464828, -313.523438
235.898422, -25.019516, -299.742188
285.937500, -32.167953, -258.398438
343.125000, -46.464828, -161.929626
371.718750, -46.464828, -113.695251
393.164062, -3.574203, -58.570251
393.164062, 75.058594, 3.445374
357.421875, 117.949219, 44.789093
335.976562, 160.839874, 99.914093
307.382812, 189.433624, 161.929749
250.195297, 225.175812, 189.492249
228.749985, 253.769562, 210.164124
185.859375, 253.769562, 244.617249
142.968735, 253.769562, 265.289124
128.671860, 232.324249, 265.289124
78.632805, 218.027374, 292.851624
57.187485, 196.582062, 320.414124
42.890610, 182.285187, 327.304749
35.742172, 160.839874, 347.976624
50.039047, 153.691437, 341.085999
50.039047, 117.949219, 347.976624
57.187485, 117.949219, 334.195374
92.929672, 89.355469, 354.867249
135.820297, 67.910156, 354.867249
164.414062, 32.167969, 354.867249
207.304688, 17.871094, 320.414124
243.046860, -17.871078, 292.851624
264.492188, -46.464828, 258.398499
293.085938, -82.207031, 230.835999
300.234375, -96.503906, 189.492249
328.828125, -110.800781, 168.820374
335.976562, -117.949211, 134.367218
343.125000, -117.949211, 120.585968
357.421875, -117.949211, 99.914093
357.421875, -117.949211, 86.132843
357.421875, -110.800781, 44.789093
371.718750, -117.949211, 44.789093
357.421875, -103.652344, 31.007843
378.867188, -89.355469, 37.898468
371.718750, -75.058594, 44.789093
378.867188, -53.613281, 44.789093
386.015625, -32.167953, 31.007843
371.718750, -10.722641, 10.335999
378.867188, 10.722672, 3.445374
393.164062, 32.167969, -3.445251
393.164062, 46.464844, -17.226501
393.164062, 75.058594, -24.117126
393.164062, 60.761719, -37.898376
378.867188, 53.613281, -51.679626
371.718750, 75.058594, -72.351501
378.867188, 60.761719, -93.023376
371.718750, 46.464844, -106.804626
371.718750, 25.019531, -141.257751
343.125000, 10.722672, -168.820251
328.828125, -10.722641, -182.601501
335.976562, -67.910156, -210.164001
293.085938, -75.058594, -237.726562
271.640625, -103.652344, -265.289062
250.195297, -96.503906, -285.960938
235.898422, -96.503906, -299.742188
221.601547, -89.355469, -299.742188
221.601547, -89.355469, -292.851562
228.749985, -82.207031, -299.742188
228.749985, -82.207031, -292.851562
235.898422, -60.761719, -292.851562
243.046860, -46.464828, -272.179688
271.640625, -46.464828, -265.289062
300.234375, -39.316391, -244.617188
321.679688, -53.613281, -196.382751
371.718750, -32.167953, -155.039001
378.867188, -3.574203, -86.132751
378.867188, -3.574203, -24.117126
386.015625, 53.613281, 24.117249
350.273438, 96.503906, 72.351593
335.976562, 117.949219, 127.476593
314.531250, 146.542999, 161.929749
271.640625, 189.433624, 223.945374
228.749985, 203.730499, 258.398499
185.859375, 210.878937, 279.070374
157.265625, 196.582062, 320.414124
135.820297, 160.839874, 320.414124
114.374985, 139.394531, 334.195374
114.374985, 103.652344, 341.085999
100.078110, 60.761719, 327.304749
64.335930, 53.613281, 334.195374
64.335930, 46.464844, 347.976624
50.039047, 3.574234, 361.757874
71.484367, -3.574203, 334.195374
92.929672, -17.871078, 347.976624
114.374985, -25.019516, 327.304749
107.226547, -39.316391, 327.304749
114.374985, -32.167953, 313.523499
128.671860, -32.167953, 334.195374
135.820297, -32.167953, 327.304749
164.414062, -32.167953, 306.632874
200.156250, -32.167953, 299.742249
235.898422, -17.871078, 285.960999
271.640625, -32.167953, 265.289124
285.937500, -39.316391, 230.835999
307.382812, -46.464828, 217.054749
314.531250, -39.316391, 175.710999
343.125000, -25.019516, 127.476593
364.570312, -46.464828, 86.132843
371.718750, -39.316391, 58.570343
371.718750, -39.316391, 37.898468
393.164062, -46.464828, 3.445374
386.015625, -46.464828, -3.445251
378.867188, -46.464828, -17.226501
386.015625, -25.019516, -24.117126
378.867188, -25.019516, -37.898376
378.867188, -10.722641, -31.007751
393.164062, -10.722641, -17.226501
378.867188, 10.722672, -24.117126
393.164062, 17.871094, -10.335876
386.015625, 39.316406, -3.445251
393.164062, 39.316406, -10.335876
378.867188, 60.761719, -3.445251
378.867188, 75.058594, -10.335876
371.718750, 75.058594, -3.445251
378.867188, 75.058594, -17.226501
386.015625, 60.761719, -17.226501
386.015625, 67.910156, -31.007751
371.718750, 60.761719, -31.007751
386.015625, 39.316406, -51.679626
386.015625, 10.722672, -86.132751
378.867188, -32.167953, -120.585876
357.421875, -46.464828, -155.039001
321.679688, -67.910156, -203.273376
314.531250, -75.058594, -223.945251
293.085938, -89.355469, -237.726562
278.789062, -82.207031, -265.289062
278.789062, -89.355469, -272.179688
285.937500, -89.355469, -244.617188
314.531250, -125.097649, -223.945251
300.234375, -139.394531, -189.492126
307.382812, -132.246094, -189.492126
343.125000, -125.097649, -148.148376
357.421875, -117.949211, -99.914001
386.015625, -96.503906, -37.898376
393.164062, -53.613281, 17.226624
371.718750, -10.722641, 65.460968
357.421875, 46.464844, 86.132843
343.125000, 89.355469, 134.367218
314.531250, 139.394531, 155.039093
271.640625, 189.433624, 196.382874
235.898422, 239.472687, 210.164124
178.710938, 260.917999, 230.835999
142.968735, 275.214844, 258.398499
100.078110, 296.660156, 265.289124
50.039047, 303.808594, 279.070374
21.445301, 296.660156, 251.507874
-14.296890, 310.957031, 251.507874
-50.039078, 310.957031, 244.617249
-50.039078, 318.105469, 244.617249
-78.632828, 318.105469, 251.507874
-85.781265, 318.105469, 251.507874
-107.226578, 310.957031, 244.617249
-135.820343, 303.808594, 230.835999
-142.968781, 310.957031, 217.054749
-157.265656, 310.957031, 223.945374
-185.859390, 325.253906, 203.273499
-200.156265, 318.105469, 203.273499
-193.007828, 318.105469, 196.382874
-200.156265, 310.957031, 168.820374
-214.453140, 325.253906, 168.820374
-200.156265, 325.253906, 141.257843
-200.156265, 325.253906, 155.039093
-193.007828, 325.253906, 168.820374
-157.265656, 325.253906, 168.820374
-100.078140, 339.550781, 189.492249
-35.742203, 339.550781, 203.273499
-0.000015, 318.105469, 210.164124
21.445301, 325.253906, 217.054749
64.335930, 303.808594, 244.617249
85.781242, 282.363281, 258.398499
135.820297, 253.769562, 272.179749
157.265625, 210.878937, 258.398499
185.859375, 189.433624, 258.398499
221.601547, 182.285187, 265.289124
257.343750, 146.542999, 237.726624
300.234375, 96.503906, 210.164124
335.976562, 32.167969, 182.601624
357.421875, -10.722641, 106.804718
364.570312, -32.167953, 72.351593
386.015625, -46.464828, 24.117249
378.867188, -60.761719, -37.898376
371.718750, -67.910156, -72.351501
364.570312, -67.910156, -120.585876
357.421875, -67.910156, -155.039001
321.679688, -82.207031, -189.492126
285.937500, -67.910156, -237.726562
257.343750, -60.761719, -279.070312
214.453125, -17.871078, -299.742188
207.304688, 17.871094, -306.632812
200.156250, 60.761719, -299.742188
171.562500, 82.207031, -313.523438
114.374985, 110.800781, -327.304688
85.781242, 117.949219, -334.195312
107.226547, 89.355469, -334.195312
185.859375, 17.871094, -320.414062
278.789062, 10.722672, -251.507812
343.125000, 25.019531, -161.929626
378.867188, 25.019531, -93.023376
393.164062, 10.722672, -37.898376
371.718750, 3.574234, -10.335876
371.718750, 3.574234, -10.335876
386.015625, -3.574203, -24.117126
378.867188, 3.574234, -79.242126
364.570312, -17.871078, -127.476501
350.273438, -3.574203, -168.820251
335.976562, -3.574203, -168.820251
307.382812, -17.871078, -203.273376
293.085938, -10.722641, -237.726562
307.382812, -10.722641, -230.835938
300.234375, -3.574203, -244.617188
321.679688, -3.574203, -217.054626
335.976562, -3.574203, -189.492126
343.125000, 10.722672, -168.820251
371.718750, 39.316406, -134.367126
364.570312, 46.464844, -106.804626
364.570312, 67.910156, -72.351501
378.867188, 96.503906, -58.570251
371.718750, 103.652344, -24.117126
378.867188, 89.355469, -17.226501
364.570312, 103.652344, -17.226501
364.570312, 110.800781, 3.445374
364.570312, 125.097656, 24.117249
350.273438, 103.652344, 37.898468
371.718750, 103.652344, 65.460968
357.421875, 110.800781, 86.132843
335.976562, 117.949219, 79.242218
364.570312, 96.503906, 99.914093
350.273438, 110.800781, 99.914093
350.273438, 103.652344, 86.132843
357.421875, 117.949219, 99.914093
350.273438, 103.652344, 86.132843
357.421875, 117.949219, 79.242218
350.273438, 103.652344, 72.351593
350.273438, 117.949219, 72.351593
343.125000, 117.949219, 86.132843
364.570312, 125.097656, 79.242218
343.125000, 132.246094, 72.351593
350.273438, 110.800781, 86.132843
343.125000, 125.097656, 79.242218
343.125000, 125.097656, 72.351593
350.273438, 125.097656, 86.132843
335.976562, 139.394531, 93.023468
343.125000, 139.394531, 86.132843
321.679688, 175.136749, 93.023468
314.531250, 218.027374, 99.914093
307.382812, 232.324249, 93.023468
300.234375, 232.324249, 86.132843
293.085938, 239.472687, 72.351593
278.789062, 239.472687, 51.679718
321.679688, 246.621124, 58.570343
321.679688, 232.324249, 51.679718
328.828125, 232.324249, 44.789093
321.679688, 218.027374, 44.789093
321.679688, 218.027374, 58.570343
328.828125, 218.027374, 51.679718
321.679688, 210.878937, 58.570343
314.531250, 218.027374, 51.679718
328.828125, 232.324249, 37.898468
321.679688, 218.027374, 37.898468
307.382812, 225.175812, 44.789093
328.828125, 232.324249, 51.679718
314.531250, 203.730499, 37.898468
335.976562, 210.878937, 58.570343
328.828125, 210.878937, 37.898468
321.679688, 225.175812, 44.789093
321.679688, 210.878937, 37.898468
314.531250, 203.730499, 51.679718
335.976562, 210.878937, 37.898468
321.679688, 218.027374, 51.679718
328.828125, 210.878937, 44.789093
314.531250, 210.878937, 44.789093
328.828125, 203.730499, 44.789093
335.976562, 196.582062, 58.570343
328.828125, 210.878937, 37.898468
314.531250, 210.878937, 65.460968
328.828125, 218.027374, 51.679718
321.679688, 210.878937, 58.570343
343.125000, 225.175812, 31.007843
314.531250, 218.027374, 44.789093
321.679688, 210.878937, 58.570343
335.976562, 196.582062, 51.679718
328.828125, 218.027374, 44.789093
321.679688, 210.878937, 37.898468
314.531250, 210.878937, 37.898468
321.679688, 218.027374, 51.679718
328.828125, 203.730499, 51.679718
314.531250, 210.878937, 37.898468
343.125000, 203.730499, 44.789093
314.531250, 210.878937, 51.679718
335.976562, 218.027374, 44.789093
328.828125, 225.175812, 58.570343
328.828125, 210.878937, 51.679718
328.828125, 203.730499, 37.898468
314.531250, 203.730499, 44.789093
321.679688, 218.027374, 51.679718
314.531250, 225.175812, 51.679718
343.125000, 210.878937, 37.898468
321.679688, 203.730499, 31.007843
321.679688, 203.730499, 58.570343
328.828125, 196.582062, 51.679718
307.382812, 203.730499, 51.679718
314.531250, 210.878937, 37.898468
321.679688, 218.027374, 51.679718
314.531250, 203.730499, 51.679718
335.976562, 210.878937, 44.789093
328.828125, 210.878937, 44.789093
328.828125, 218.027374, 44.789093
335.976562, 210.878937, 37.898468
321.679688, 218.027374, 37.898468
335.976562, 210.878937, 44.789093
321.679688, 203.730499, 31.007843
321.679688, 203.730499, 44.789093
328.828125, 203.730499, 44.789093
328.828125, 210.878937, 37.898468
335.976562, 203.730499, 51.679718
328.828125, 210.878937, 51.679718
335.976562, 203.730499, 37.898468
343.125000, 210.878937, 51.679718
321.679688, 203.730499, 37.898468
335.976562, 210.878937, 51.679718
321.679688, 210.878937, 51.679718
335.976562, 210.878937, 44.789093
314.531250, 225.175812, 44.789093
343.125000, 218.027374, 44.789093
335.976562, 196.582062, 31.007843
328.828125, 218.027374, 37.898468
343.125000, 210.878937, 44.789093
335.976562, 210.878937, 44.789093
321.679688, 218.027374, 51.679718
321.679688, 203.730499, 51.679718
321.679688, 203.730499, 31.007843
328.828125, 210.878937, 44.789093
321.679688, 203.730499, 31.007843
328.828125, 210.878937, 51.679718
321.679688, 210.878937, 44.789093
321.679688, 210.878937, 31.007843