-20.500000
-21.700001
-19.900000
-21.400000
-21.100000
-21.100000
-19.600000
-20.799999
-22.600000
-19.900000
-20.799999
-21.100000
-20.799999
-19.600000
-20.500000
-21.100000
-21.400000
-19.000000
-20.200001
-21.400000
-21.100000
-20.500000
-23.500000
-20.799999
-22.299999
-20.200001
-21.700001
-20.200001
-21.400000
-22.299999
-20.500000
-20.500000
-19.000000
-20.799999
-22.600000
-23.500000
-20.200001
-20.799999
-21.700001
-20.200001
-20.200001
-20.500000
-20.200001
-21.700001
-22.600000
-22.900000
-20.500000
-22.299999
-20.799999
-20.500000
-22.000000
-20.200001
-20.500000
-19.900000
-20.200001
-20.799999
-20.500000
-21.400000
-19.600000
-20.200001
-19.600000
-20.799999
-22.299999
-21.400000
-21.100000
-20.200001
-19.299999
-19.600000
-20.500000
-19.299999
-22.900000
-21.400000
-19.600000
-22.000000
-19.900000
-20.500000
-21.100000
-21.700001
-21.400000
-19.900000
-19.600000
-19.299999
-18.400000
-20.500000
-21.400000
-19.900000
-20.200001
-19.299999
-20.500000
-20.500000
-19.600000
-21.700001
-21.400000
-19.299999
-20.200001
-19.299999
-21.700001
-21.400000
-20.200001
-21.100000
-20.799999
-18.400000
-19.600000
-21.400000
-19.600000
-20.799999
-20.200001
-20.500000
-22.000000
-19.900000
-22.600000
-20.500000
-21.100000
-19.299999
-21.100000
-21.400000
-20.500000
-21.100000
-20.500000
-20.799999
-21.700001
-20.500000
-19.900000
-22.900000
-19.900000
-21.100000
-19.299999
-21.700001
-20.799999
-21.400000
-20.200001
-20.799999
-21.400000
-21.400000
-18.400000
-23.200001
-20.799999
-21.400000
-18.400000
-19.900000
-19.299999
-21.100000
-20.200001
-20.799999
-19.900000
-21.400000
-22.299999
-20.500000
-21.700001
-19.600000
-20.799999
-22.900000
-21.100000
-18.700001
-20.799999
-19.299999
-21.100000
-21.400000
-21.100000
-19.600000
-20.200001
-20.799999
-18.400000
-19.600000
-20.200001
-19.600000
-20.200001
-19.000000
-21.400000
-21.100000
-20.799999
-17.500000
-17.200001
-16.299999
-13.600000
-12.400000
-16.299999
-14.200000
-13.000000
-13.299999
-13.000000
-10.299999
-11.200000
-9.099999
-9.400000
-5.799999
-6.099999
-5.799999
-3.999999
-4.900000
-5.200000
-5.200000
-3.400000
-5.499999
-6.400000
-7.599999
-7.599999
-5.200000
-4.599999
-2.799999
-3.099999
-2.500000
-1.000000
-2.799999
-3.700000
-2.500000
-3.099999
-5.200000
-5.200000
-7.000000
-4.299999
-4.900000
-4.599999
-4.299999
-6.099999
-7.599999
-8.200000
-7.599999
-7.299999
-5.200000
-5.799999
-4.900000
-3.400000
-1.900000
-3.700000
-1.599998
-0.099998
3.500000
3.500000
2.000000
3.500000
4.400002
5.900002
7.100000
6.500002
8.300001
8.900002
8.000002
7.100000
8.900002
8.900002
8.600000
8.600000
9.200001
11.900002
10.400002
10.400002
12.800001
10.700001
10.400002
11.900002
12.500002
12.200001
11.600000
12.800001
11.600000
13.100002
11.600000
11.300001
11.000002
13.700001
12.500002
13.700001
15.200001
14.000000
15.500000
17.300003
15.200001
15.800003
15.800003
14.300003
14.300003
14.000000
12.800001
14.000000
12.200001
12.500002
14.900002
15.800003
15.200001
15.500000
15.500000
17.300003
17.000000
18.500000
17.000000
17.000000
17.600002
17.900002
17.900002
17.600002
16.100002
16.100002
15.800003
15.800003
13.700001
11.600000
10.700001
11.900002
13.400002
10.700001
11.900002
12.200001
12.200001
12.200001
13.700001
12.800001
10.400002
12.500002
12.800001
12.800001
11.000002
11.300001
8.300001
12.800001
8.600000
8.300001
9.200001
8.900002
5.600000
4.400002
4.100000
4.400002
2.300001
1.400002
3.800001
2.000000
2.300001
1.700001
1.400002
-0.400000
2.600000
2.900002
0.200001
0.500000
4.100000
3.200001
2.600000
3.800001
2.600000
3.500000
1.400002
4.100000
4.400002
6.800001
5.000000
5.000000
4.700001
5.300001
5.000000
5.600000
5.000000
4.700001
3.800001
3.500000
4.100000
4.400002
3.200001
2.300001
3.500000
-0.099998
3.500000
2.900002
-0.099998
0.500000
-0.099998
1.100000
-1.000000
-0.400000
-0.400000
1.700001
1.100000
1.400002
1.100000
1.100000
1.700001
0.500000
1.700001
1.700001
3.200001
5.900002
7.400002
8.300001
9.500002
11.000002
14.600002
15.800003
15.500000
18.500000
19.100002
20.900002
20.600002
18.500000
18.500000
18.800003
18.200001
17.600002
18.200001
17.300003
14.900002
14.000000
15.200001
15.200001
12.500002
14.600002
14.000000
12.200001
11.900002
10.400002
9.800001
9.200001
9.200001
7.100000
7.400002
5.600000
5.300001
3.800001
4.100000
1.100000
1.400002
0.500000
-1.299999
-2.199999
-1.299999
-3.400000
-1.900000
-4.299999
-6.099999
-8.799999
-7.900000
-9.700000
-6.700000
-10.900000
-11.500000
-12.100000
-12.700000
-15.100000
-15.100000
-17.200001
-18.100000
-16.600000
-16.600000
-17.500000
-17.799999
-17.200001
-16.600000
-16.600000
-16.000000
-16.000000
-15.400000
-15.400000
-16.000000
-13.600000
-13.299999
-12.400000
-13.000000
-10.000000
-6.700000
-10.299999
-6.099999
-7.299999
-6.400000
-4.900000
-7.599999
-4.299999
-3.700000
-4.599999
-4.900000
-5.200000
-4.299999
-4.599999
-6.400000
-3.700000
-1.900000
-5.499999
-4.900000
-3.700000
-3.999999
-3.999999
-4.900000
-5.499999
-4.599999
-1.900000
-2.500000
-1.299999
-2.199999
0.500000
-0.400000
-0.699999
-1.900000
-2.199999
0.200001
0.200001
0.500000
1.400002
2.000000
2.900002
2.900002
4.400002
2.900002
2.600000
4.100000
4.700001
4.100000
6.500002
5.300001
6.200001
5.900002
8.600000
8.000002
8.900002
11.300001
11.600000
12.800001
11.900002
14.300003
12.500002
14.300003
15.200001
14.300003
14.300003
17.300003
14.000000
14.300003
13.400002
10.700001
7.400002
7.400002
4.700001
1.400002
0.500000
-7.000000
-10.000000
-11.799999
-19.900000
-21.700001
-26.200001
-30.700001
-31.600000
-34.299999
-37.300003
-37.000000
-38.500000
-39.099998
-40.900002
-44.500000
-42.700001
-42.099998
-40.599998
-41.200001
-41.200001
-37.599998
-38.200001
-37.599998
-38.500000
-34.599998
-32.799999
-35.500000
-33.700001
-33.400002
-32.799999
-30.100000
-29.799999
-28.000000
-27.700001
-28.299999
-27.100000
-28.299999
-25.900000
-26.500000
-25.000000
-26.500000
-24.700001
-22.600000
-23.799999
-24.700001
-23.799999
-24.100000
-25.299999
-25.000000
-22.299999
-23.500000
-21.400000
-21.400000
-23.799999
-23.500000
-20.799999
-19.600000
-20.799999
-21.400000
-20.500000
-18.400000
-17.200001
-18.100000
-18.400000
-18.700001
-17.200001
-16.000000
-15.400000
-15.400000
-13.900000
-13.299999
-14.799999
-13.000000
-12.700000
-12.700000
-10.299999
-10.900000
-10.599999
-8.799999
-7.299999
-7.299999
-8.200000
-7.000000
-5.499999
-6.700000
-3.099999
-2.199999
-2.199999
1.400002
1.400002
4.100000
4.400002
6.500002
8.000002
7.100000
9.500002
11.900002
10.400002
14.600002
14.600002
13.700001
17.300003
18.800003
16.100002
18.200001
16.100002
16.100002
17.600002
17.900002
14.000000
16.100002
13.700001
13.700001
11.600000
12.200001
10.100000
10.400002
8.900002
8.300001
5.900002
5.900002
5.300001
2.600000
5.300001
4.400002
3.500000
0.200001
2.000000
2.000000
3.500000
1.400002
2.600000
2.900002
1.700001
2.600000
4.700001
2.900002
4.400002
2.300001
4.100000
6.500002
5.600000
4.400002
6.500002
5.900002
5.900002
6.200001
6.500002
5.900002
5.900002
6.500002
5.900002
5.000000
4.400002
5.000000
4.400002
4.100000
5.000000
6.200001
5.600000
6.200001
6.500002
5.600000
5.000000
4.100000
5.300001
6.200001
5.300001
5.000000
5.000000
3.500000
4.400002
4.400002
5.600000
5.300001
3.800001
4.700001
4.100000
3.500000
3.500000
4.400002
2.600000
2.900002
2.000000
4.400002
5.600000
8.300001
7.100000
6.800001
5.900002
5.900002
8.600000
5.300001
7.100000
6.200001
7.400002
4.400002
4.700001
3.800001
5.000000
2.600000
2.600000
3.500000
3.200001
1.700001
-0.400000
1.400002
-0.099998
-0.099998
-3.999999
-2.199999
-3.400000
-3.099999
-4.900000
-3.700000
-5.799999
-3.700000
-4.599999
-2.500000
-5.499999
-3.400000
-5.200000
-4.599999
-4.599999
-5.200000
-5.799999
-3.400000
-3.999999
-3.400000
-4.599999
-3.099999
-3.999999
-3.099999
-4.299999
-6.099999
-3.400000
-5.200000
-1.900000
-3.400000
-2.199999
-1.000000
-1.000000
-1.900000
-1.299999
-1.000000
-3.700000
-1.000000
-3.099999
-2.799999
-4.599999
-3.700000
-2.500000
-1.299999
-1.000000
-3.099999
-1.900000
-2.799999
-2.799999
-2.799999
-1.900000
-3.700000
-2.199999
-1.599998
-2.799999
-0.699999
-1.900000
-2.799999
-3.999999
-5.200000
-4.900000
-5.799999
-3.400000
-5.499999
-3.999999
-4.599999
-5.799999
-5.799999
-5.200000
-5.799999
-4.900000
-6.400000
-4.900000
-6.700000
-4.900000
-4.599999
-4.599999
-3.400000
-4.299999
-5.499999
-4.900000
-3.400000
-1.900000
-2.500000
-0.400000
0.200001
-3.099999
-0.699999
-1.000000
-0.699999
0.500000
0.500000
0.500000
2.000000
0.800001
1.100000
2.300001
3.500000
3.800001
1.700001
1.400002
3.200001
5.000000
4.700001
3.500000
1.100000
1.700001
2.300001
2.300001
4.700001
2.000000
5.300001
4.400002
4.700001
4.700001
3.500000
4.700001
4.700001
3.800001
2.900002
6.500002
4.700001
4.700001
7.700001
4.700001
4.400002
5.300001
5.600000
5.900002
5.600000
5.000000
7.400002
6.500002
5.600000
7.400002
5.300001
5.900002
5.600000
5.600000
6.200001
5.900002
5.000000
5.900002
6.800001
7.700001
8.600000
9.200001
11.300001
12.200001
15.200001
16.100002
17.000000
17.000000
17.300003
17.600002
18.200001
17.300003
18.200001
17.000000
15.800003
17.000000
17.900002
15.800003
15.500000
14.900002
14.300003
12.800001
15.500000
15.200001
10.100000
10.400002
9.200001
6.500002
4.700001
2.300001
0.800001
0.500000
0.200001
-3.099999
-3.400000
-4.599999
-6.099999
-7.900000
-10.299999
-11.200000
-12.100000
-16.000000
-18.700001
-21.700001
-22.600000
-24.400000
-26.799999
-25.600000
-27.400002
-30.700001
-29.200001
-28.299999
-29.200001
-30.400002
-30.700001
-32.500000
-31.000000
-33.400002
-31.900002
-35.200001
-32.500000
-34.000000
-35.500000
-36.099998
-36.400002
-37.000000
-33.700001
-35.800003
-35.200001
-37.000000
-34.599998
-34.299999
-33.400002
-30.700001
-30.100000
-29.799999
-29.200001
-26.500000
-23.799999
-24.100000
-22.299999
-20.799999
-19.000000
-16.900000
-16.900000
-16.900000
-16.900000
-16.900000
-16.900000
-16.900000
-16.900000
-16.900000
-16.900000
-16.900000
-16.900000
-16.900000
-16.900000
-16.900000
-16.900000
-16.900000
-16.900000
-16.900000
-18.100000
-20.200001
-21.700001
-22.900000
-25.000000
-25.900000
-26.799999
-28.900002
-28.900002
-29.799999
-32.799999
-32.500000
-32.500000
-34.000000
-34.000000
-35.200001
-36.400002
-35.800003
-37.599998
-34.000000
-35.800003
-36.400002
-34.900002
-34.299999
-34.000000
-32.200001
-30.400002
-33.099998
-30.400002
-31.900002
-30.400002
-28.000000
-27.700001
-26.799999
-24.700001
-24.100000
-24.400000
-22.600000
-22.299999
-21.400000
-23.500000
-21.100000
-20.500000
-18.700001
-19.900000
-17.799999
-19.299999
-19.000000
-18.700001
-18.100000
-18.100000
-15.100000
-14.200000
-10.900000
-11.500000
-8.799999
-7.000000
-4.599999
-5.200000
-3.099999
-1.000000
0.500000
0.800001
3.800001
7.100000
8.000002
8.900002
12.500002
11.300001
13.100002
14.300003
17.300003
18.500000
18.200001
20.000000
19.100002
19.400002
25.100002
23.000000
25.100002
27.800003
28.400002
29.300003
30.200001
29.600002
30.800003
27.800003
29.600002
30.200001
27.200001
24.200001
25.400002
23.300003
20.600002
20.300003
19.400002
14.900002
10.700001
7.700001
8.000002
3.500000
-1.000000
-1.299999
-5.799999
-6.099999
-7.900000
-8.500000
-9.400000
-9.099999
-12.400000
-9.099999
-8.799999
-6.700000
-7.000000
-4.599999
-0.400000
2.000000
2.000000
4.700001
7.700001
9.500002
12.500002
12.500002
14.000000
11.900002
12.200001
12.800001
10.700001
7.100000
8.300001
4.700001
4.400002
2.600000
4.100000
-1.299999
-3.999999
-7.000000
-7.299999
-9.400000
-13.000000
-9.700000
-10.299999
-11.500000
-8.200000
-3.999999
-0.400000
1.100000
6.500002
9.500002
12.500002
15.800003
14.600002
15.500000
13.100002
15.500000
14.000000
15.800003
11.300001
12.200001
10.700001
6.800001
5.000000
2.000000
1.400002
-2.199999
-0.699999
-4.599999
-6.700000
-5.200000
-7.299999
-5.799999
-4.900000
-1.900000
0.800001
0.800001
4.400002
4.100000
5.900002
11.000002
11.300001
10.700001
15.500000
16.100002
14.900002
12.800001
10.400002
8.300001
5.000000
2.000000
-2.799999
-6.099999
-6.700000
-12.100000
-14.500000
-14.500000
-16.299999
-18.700001
-19.000000
-21.400000
-22.000000
-21.100000
-23.200001
-23.500000
-22.900000
-22.900000
-20.799999
-21.700001
-19.600000
-19.600000
-14.500000
-12.700000
-10.299999
-6.099999
-5.799999
-3.400000
-2.500000
-1.599998
-1.900000
-3.099999
-2.799999
-4.900000
-5.499999
-8.500000
-12.400000
-13.000000
-14.200000
-15.100000
-16.600000
-17.500000
-15.400000
-11.200000
-8.799999
-11.200000
-8.799999
-6.700000
-4.599999
-2.799999
-3.400000
-1.299999
-1.299999
-1.000000
-4.299999
-6.099999
-8.799999
-11.200000
-12.100000
-13.299999
-15.400000
-16.600000
-18.100000
-20.500000
-18.400000
-20.200001
-17.799999
-16.900000
-16.299999
-14.799999
-12.100000
-10.299999
-9.099999
-6.700000
-5.799999
-3.999999
-0.699999
-1.599998
-2.199999
-1.299999
-6.099999
-6.700000
-7.900000
-8.799999
-11.500000
-10.599999
-13.900000
-16.000000
-16.600000
-19.600000
-19.900000
-22.000000
-22.900000
-24.100000
-24.400000
-26.500000
-25.600000
-25.900000
-28.299999
-29.500000
-27.100000
-25.299999
-25.900000
-24.400000
-24.400000
-21.400000
-18.700001
-15.700000
-14.799999
-14.200000
-12.100000
-8.200000
-7.599999
-5.499999
-5.499999
-5.799999
-3.700000
-4.599999
-5.200000
-4.900000
-4.900000
-7.299999
-7.599999
-8.799999
-11.500000
-10.900000
-13.600000
-12.700000
-9.400000
-11.200000
-11.200000
-12.400000
-11.799999
-12.400000
-11.200000
-12.700000
-11.799999
-11.500000
-11.799999
-10.000000
-8.500000
-10.900000
-9.700000
-11.200000
-13.600000
-12.700000
-15.700000
-16.600000
-18.700001
-19.600000
-19.000000
-22.900000
-22.900000
-23.500000
-20.799999
-21.400000
-17.200001
-14.500000
-12.700000
-12.100000
-9.700000
-5.499999
-3.999999
1.400002
0.200001
3.200001
5.300001
5.600000
7.400002
10.100000
10.400002
12.500002
13.400002
13.100002
11.900002
13.400002
12.200001
11.000002
9.800001
9.800001
6.200001
5.900002
2.900002
-0.699999
-1.000000
-3.700000
-5.200000
-5.200000
-5.200000
-7.299999
-8.799999
-7.599999
-8.500000
-9.400000
-10.299999
-9.700000
-9.400000
-7.599999
-9.700000
-7.299999
-7.000000
-6.099999
-4.599999
-4.599999
-6.099999
-4.299999
-6.099999
-3.999999
-7.000000
-8.500000
-7.900000
-9.099999
-9.700000
-9.400000
-8.799999
-6.700000
-7.599999
-7.000000
-4.599999
-6.700000
-3.999999
-6.099999
-6.400000
-8.500000
-9.099999
-11.200000
-9.700000
-12.100000
-14.200000
-15.100000
-17.500000
-17.799999
-17.799999
-18.700001
-19.900000
-21.400000
-22.000000
-20.799999
-21.700001
-21.700001
-19.299999
-17.500000
-20.200001
-16.000000
-16.000000
-14.799999
-16.299999
-13.900000
-14.799999
-13.299999
-16.600000
-15.400000
-16.299999
-16.600000
-16.900000
-19.299999
-20.200001
-20.799999
-18.100000
-18.100000
-16.000000
-13.000000
-9.099999
-6.400000
-4.299999
4.100000
5.300001
9.200001
9.800001
11.000002
11.000002
10.100000
14.300003
11.900002
9.500002
9.800001
10.100000
7.400002
5.900002
1.700001
-3.400000
-4.900000
-8.799999
-10.299999
-12.100000
-15.400000
-14.200000
-15.700000
-17.500000
-16.900000
-16.900000
-18.100000
-16.600000
-15.100000
-11.200000
-10.000000
-7.000000
-2.799999
-3.700000
-3.700000
-1.599998
-0.699999
1.700001
-1.599998
-0.699999
0.200001
-1.900000
-4.299999
-4.900000
-5.799999
-7.900000
-10.900000
-10.900000
-13.600000
-13.900000
-14.200000
-15.400000
-16.600000
-17.500000
-20.200001
-21.100000
-21.700001
-23.200001
-24.700001
-26.500000
-26.799999
-28.600000
-30.400002
-32.500000
-31.000000
-33.700001
-34.599998
-36.700001
-37.599998
-36.400002
-37.000000
-36.400002
-36.099998
-37.599998
-34.599998
-37.000000
-40.000000
-39.700001
-39.400002
-38.500000
-38.800003
-40.300003
-39.400002
-38.500000
-37.900002
-38.500000
-37.599998
-37.300003
-35.800003
-35.500000
-35.200001
-33.400002
-35.800003
-33.099998
-31.600000
-32.500000
-32.799999
-31.900002
-31.000000
-28.000000
-27.100000
-28.000000
-27.400002
-25.000000
-23.500000
-21.700001
-23.200001
-24.100000
-24.100000
-24.400000
-25.000000
-24.100000
-25.900000
-25.000000
-26.500000
-23.500000
-24.400000
-22.000000
-21.700001
-21.100000
-17.799999
-15.700000
-16.000000
-14.200000
-13.600000
-8.799999
-8.799999
-5.799999
-2.500000
-1.000000
-0.400000
1.700001
2.900002
2.900002
3.500000
4.700001
1.700001
3.200001
1.100000
-0.699999
-0.400000
-3.999999
-3.700000
-6.700000
-8.799999
-10.000000
-7.900000
-11.200000
-11.500000
-13.299999
-13.600000
-14.200000
-14.200000
-12.400000
-10.299999
-10.000000
-10.599999
-10.299999
-8.799999
-8.200000
-8.500000
-7.299999
-8.200000
-4.599999
-3.700000
-3.099999
-1.599998
-2.500000
-0.400000
-1.900000
-0.699999
-0.400000
-0.699999
0.500000
1.700001
-2.199999
1.700001
0.800001
-1.000000
1.400002
2.900002
-1.000000
0.200001
-0.699999
-0.400000
-2.199999
-2.500000
-4.299999
-4.900000
-6.099999
-9.099999
-10.299999
-10.599999
-10.599999
-12.400000
-15.700000
-16.900000
-15.700000
-16.000000
-15.400000
-17.799999
-17.200001
-16.600000
-16.900000
-15.100000
-18.700001
-17.500000
-16.299999
-15.100000
-14.200000
-15.100000
-15.400000
-14.799999
-16.600000
-14.799999
-13.299999
-12.400000
-15.100000
-16.900000
-14.200000
-16.299999
-18.100000
-19.600000
-24.100000
-25.600000
-26.200001
-30.400002
-32.799999
-33.400002
-37.000000
-35.800003
-35.800003
-37.900002
-38.800003
-38.200001
-38.500000
-36.400002
-36.400002
-35.500000
-32.799999
-31.000000
-28.299999
-27.400002
-25.299999
-22.900000
-20.200001
-19.600000
-16.000000
-12.100000
-10.900000
-16.000000
-17.200001
-17.799999
-17.500000
-15.100000
-9.400000
-2.799999
6.800001
16.700001
21.800003
19.400002
12.500002
5.900002
-0.099998
-0.400000
-2.199999
-1.900000
-1.000000
-3.700000
-5.200000
-10.599999
-15.100000
-16.600000
-21.100000
-24.700001
-24.100000
-25.600000
-25.900000
-22.900000
-21.700001
-22.000000
-20.799999
-19.600000
-18.400000
-17.200001
-17.799999
-22.299999
-24.100000
-25.299999
-27.400002
-27.700001
-26.500000
-24.400000
-20.799999
-18.100000
-13.900000
-7.599999
-8.500000
-9.400000
-9.700000
-12.400000
-10.900000
-14.500000
-11.799999
-12.100000
-11.799999
-10.000000
-10.000000
-12.700000
-9.400000
-8.799999
-9.700000
-7.599999
-8.200000
-3.400000
-4.900000
-3.400000
-3.999999
1.100000
1.400002
-0.699999
2.300001
2.300001
4.400002
6.800001
6.200001
7.400002
5.900002
8.900002
8.300001
4.400002
-2.199999
-3.999999
-4.299999
-7.299999
-6.700000
-9.700000
-9.700000
-10.900000
-11.200000
-9.400000
-11.200000
-12.400000
-8.200000
-9.099999
-8.500000
-9.099999
-4.299999
-6.700000
-7.900000
-7.900000
-9.700000
-8.799999
-10.299999
-9.099999
-9.400000
-8.200000
-8.200000
-7.299999
-6.700000
-5.799999
-5.499999
-3.099999
-3.099999
-1.900000
0.800001
-0.400000
0.800001
4.100000
3.200001
1.400002
3.500000
2.900002
3.800001
4.100000
1.100000
-0.699999
-1.299999
-3.099999
-6.700000
-9.700000
-14.500000
-17.200001
-19.900000
-24.100000
-30.100000
-33.700001
-37.000000
-37.599998
-37.599998
-38.500000
-35.800003
-37.000000
-38.500000
-38.800003
-38.800003
-38.800003
-35.800003
-31.600000
-28.600000
-26.500000
-24.100000
-22.600000
-18.700001
-17.200001
-15.400000
-13.299999
-11.200000
-11.200000
-8.200000
-7.599999
-7.000000
-7.299999
-8.200000
-7.000000
-7.299999
-10.599999
-12.700000
-15.700000
-16.000000
-22.000000
-25.600000
-28.600000
-31.299999
-35.500000
-35.500000
-35.500000
-35.500000
-35.500000
-35.500000
-33.099998
-30.700001
-26.200001
-21.700001
-16.000000
-12.400000
-7.900000
-1.599998
3.800001
7.700001
12.800001
17.900002
19.700001
26.000000
29.300003
30.500004
35.900002
35.900002
38.600002
39.200001
38.900002
39.500004
36.500004
36.500004
34.400002
31.400002
28.700001
27.500000
24.800003
23.900002
20.000000
20.300003
18.200001
19.100002
17.900002
17.000000
19.700001
20.900002
20.300003
23.900002
25.700001
27.500000
27.200001
29.600002
32.000004
30.800003
31.100002
29.300003
29.900002
29.900002
29.600002
28.100002
28.100002
26.000000
26.600002
22.700001
20.600002
19.400002
17.000000
18.500000
14.300003
15.800003
11.600000
14.600002
10.400002
7.700001
6.500002
8.000002
5.900002
6.500002
6.500002
6.800001
4.700001
6.800001
6.200001
6.200001
7.400002
6.800001
8.300001
9.500002
8.900002
9.200001
11.300001
12.500002
12.200001
15.200001
17.000000
12.800001
14.600002
13.700001
17.000000
15.800003
16.100002
19.700001
20.600002
21.800003
24.800003
25.700001
29.300003
29.900002
31.400002
31.400002
29.600002
29.600002
29.600002
29.600002
29.600002
29.600002
29.600002
29.600002
29.600002
29.600002
29.600002
29.600002
29.600002
29.600002
29.600002
29.600002
29.600002
29.600002
29.600002
29.600002
29.600002
2.300001
1.100000
2.300001
4.700001
6.800001
7.700001
7.400002
9.200001
14.000000
17.300003
20.000000
25.700001
29.600002
30.200001
31.700001
32.900002
32.900002
36.200001
34.400002
35.600002
34.100002
35.300003
35.600002
33.800003
34.700001
32.300003
30.200001
33.200001
30.200001
29.300003
28.700001
27.200001
26.600002
26.000000
26.000000
25.700001
26.000000
28.100002
26.300003
27.200001
26.000000
25.400002
25.400002
24.800003
27.500000
28.400002
27.800003
28.100002
30.200001
30.200001
30.200001
28.100002
27.800003
27.500000
26.300003
26.600002
26.900002
29.000000
26.600002
26.300003
25.700001
26.600002
24.200001
23.300003
24.500000
22.700001
23.600002
23.000000
24.200001
21.500000
22.700001
23.600002
22.700001
25.100002
22.700001
20.900002
19.700001
19.400002
18.800003
16.400002
17.000000
15.200001
10.400002
10.100000
8.000002
4.400002
3.800001
2.600000
2.900002
1.700001
-1.599998
-0.400000
-3.700000
-1.599998
-2.500000
-2.799999
-2.500000
0.200001
-0.699999
-1.299999
2.900002
1.700001
2.900002
3.500000
3.200001
5.000000
4.100000
4.700001
4.400002
6.500002
8.600000
10.400002
12.200001
13.100002
16.700001
16.700001
20.000000
20.000000
18.800003
21.200001
20.900002
20.900002
23.000000
24.500000
21.800003
23.600002
22.100002
22.100002
21.200001
20.900002
21.800003
22.100002
18.500000
16.700001
17.900002
14.900002
14.000000
12.800001
12.200001
12.500002
10.100000
8.000002
6.800001
5.300001
2.600000
2.000000
3.800001
3.800001
5.000000
6.500002
9.200001
12.800001
11.900002
17.000000
23.000000
26.000000
29.300003
35.000004
38.600002
41.600002
42.200001
44.900002
44.600002
47.600006
47.300003
49.400002
51.500000
47.900002
49.400002
48.500000
50.300003
47.600006
48.200005
46.100006
45.500000
44.900002
45.800003
45.200005
46.100006
48.500000
47.600006
50.300003
48.500000
49.700005
50.000000
50.000000
50.900002
47.900002
47.300003
49.700005
50.000000
46.100006
45.800003
44.600002
43.100002
45.200005
47.000000
46.400002
45.200005
47.300003
46.100006
47.600006
47.000000
46.100006
48.200005
45.500000
45.800003
44.900002
43.700001
45.500000
45.500000
43.400002
43.700001
43.400002
45.500000
47.000000
43.400002
44.000004
44.600002
45.200005
42.500004
41.900002
38.900002
40.100002
38.600002
38.900002
38.000004
39.800003
41.000004
39.200001
39.800003
40.400002
43.100002
37.700001
36.800003
37.700001
36.200001
39.200001
38.900002
35.900002
39.800003
36.800003
37.700001
38.300003
38.900002
36.800003
38.900002
38.600002
38.000004
37.400002
37.400002
38.600002
35.600002
36.200001
37.700001
36.800003
37.400002
35.900002
33.800003
37.400002
36.200001
35.300003
34.700001
35.900002
39.200001
36.800003
34.700001
37.100002
36.500004
37.100002
36.500004
37.400002
35.900002
35.000004
36.800003
34.100002
36.200001
34.400002
37.400002
36.500004
35.000004
35.600002
35.300003
36.200001
37.400002
34.100002
35.600002
35.300003
35.600002
34.100002
34.700001
33.500004
34.400002
35.300003
34.700001
36.200001
37.100002
35.300003
34.400002
33.800003
34.700001
34.400002
35.000004
35.900002
34.400002
35.000004
34.400002
32.000004
33.500004
33.800003
35.300003
35.900002
34.400002
33.800003
35.900002
34.400002
35.000004
33.200001
35.300003
32.300003
34.700001
36.200001
32.600002
36.200001
35.600002
33.800003
33.200001
35.000004
35.300003
34.700001
34.100002
34.700001
32.900002
34.100002
31.400002
32.600002
34.400002
33.800003
34.700001
32.600002
35.000004
33.200001
32.300003
32.900002
35.000004
34.400002
33.800003
34.400002
32.900002
34.400002
35.000004
33.800003
32.900002
32.900002
33.800003
32.900002
34.400002
33.500004
34.700001
33.200001
35.300003
34.400002
35.000004
33.800003
35.900002
30.800003
34.100002
33.800003
34.400002
31.700001
32.300003
35.000004
32.900002
32.300003
33.200001
32.900002
32.600002
32.900002
33.800003
32.600002
34.100002
35.600002
35.600002
34.700001
35.300003
34.400002
33.800003
33.500004
32.600002
33.800003
34.100002
34.100002
33.800003
31.400002
33.800003
32.600002
32.600002
33.200001
32.900002
34.700001
33.200001
32.000004
34.100002
34.400002
33.800003
33.200001
35.000004
32.900002
33.500004
33.500004
33.200001
32.600002
34.100002
32.900002
33.800003
34.700001
34.100002
34.100002
32.900002
34.700001
34.400002
31.700001
34.400002
32.900002
33.800003
33.200001
33.500004
33.800003
33.500004
34.400002
33.500004
34.400002
34.100002
33.800003
33.200001
33.500004
33.200001
33.500004
33.500004
33.200001
33.200001
32.900002
33.200001
34.100002
35.000004
34.100002
33.800003
35.000004
33.800003
33.800003
32.600002
32.000004
32.600002
32.600002
33.800003
35.900002
34.100002
35.600002
34.100002
32.900002
32.900002
32.300003
33.500004
31.400002
32.300003
33.800003
31.700001
32.300003
34.100002
32.900002
32.600002
32.600002
34.100002
32.600002
31.100002
34.400002
33.200001
33.800003
33.500004
32.000004
33.500004
33.800003
32.000004
35.000004
32.900002
33.500004
33.800003
31.700001
33.500004
32.900002
32.600002
32.900002
33.200001
32.900002
32.300003
31.700001
33.500004
32.900002
33.800003
32.300003
33.200001
32.300003
33.800003
32.600002
32.900002
34.100002
31.700001
32.600002
34.700001
33.800003
33.200001
32.600002
33.200001
34.100002
