-26.700001
-25.800001
-25.200001
-27.300001
-27.600000
-27.300001
-24.300001
-27.300001
-26.700001
-25.800001
-26.700001
-25.800001
-26.400002
-25.800001
-26.100000
-24.600000
-25.200001
-24.900002
-24.900002
-25.500002
-26.400002
-26.100000
-27.600000
-25.800001
-26.100000
-25.800001
-26.700001
-26.700001
-27.900002
-26.400002
-25.500002
-26.400002
-26.100000
-26.700001
-26.100000
-26.700001
-27.300001
-27.000002
-27.000002
-26.400002
-26.700001
-28.200001
-25.800001
-24.300001
-24.300001
-25.800001
-27.000002
-26.700001
-25.200001
-25.200001
-26.100000
-24.300001
-27.000002
-26.700001
-25.200001
-25.200001
-24.900002
-24.900002
-27.000002
-26.100000
-24.900002
-25.200001
-25.800001
-26.700001
-27.000002
-25.500002
-27.000002
-25.800001
-26.700001
-25.800001
-26.400002
-27.000002
-24.900002
-26.400002
-24.300001
-25.200001
-25.200001
-24.900002
-27.300001
-25.500002
-25.200001
-26.700001
-25.200001
-26.100000
-26.100000
-24.300001
-26.100000
-23.100000
-27.000002
-27.900002
-27.300001
-25.500002
-27.000002
-24.300001
-25.200001
-23.100000
-27.600000
-24.300001
-25.500002
-25.500002
-25.800001
-27.000002
-26.100000
-25.500002
-27.300001
-25.800001
-28.200001
-25.800001
-25.800001
-25.500002
-25.800001
-27.900002
-27.000002
-27.300001
-27.900002
-24.900002
-24.300001
-27.300001
-27.300001
-27.300001
-27.300001
-27.900002
-28.800001
-28.500002
-25.200001
-26.700001
-27.600000
-26.700001
-25.800001
-27.000002
-26.700001
-24.300001
-25.500002
-26.400002
-26.400002
-27.000002
-27.600000
-28.500002
-24.600000
-25.800001
-25.800001
-24.600000
-26.700001
-27.300001
-26.100000
-23.400002
-25.200001
-25.800001
-27.000002
-24.900002
-26.100000
-25.200001
-25.800001
-25.500002
-25.200001
-25.800001
-24.300001
-27.000002
-27.000002
-26.400002
-24.900002
-25.500002
-25.800001
-26.400002
-26.400002
-27.300001
-27.300001
-24.900002
-24.300001
-25.500002
-25.800001
-27.000002
-24.900002
-27.600000
-25.200001
-27.600000
-28.500002
-27.900002
-25.800001
-26.400002
-26.100000
-25.800001
-25.200001
-27.900002
-27.000002
-26.700001
-25.800001
-26.400002
-26.400002
-26.100000
-27.900002
-26.100000
-25.200001
-26.700001
-25.500002
-25.200001
-25.200001
-27.000002
-25.500002
-27.600000
-24.900002
-26.400002
-27.300001
-26.700001
-26.400002
-26.100000
-23.400002
-25.500002
-27.000002
-26.100000
-24.600000
-26.100000
-24.900002
-29.100000
-26.100000
-27.600000
-23.700001
-24.900002
-27.000002
-25.800001
-27.000002
-24.900002
-26.700001
-26.400002
-27.600000
-27.000002
-26.400002
-27.300001
-26.100000
-24.900002
-26.100000
-27.000002
-26.100000
-26.100000
-26.100000
-26.100000
-24.900002
-27.300001
-27.300001
-25.800001
-26.700001
-24.900002
-28.200001
-26.700001
-25.800001
-28.200001
-26.700001
-24.900002
-26.100000
-27.300001
-26.400002
-24.600000
-24.600000
-26.700001
-27.000002
-26.700001
-24.900002
-26.400002
-25.500002
-26.400002
-25.200001
-27.300001
-26.100000
-25.500002
-27.000002
-26.700001
-27.900002
-27.000002
-27.000002
-26.400002
-26.400002
-27.000002
-28.500002
-28.500002
-26.400002
-28.800001
-27.300001
-26.100000
-27.000002
-27.600000
-28.200001
-27.600000
-28.500002
-29.400002
-28.500002
-30.900002
-30.000002
-30.300001
-28.500002
-30.600000
-31.200001
-31.500002
-30.900002
-30.000002
-30.600000
-31.800001
-29.700001
-29.700001
-30.900002
-30.600000
-32.700001
-33.300003
-33.000000
-33.300003
-33.600002
-33.300003
-33.000000
-33.600002
-31.800001
-32.700001
-34.200001
-33.900002
-33.300003
-32.700001
-33.000000
-34.800003
-32.400002
-34.500000
-34.800003
-32.100002
-33.000000
-33.900002
-33.900002
-32.400002
-32.100002
-32.700001
-30.300001
-30.900002
-32.700001
-30.900002
-33.000000
-30.300001
-30.000002
-29.400002
-28.500002
-28.200001
-28.800001
-28.200001
-27.300001
-27.600000
-26.400002
-25.800001
-28.200001
-28.500002
-26.100000
-25.800001
-24.600000
-25.200001
-24.600000
-22.500000
-24.300001
-23.700001
-23.700001
-25.500002
-25.800001
-25.200001
-27.300001
-25.500002
-26.400002
-27.600000
-27.300001
-28.500002
-25.800001
-27.000002
-26.400002
-26.400002
-27.600000
-27.000002
-27.600000
-28.800001
-25.200001
-28.200001
-28.200001
-27.600000
-27.300001
-27.300001
-26.700001
-29.100000
-27.600000
-28.800001
-27.000002
-27.300001
-27.300001
-29.100000
-28.200001
-28.500002
-27.300001
-29.700001
-29.400002
-28.500002
-27.900002
-29.100000
-29.100000
-27.900002
-31.200001
-28.800001
-30.600000
-29.400002
-29.700001
-29.400002
-30.000002
-31.800001
-28.500002
-30.300001
-30.300001
-31.500002
-31.200001
-30.900002
-28.500002
-30.600000
-29.700001
-27.600000
-29.100000
-27.900002
-28.500002
-29.400002
-27.900002
-30.300001
-29.400002
-29.400002
-28.800001
-29.400002
-26.400002
-27.000002
-26.700001
-28.200001
-29.400002
-27.300001
-27.600000
-29.100000
-28.800001
-27.900002
-29.400002
-27.600000
-29.400002
-26.700001
-28.500002
-27.300001
-28.800001
-26.700001
-27.300001
-30.000002
-28.200001
-28.200001
-28.500002
-29.400002
-27.300001
-28.500002
-27.600000
-29.100000
-27.600000
-27.600000
-27.600000
-29.400002
-27.900002
-25.500002
-29.400002
-27.900002
-29.100000
-27.600000
-30.900002
-29.100000
-27.900002
-30.300001
-27.000002
-27.900002
-29.100000
-26.400002
-28.500002
-29.700001
-27.600000
-27.900002
-29.400002
-29.700001
-30.900002
-30.900002
-28.200001
-28.500002
-27.900002
-28.200001
-27.600000
-30.600000
-29.700001
-27.900002
-27.900002
-28.200001
-29.400002
-30.000002
-29.100000
-30.000002
-28.200001
-29.700001
-29.100000
-29.700001
-29.700001
-28.200001
-27.900002
-26.700001
-27.300001
-28.200001
-27.300001
-28.200001
-27.000002
-30.300001
-27.900002
-26.400002
-27.300001
-28.500002
-28.800001
-29.400002
-25.500002
-26.400002
-25.800001
-26.100000
-28.500002
-26.100000
-25.500002
-25.800001
-27.300001
-28.200001
-27.600000
-25.800001
-27.300001
-27.600000
-27.600000
-27.300001
-27.300001
-26.100000
-24.600000
-25.500002
-25.800001
-27.000002
-27.000002
-27.300001
-26.700001
-25.200001
-28.500002
-25.200001
-27.300001
-26.400002
-26.100000
-27.300001
-26.100000
-24.300001
-25.800001
-24.900002
-24.000000
-25.800001
-24.600000
-23.700001
-25.800001
-24.000000
-21.600000
-24.900002
-24.600000
-24.900002
-25.200001
-25.500002
-24.600000
-24.000000
-24.600000
-23.100000
-21.600000
-23.700001
-22.200001
-22.800001
-21.600000
-22.200001
-20.400002
-22.500000
-22.200001
-22.200001
-22.200001
-21.600000
-21.300001
-23.400002
-22.500000
-21.900002
-22.500000
-21.000000
-22.500000
-24.300001
-21.600000
-19.500000
-20.700001
-22.200001
-21.300001
-21.300001
-22.200001
-22.200001
-21.000000
-20.400002
-21.900002
-21.300001
-21.600000
-20.100000
-20.400002
-19.500000
-20.700001
-20.100000
-21.000000
-21.900002
-20.700001
-20.100000
-20.100000
-20.700001
-22.500000
-22.200001
-20.100000
-21.000000
-21.300001
-21.300001
-21.000000
-21.000000
-19.800001
-19.500000
-19.800001
-20.700001
-21.300001
-18.300001
-20.400002
-20.400002
-19.200001
-20.100000
-18.900002
-21.000000
-19.800001
-20.100000
-19.200001
-16.800001
-17.700001
-18.300001
-18.000000
-15.900001
-17.700001
-17.400002
-17.100000
-16.800001
-15.000001
-16.500000
-14.100000
-13.200001
-10.500000
-9.000000
-7.200000
-7.500000
-6.300000
-4.800000
-4.200000
-4.200000
-4.500000
-6.600000
-4.500000
-4.200000
-3.900000
-6.300000
-3.600000
-6.600000
-4.800000
-3.600000
-6.900000
-3.900000
-4.200000
-6.000000
-4.500000
-3.300000
-3.600000
-6.300000
-5.700000
-5.400000
-6.300000
-5.700000
-3.600000
-5.100000
-4.500000
-4.800000
-4.200000
-6.300000
-4.500000
-5.700000
-4.200000
-6.300000
-5.700000
-5.100000
-6.000000
-5.700000
-4.800000
-4.500000
-3.300000
-3.900000
-3.900000
-3.000000
-2.400000
-3.600000
-1.800000
-4.500000
-4.800000
-3.900000
-5.100000
-5.400000
-7.800000
-7.500000
-6.300000
-9.300000
-10.200001
-9.600000
-11.400001
-11.700001
-10.800000
-12.000000
-12.900001
-13.200001
-15.300000
-13.500001
-16.200001
-15.000001
-15.300000
-15.000001
-16.500000
-14.700001
-12.600000
-15.300000
-14.700001
-13.800000
-16.500000
-15.900001
-16.500000
-17.700001
-16.500000
-18.300001
-16.200001
-17.400002
-15.900001
-18.300001
-18.600000
-19.200001
-17.400002
-18.300001
-19.500000
-18.600000
-19.200001
-21.300001
-21.000000
-20.700001
-20.400002
-20.700001
-20.700001
-17.700001
-18.900002
-19.800001
-18.600000
-18.300001
-18.000000
-15.900001
-15.600000
-15.000001
-13.500001
-12.600000
-10.800000
-11.700001
-10.800000
-11.700001
-12.000000
-10.800000
-12.600000
-11.400001
-10.500000
-11.400001
-12.900001
-10.500000
-11.100000
-12.000000
-11.400001
-12.900001
-12.600000
-11.400001
-13.500001
-12.600000
-12.300000
-12.900001
-14.400001
-10.800000
-12.900001
-12.900001
-13.800000
-14.100000
-13.800000
-15.300000
-14.100000
-16.200001
-14.400001
-15.600000
-15.900001
-16.500000
-15.900001
-16.500000
-15.900001
-17.100000
-18.000000
-16.500000
-17.100000
-17.700001
-18.300001
-16.200001
-19.800001
-20.100000
-18.000000
-18.000000
-17.400002
-19.200001
-18.600000
-18.300001
-20.700001
-21.300001
-19.800001
-20.400002
-19.500000
-20.100000
-21.000000
-20.700001
-20.700001
-18.600000
-21.600000
-20.700001
-20.700001
-19.500000
-21.600000
-18.600000
-20.700001
-21.600000
-22.800001
-18.300001
-18.000000
-21.900002
-19.200001
-20.100000
-19.800001
-20.100000
-18.300001
-19.500000
-18.300001
-20.400002
-17.700001
-18.600000
-18.900002
-17.700001
-19.500000
-18.600000
-19.800001
-20.100000
-18.900002
-17.700001
-17.400002
-15.900001
-15.900001
-17.100000
-16.800001
-17.100000
-15.900001
-15.300000
-15.600000
-16.500000
-15.000001
-14.400001
-15.000001
-15.600000
-16.500000
-17.700001
-15.900001
-15.900001
-17.400002
-15.900001
-17.700001
-15.600000
-19.200001
-19.200001
-21.000000
-23.700001
-24.000000
-23.100000
-25.800001
-25.200001
-26.100000
-27.000002
-25.800001
-27.600000
-28.500002
-30.300001
-29.700001
-29.700001
-32.100002
-30.000002
-30.600000
-30.900002
-30.600000
-30.600000
-29.400002
-32.400002
-31.500002
-31.500002
-33.000000
-33.300003
-32.400002
-29.700001
-30.000002
-32.100002
-31.200001
-30.600000
-30.900002
-32.100002
-32.700001
-31.800001
-33.000000
-33.300003
-31.200001
-30.000002
-31.500002
-31.200001
-31.500002
-30.300001
-30.600000
-31.200001
-33.000000
-32.400002
-31.800001
-29.700001
-30.900002
-31.200001
-30.600000
-28.500002
-28.200001
-31.800001
-29.400002
-27.900002
-28.800001
-28.200001
-30.300001
-25.200001
-27.900002
-26.400002
-25.800001
-27.300001
-28.800001
-26.100000
-27.000002
-25.800001
-25.200001
-27.300001
-27.000002
-26.700001
-26.100000
-27.900002
-26.100000
-26.700001
-27.000002
-25.500002
-27.000002
-26.100000
-27.300001
-24.600000
-26.700001
-27.000002
-26.400002
-25.200001
-24.900002
-24.600000
-24.900002
-24.900002
-25.800001
-27.300001
-24.900002
-26.100000
-23.700001
-23.100000
-24.300001
-24.900002
-25.800001
-24.600000
-25.800001
-23.700001
-26.400002
-29.100000
-28.200001
-29.700001
-28.800001
-28.500002
-30.600000
-31.800001
-31.200001
-29.700001
-29.700001
-33.600002
-32.100002
-31.200001
-29.700001
-29.700001
-29.400002
-30.300001
-31.200001
-33.000000
-33.000000
-32.700001
-31.500002
-30.900002
-32.100002
-31.200001
-31.200001
-32.700001
-31.200001
-29.400002
-32.100002
-32.100002
-30.900002
-30.000002
-30.600000
-28.500002
-29.700001
-27.300001
-27.900002
-25.500002
-25.200001
-25.200001
-23.400002
-25.200001
-27.000002
-26.100000
-24.900002
-23.700001
-23.400002
-18.900002
-18.900002
-19.500000
-18.600000
-17.100000
-17.100000
-17.700001
-19.500000
-18.600000
-19.500000
-21.300001
-20.100000
-19.800001
-21.000000
-19.800001
-18.000000
-18.600000
-19.800001
-15.900001
-20.100000
-16.800001
-18.600000
-19.200001
-17.700001
-20.700001
-19.800001
-19.200001
-19.800001
-19.800001
-21.600000
-19.800001
-19.800001
-20.100000
-19.200001
-21.300001
-20.400002
-21.600000
-21.000000
-21.300001
-21.600000
-21.300001
-20.700001
-21.900002
-21.000000
-22.500000
-21.000000
-24.600000
-21.300001
-19.500000
-22.200001
-21.900002
-21.600000
-21.000000
-22.200001
-20.700001
-22.200001
-20.400002
-20.100000
-20.400002
-21.000000
-19.500000
-20.700001
-20.100000
-21.900002
-21.900002
-21.000000
-22.200001
-21.600000
-21.900002
-22.200001
-22.800001
-22.800001
-23.100000
-21.900002
-22.200001
-21.900002
-21.900002
-24.300001
-22.800001
-22.200001
-23.700001
-23.100000
-23.100000
-21.000000
-21.900002
-21.900002
-21.600000
-21.000000
-22.800001
-23.100000
-23.400002
-23.700001
-25.500002
-21.900002
-24.300001
-24.600000
-26.100000
-23.400002
-25.500002
-25.200001
-23.700001
-26.400002
-28.200001
-24.600000
-25.800001
-25.200001
-26.400002
-27.000002
-28.200001
-26.400002
-27.000002
-26.400002
-28.500002
-29.100000
-29.100000
-30.600000
-28.500002
-30.300001
-27.900002
-29.100000
-27.900002
-27.000002
-25.800001
-27.000002
-25.200001
-25.500002
-27.300001
-25.200001
-27.000002
-28.500002
-27.300001
-25.800001
-25.800001
-27.300001
-26.100000
-28.500002
-25.200001
-24.000000
-28.500002
-27.000002
-25.500002
-25.500002
-27.000002
-24.300001
-27.900002
-26.400002
-24.600000
-22.800001
-24.000000
-23.700001
-20.700001
-23.700001
-24.000000
-24.000000
-23.100000
-22.800001
-22.800001
-21.300001
-24.000000
-21.000000
-25.200001
-23.700001
-23.700001
-25.500002
-23.700001
-25.500002
-25.500002
-26.100000
-24.600000
-24.900002
-24.900002
-26.400002
-24.300001
-25.500002
-24.900002
-21.900002
-24.300001
-24.300001
-25.800001
-25.200001
-23.700001
-24.300001
-24.600000
-24.000000
-26.100000
-25.800001
-23.400002
-23.700001
-24.600000
-24.000000
-24.600000
-23.400002
-21.900002
-24.900002
-22.800001
-24.000000
-25.500002
-27.300001
-25.200001
-24.900002
-24.900002
-25.200001
-23.700001
-25.500002
-24.600000
-24.000000
-24.600000
-23.400002
-25.500002
-25.800001
-25.500002
-23.700001
-24.600000
-24.600000
-22.800001
-25.200001
-24.600000
-24.600000
-24.000000
-25.500002
-24.000000
-25.200001
-24.000000
-22.800001
-24.600000
-23.700001
-21.600000
-21.300001
-21.300001
-23.100000
-22.500000
-23.100000
-19.800001
-22.800001
-21.900002
-21.000000
-21.300001
-22.500000
-23.100000
-21.600000
-23.400002
-24.300001
-22.800001
-21.300001
-22.200001
-24.900002
-24.000000
-22.800001
-21.300001
-22.500000
-22.800001
-22.800001
-21.000000
-21.900002
-23.400002
-23.400002
-23.700001
-22.200001
-24.300001
-22.200001
-23.700001
-24.000000
-22.200001
-23.100000
-24.600000
-24.300001
-21.600000
-24.000000
-23.100000
-25.200001
-24.900002
-24.600000
-24.900002
-26.400002
-25.800001
-25.200001
-24.600000
-27.600000
-27.600000
-26.100000
-23.700001
-26.100000
-26.100000
-24.900002
-25.800001
-25.800001
-26.100000
-26.700001
-24.000000
-23.100000
-24.900002
-25.500002
-26.100000
-26.400002
-27.000002
-27.300001
-27.900002
-28.800001
-26.700001
-27.900002
-29.400002
-25.500002
-25.800001
-25.800001
-25.500002
-26.400002
-25.500002
-24.900002
-24.000000
-24.900002
-25.500002
-23.700001
-25.500002
-24.300001
-26.700001
-24.300001
-26.100000
-24.600000
-24.600000
-25.500002
-27.000002
-23.700001
-24.300001
-24.300001
-24.600000
-23.100000
-23.700001
-23.100000
-23.100000
-24.000000
-24.900002
-22.500000
-24.000000
-24.000000
-25.200001
-24.300001
-24.300001
-25.500002
-25.200001
-23.700001
-27.000002
-26.400002
-26.700001
-25.500002
-24.600000
-26.700001
-27.000002
-24.300001
-28.200001
-26.400002
-25.800001
-27.000002
-29.400002
-27.600000
-28.800001
-28.500002
-26.400002
-27.900002
-27.000002
-24.300001
-22.800001
-23.100000
-26.100000
-25.500002
-25.200001
-26.700001
-24.900002
-25.500002
-25.800001
-23.100000
-23.400002
-24.900002
-26.100000
-27.000002
-26.100000
-24.900002
-25.500002
-25.800001
-23.400002
-24.000000
-27.600000
-26.400002
-27.000002
-27.000002
-27.300001
-27.900002
-25.200001
-26.400002
-26.700001
-24.600000
-25.200001
-26.700001
-25.200001
-26.700001
-26.100000
-24.300001
-25.200001
-25.500002
-23.700001
-25.500002
-24.900002
-25.800001
-22.200001
-25.200001
-26.100000
-26.700001
-25.200001
-24.900002
-24.600000
-23.700001
-22.500000
-24.900002
-25.800001
-24.600000
-24.600000
-26.700001
-25.500002
-25.800001
-21.900002
-24.600000
-24.300001
-25.500002
-25.200001
-24.900002
-27.300001
-29.400002
-24.600000
-27.900002
-26.100000
-26.700001
-27.300001
-27.000002
-27.300001
-27.900002
-27.300001
-26.700001
-24.600000
-27.900002
-26.100000
-24.000000
-24.600000
-28.200001
-27.300001
-27.900002
-27.900002
-25.200001
-25.200001
-25.200001
-26.400002
-25.500002
-28.200001
-26.700001
-27.600000
-26.700001
-27.000002
-26.700001
-27.600000
-28.800001
-27.300001
-26.700001
-26.400002
-27.600000
-26.700001
-26.700001
-26.700001
-27.300001
-26.700001
-26.700001
-25.800001
-26.700001
-26.400002
-27.600000
-27.000002
-28.200001
-26.100000
-27.300001
-28.200001
-25.800001
-25.500002
-24.900002
-25.500002
-26.700001
-26.700001
-27.300001
-24.000000
-26.400002
-27.900002
-26.100000
-25.500002
-28.500002
-26.700001
-27.900002
-26.400002
-24.900002
-27.600000
-27.000002
-27.600000
-24.300001
-24.600000
-26.700001
-24.300001
-27.000002
-26.100000
-26.100000
-26.400002
-27.900002
-27.900002
-27.600000
-28.500002
-27.000002
-25.200001
-26.100000
-25.800001
-27.000002
-25.800001
-26.100000
-25.200001
-26.100000
-27.000002
-27.600000
-26.700001
-27.000002
-26.100000
-26.700001
-27.000002
-27.000002
-25.500002
-27.000002
-26.700001
-27.000002
-25.500002
-26.400002
-26.400002
-23.700001
-27.000002
-27.300001
-26.400002
-26.400002
-27.000002
-26.100000
-27.000002
-24.900002
-25.800001
-26.400002
-25.500002
-27.000002
-25.500002
-25.800001
-25.800001
-27.000002
-27.000002
-25.500002
-27.300001
-26.100000
-27.000002
-25.500002
-27.300001
-27.600000
-27.300001
-26.100000
-27.600000
-25.800001
-27.300001
-25.800001
-28.500002
-27.300001
-28.500002
-25.500002
-26.100000
-26.100000
-28.200001
-27.000002
-27.300001
-24.900002
-27.000002
-25.500002
-27.900002
-26.400002
-26.400002
-27.600000
-27.000002
-26.700001
-26.700001
-25.200001
-27.000002
-25.200001
-27.300001
