-2.299999
-2.599999
-2.000000
-4.400000
-1.400000
-3.500000
-2.599999
-4.100000
-1.700000
-2.599999
-1.700000
-2.599999
-1.400000
-2.299999
-2.599999
-2.599999
-2.900000
-2.900000
-2.599999
-3.800000
-1.400000
-3.500000
-1.400000
-2.599999
-1.400000
-1.700000
-3.200000
-2.000000
-1.700000
-2.900000
-2.299999
-2.299999
-4.400000
-2.599999
-2.599999
-2.599999
-1.700000
-2.599999
-4.400000
-2.900000
-5.000000
-2.599999
-2.900000
-1.400000
-3.500000
-3.500000
-2.299999
-3.200000
-4.400000
-1.099999
-3.200000
-2.000000
-3.800000
-2.000000
-0.200000
-2.900000
-3.500000
-3.200000
-2.599999
-2.299999
-2.299999
-2.599999
-2.299999
-0.200000
-2.599999
-2.900000
-1.700000
-5.300000
-2.599999
-3.800000
-2.299999
-1.700000
-2.299999
-0.799999
-0.500000
-1.099999
-3.500000
-3.500000
-2.000000
-1.099999
-4.100000
-3.800000
-4.100000
-4.100000
-3.200000
-2.299999
-2.599999
-2.000000
-2.000000
-3.800000
-2.599999
-3.200000
-2.900000
-3.200000
-4.400000
-4.400000
-2.299999
-3.200000
-3.500000
-5.900000
-5.300000
-6.200000
-8.300000
-10.100000
-8.600000
-10.100000
-8.300000
-8.000000
-8.600000
-8.300000
-6.800000
-6.500000
-5.000000
-5.000000
-3.500000
-7.700000
-6.200000
-6.800000
-7.400000
-4.400000
-3.200000
-3.800000
-5.900000
-7.100000
-8.900000
-10.100000
-11.000000
-12.200000
-11.000000
-12.800000
-11.300000
-11.900000
-10.100000
-12.200000
-9.200000
-10.100000
-10.400000
-11.900000
-11.900000
-14.000000
-12.500000
-12.800000
-13.700000
-14.600000
-14.900000
-14.300000
-15.500000
-15.800000
-16.700001
-16.100000
-14.300000
-14.000000
-15.200001
-10.700000
-11.600000
-7.700000
-5.300000
-4.100000
-5.000000
-5.300000
-2.900000
3.100000
2.500001
2.500001
2.500001
2.500001
2.500001
2.500001
2.500001
2.500001
2.500001
2.500001
2.500001
2.500001
2.500001
2.500001
2.500001
2.500001
1.600000
1.600000
-2.000000
-4.400000
-7.700000
-12.800000
-15.200001
-22.400002
-25.400002
-29.900002
-34.700001
-36.200001
-41.900002
-41.900002
-44.900002
-45.800003
-47.600002
-49.100002
-50.900002
-49.400002
-49.700001
-49.700001
-48.500000
-49.700001
-50.300003
-47.600002
-48.200001
-46.100002
-45.200001
-44.600002
-42.500000
-42.500000
-43.100002
-38.000000
-36.200001
-32.900002
-32.900002
-29.600000
-27.800001
-22.100000
-21.500000
-20.900002
-17.900000
-16.700001
-15.800000
-15.200001
-14.600000
-15.500000
-15.200001
-18.799999
-19.700001
-24.200001
-28.700001
-33.500000
-36.800003
-38.599998
-43.400002
-42.800003
-46.400002
-44.000000
-43.400002
-42.200001
-39.800003
-35.599998
-33.200001
-26.600000
-22.100000
-18.799999
-14.600000
-7.700000
-4.100000
0.100000
6.400002
10.300001
11.500000
15.700001
14.200001
14.200001
13.900002
14.500002
17.200001
17.800001
17.800001
20.200001
20.200001
20.200001
20.200001
20.200001
20.200001
20.200001
20.200001
20.200001
20.200001
20.200001
20.200001
20.200001
20.200001
20.200001
20.200001
20.200001
20.200001
20.200001
20.200001
20.200001
8.800001
8.800001
8.500000
8.200001
6.400002
6.400002
6.400002
6.400002
6.400002
6.400002
6.400002
6.400002
6.400002
6.400002
6.400002
6.400002
6.400002
6.400002
6.400002
6.400002
6.400002
6.400002
6.400002
6.400002
6.400002
6.400002
6.400002
6.400002
6.400002
6.400002
6.400002
-8.300000
-7.700000
-8.600000
-9.800000
-10.700000
-11.300000
-13.400000
-13.700000
-13.100000
-11.000000
-13.700000
-14.000000
-14.300000
-12.800000
-16.400000
-15.200001
-14.600000
-14.900000
-12.800000
-11.300000
-11.000000
-11.600000
-12.200000
-12.200000
-11.000000
-9.200000
-9.200000
-8.300000
-6.200000
-5.000000
-5.000000
-5.000000
-5.000000
-5.000000
-5.000000
-5.000000
-5.000000
-5.000000
-5.000000
-5.000000
-5.000000
-5.000000
-5.000000
-5.000000
-5.000000
-5.000000
-5.000000
-5.000000
-10.400000
-11.900000
-14.000000
-14.600000
-14.600000
-19.100000
-20.000000
-23.299999
-24.500000
-25.100000
-27.200001
-30.800001
-31.100000
-33.800003
-33.800003
-35.000000
-34.099998
-33.800003
-35.300003
-34.099998
-32.599998
-33.200001
-32.000000
-33.200001
-34.400002
-30.800001
-32.599998
-32.000000
-31.100000
-30.200001
-26.900002
-28.400002
-21.799999
-18.500000
-14.600000
-13.100000
-8.300000
-5.900000
-3.800000
-3.800000
-2.900000
-3.800000
-2.299999
-3.200000
-4.100000
-3.800000
-6.200000
-7.100000
-8.300000
-12.200000
-14.600000
-17.900000
-22.400002
-25.400002
-29.600000
-34.099998
-37.700001
-39.800003
-42.200001
-41.599998
-45.800003
-46.700001
-47.000000
-47.300003
-46.100002
-45.500000
-44.300003
-42.200001
-41.000000
-39.200001
-35.900002
-32.000000
-29.300001
-26.000000
-23.000000
-22.100000
-17.900000
-20.900002
-22.100000
-24.200001
-26.600000
-27.800001
-28.700001
-31.100000
-29.000000
-33.800003
-35.300003
-36.200001
-37.700001
-41.599998
-42.200001
-43.400002
-46.700001
-47.000000
-48.500000
-47.000000
-46.100002
-47.300003
-47.000000
-47.600002
-46.700001
-48.500000
-47.900002
-47.600002
-50.600002
-47.900002
-50.000000
-49.700001
-49.400002
-49.400002
-48.200001
-46.100002
-46.400002
-48.800003
-47.600002
-48.500000
-48.500000
-49.700001
-49.100002
-50.000000
-51.500000
-49.700001
-47.000000
-48.800003
-47.600002
-47.600002
-50.900002
-46.400002
-49.100002
-47.000000
-48.800003
-47.300003
-47.900002
-47.000000
-46.400002
-47.000000
-45.800003
-47.000000
-45.800003
-45.500000
-43.700001
-41.599998
-43.700001
-43.100002
-41.300003
-41.599998
-42.200001
-42.200001
-40.400002
-41.900002
-41.900002
-41.599998
-41.599998
-41.900002
-42.200001
-41.599998
-43.700001
-44.300003
-45.800003
-47.900002
-47.300003
-49.100002
-49.700001
-48.500000
-48.200001
-50.000000
-49.100002
-46.100002
-46.700001
-47.000000
-47.000000
-44.300003
-44.600002
-42.800003
-39.500000
-38.599998
-38.300003
-36.500000
-36.800003
-34.099998
-34.099998
-35.599998
-36.500000
-35.900002
-35.900002
-37.700001
-38.599998
-38.900002
-40.099998
-40.099998
-41.599998
-40.099998
-40.700001
-41.000000
-40.700001
-42.800003
-41.900002
-39.800003
-42.800003
-42.500000
-42.500000
-44.300003
-46.400002
-44.000000
-47.000000
-47.300003
-49.700001
-50.600002
-48.500000
-49.100002
-50.300003
-47.900002
-50.000000
-47.300003
-48.200001
-48.200001
-49.100002
-48.500000
-48.500000
-48.200001
-46.400002
-45.200001
-44.600002
-43.700001
-42.200001
-41.300003
-38.599998
-37.099998
-36.800003
-33.800003
-31.400002
-29.000000
-28.700001
-27.200001
-26.000000
-24.799999
-25.700001
-27.200001
-29.000000
-29.600000
-31.700001
-34.099998
-35.300003
-37.099998
-39.800003
-44.000000
-45.200001
-46.400002
-45.800003
-48.500000
-49.100002
-50.000000
-50.900002
-50.300003
-49.100002
-48.500000
-48.500000
-48.800003
-47.900002
-44.300003
-41.900002
-40.099998
-37.099998
-35.900002
-35.000000
-33.500000
-32.599998
-31.700001
-34.400002
-32.900002
-31.400002
-29.900002
-32.000000
-28.100000
-29.300001
-29.900002
-29.600000
-31.100000
-35.300003
-34.700001
-34.400002
-36.200001
-39.200001
-38.599998
-39.200001
-40.400002
-41.300003
-43.700001
-42.200001
-45.500000
-43.700001
-45.200001
-45.800003
-45.500000
-44.900002
-45.200001
-42.800003
-43.700001
-45.500000
-45.800003
-44.600002
-44.000000
-44.900002
-47.000000
-47.600002
-46.400002
-46.700001
-44.300003
-46.400002
-46.100002
-48.500000
-49.400002
-46.400002
-47.600002
-48.200001
-48.800003
-50.300003
-50.600002
-51.500000
-48.500000
-48.800003
-52.400002
-49.700001
-48.800003
-48.800003
-47.900002
-45.800003
-44.300003
-42.500000
-38.900002
-37.700001
-34.400002
-32.900002
-29.600000
-30.200001
-26.900002
-26.600000
-25.400002
-23.299999
-22.400002
-22.700001
-24.500000
-26.000000
-25.700001
-28.700001
-31.100000
-33.200001
-35.900002
-37.400002
-39.200001
-42.800003
-44.900002
-48.200001
-47.000000
-48.800003
-48.800003
-50.000000
-48.800003
-47.900002
-46.400002
-44.000000
-41.599998
-40.099998
-35.599998
-36.500000
-32.300003
-33.200001
-34.099998
-30.800001
-30.800001
-32.300003
-29.900002
-32.300003
-31.400002
-32.000000
-33.200001
-31.400002
-29.900002
-30.500000
-30.800001
-29.900002
-30.500000
-28.700001
-31.100000
-33.500000
-31.700001
-32.000000
-35.000000
-31.700001
-35.900002
-38.599998
-37.400002
-37.099998
-38.900002
-39.800003
-40.099998
-42.500000
-40.400002
-41.900002
-43.100002
-43.700001
-43.400002
-45.800003
-45.800003
-44.000000
-45.800003
-48.200001
-47.900002
-47.000000
-46.100002
-47.300003
-48.500000
-47.600002
-48.500000
-49.100002
-48.500000
-49.700001
-49.700001
-48.800003
-51.200001
-49.100002
-49.100002
-49.100002
-50.300003
-48.200001
-50.000000
-48.500000
-47.000000
-47.900002
-46.100002
-44.300003
-43.700001
-42.500000
-41.599998
-37.400002
-36.200001
-35.900002
-32.900002
-31.100000
-31.400002
-31.100000
-31.700001
-33.800003
-31.400002
-34.400002
-34.099998
-34.099998
-36.200001
-36.800003
-38.300003
-39.500000
-40.700001
-42.200001
-43.400002
-47.000000
-48.200001
-47.900002
-49.100002
-49.400002
-47.900002
-48.200001
-47.000000
-47.000000
-45.800003
-44.600002
-42.800003
-37.700001
-35.900002
-35.599998
-32.900002
-32.000000
-32.000000
-31.100000
-27.200001
-28.700001
-29.600000
-28.700001
-29.300001
-28.100000
-28.700001
-28.400002
-29.300001
-30.500000
-28.700001
-28.100000
-29.300001
-27.800001
-29.300001
-26.900002
-24.799999
-24.200001
-27.500000
-25.400002
-25.400002
-27.800001
-27.500000
-29.900002
-32.000000
-32.300003
-34.700001
-37.099998
-38.300003
-39.800003
-41.300003
-44.600002
-46.400002
-47.600002
-46.400002
-49.400002
-48.200001
-50.300003
-49.100002
-50.300003
-49.400002
-50.900002
-48.800003
-47.900002
-48.200001
-47.600002
-47.900002
-49.100002
-49.400002
-49.400002
-50.900002
-48.800003
-50.600002
-49.700001
-48.200001
-52.100002
-48.800003
-47.300003
-43.100002
-41.000000
-38.000000
-37.400002
-36.200001
-33.500000
-32.000000
-29.900002
-29.900002
-30.800001
-30.500000
-29.000000
-31.100000
-31.700001
-34.700001
-35.900002
-37.099998
-37.700001
-41.300003
-43.400002
-44.600002
-45.200001
-44.900002
-47.600002
-47.900002
-47.000000
-45.200001
-43.100002
-43.100002
-41.599998
-36.800003
-34.700001
-31.400002
-29.900002
-29.000000
-28.100000
-26.900002
-27.500000
-27.200001
-29.900002
-28.400002
-29.300001
-30.800001
-31.100000
-32.900002
-32.900002
-37.400002
-37.099998
-35.599998
-36.800003
-38.599998
-38.300003
-38.000000
-40.700001
-43.100002
-45.200001
-46.700001
-48.800003
-51.200001
-50.600002
-49.400002
-48.500000
-47.900002
-45.800003
-45.800003
-43.400002
-40.099998
-35.900002
-32.000000
-26.000000
-22.100000
-16.700001
-12.800000
-9.200000
-6.200000
-0.799999
3.700001
10.900002
14.500002
16.900002
21.400002
23.500000
23.200001
28.900002
29.500000
32.200001
32.800003
31.300003
32.500000
28.600002
28.300003
26.500000
25.900002
26.200001
23.500000
20.200001
18.100000
17.200001
16.600000
16.900002
15.400002
17.200001
18.400002
18.400002
22.900002
22.900002
29.800003
29.200001
32.800003
34.300003
32.500000
31.900002
30.400002
25.000000
17.200001
6.700001
0.700001
-7.700000
-11.900000
-20.000000
-26.000000
-32.000000
-36.500000
-39.800003
-41.000000
-41.900002
-43.400002
-43.400002
-41.000000
-41.000000
-38.900002
-36.200001
-32.000000
-29.300001
-22.400002
-18.799999
-15.200001
-12.200000
-8.600000
-5.300000
-4.400000
-0.500000
-3.500000
-1.099999
-5.000000
-4.100000
-4.700000
-4.400000
-6.800000
-5.900000
-7.700000
-3.200000
-7.100000
-5.600000
-4.700000
-4.400000
-2.000000
2.800000
8.200001
11.800001
12.700001
13.300001
14.500002
16.900002
18.100000
18.400002
18.100000
17.500002
19.900002
18.100000
20.500002
21.700001
21.700001
23.200001
22.600002
23.200001
22.300003
24.700001
24.700001
21.700001
21.700001
21.400002
20.500002
17.800001
18.400002
19.900002
18.700001
16.600000
14.500002
16.300001
12.400002
13.300001
8.800001
7.300001
5.500000
4.600000
1.600000
-0.200000
-4.100000
-7.100000
-10.700000
-15.500000
-19.700001
-23.299999
-28.400002
-34.700001
-38.300003
-38.900002
-38.599998
-43.400002
-45.800003
-48.500000
-47.300003
-47.900002
-45.500000
-47.300003
-44.900002
-45.500000
-41.599998
-41.300003
-39.800003
-40.400002
-38.300003
-36.800003
-33.500000
-34.099998
-32.300003
-30.200001
-28.400002
-24.500000
-26.299999
-26.600000
-23.600000
-20.000000
-17.900000
-17.000000
-14.300000
-16.100000
-13.700000
-10.400000
-9.500000
-7.400000
-5.600000
-6.500000
-4.400000
-4.700000
-3.800000
-2.599999
-2.000000
-3.200000
-2.599999
-4.400000
-4.700000
-8.300000
-8.900000
-6.500000
-6.800000
-9.200000
-7.400000
-12.200000
-12.800000
-11.000000
-12.500000
-12.800000
-14.900000
-14.000000
-13.700000
-14.300000
-14.600000
-14.900000
-16.100000
-17.900000
-18.500000
-19.700001
-21.500000
-23.900002
-21.500000
-24.200001
-23.000000
-24.200001
-25.700001
-27.200001
-31.700001
-33.800003
-38.599998
-44.300003
-43.400002
-45.800003
-47.000000
-43.700001
-42.200001
-42.800003
-41.599998
-39.500000
-40.400002
-40.099998
-41.000000
-38.599998
-35.300003
-37.400002
-35.900002
-34.700001
-32.900002
-35.900002
-36.200001
-37.400002
-38.300003
-38.599998
-38.900002
-38.000000
-38.000000
-38.900002
-39.200001
-42.800003
-42.500000
-43.700001
-43.100002
-42.200001
-41.000000
-40.400002
-38.900002
-35.599998
-34.099998
-32.599998
-31.400002
-24.799999
-22.400002
-17.900000
-17.000000
-15.200001
-11.000000
-10.400000
-5.900000
-4.100000
-0.799999
1.300000
4.300000
4.600000
7.600000
6.100000
6.700001
7.900002
7.900002
8.800001
7.000000
7.000000
6.400002
7.000000
4.300000
4.900001
4.300000
2.800000
-0.500000
-0.200000
-2.000000
-2.599999
-3.800000
-5.000000
-3.800000
-4.700000
-5.300000
-4.400000
-3.800000
-3.800000
-3.500000
-4.100000
-1.400000
-3.500000
-2.299999
-0.500000
0.700001
1.900001
5.200001
5.800001
10.000000
9.400002
12.700001
11.500000
14.200001
16.000002
15.100000
16.300001
16.000002
15.100000
11.800001
13.300001
8.500000
6.700001
4.300000
-0.200000
-2.299999
-4.400000
-6.200000
-11.900000
-11.000000
-14.900000
-18.799999
-19.700001
-23.000000
-24.200001
-23.600000
-23.600000
-25.400002
-25.400002
-26.000000
-25.700001
-26.299999
-25.400002
-25.700001
-25.400002
-24.200001
-21.799999
-16.700001
-16.100000
-10.700000
-5.600000
-0.799999
2.800000
2.800000
-1.700000
-2.299999
-2.299999
-2.299999
-5.300000
-6.500000
-9.200000
-9.500000
-10.700000
-11.600000
-14.900000
-15.800000
-14.900000
-13.400000
-15.500000
-13.400000
-18.799999
-17.000000
-16.700001
-17.000000
-14.900000
-14.600000
-12.200000
-12.200000
-12.500000
-14.300000
-16.400000
-14.600000
-17.299999
-17.299999
-18.799999
-18.500000
-20.000000
-19.100000
-21.200001
-22.700001
-22.400002
-23.600000
-25.700001
-26.299999
-26.600000
-26.900002
-29.600000
-29.000000
-27.200001
-29.900002
-31.100000
-31.700001
-29.900002
-30.200001
-29.000000
-29.900002
-25.700001
-25.100000
-26.000000
-21.500000
-19.400002
-17.299999
-12.800000
-10.700000
-6.200000
-3.800000
0.700001
1.600000
3.700001
5.800001
7.000000
3.700001
0.400001
-5.300000
-3.500000
1.000000
0.700001
1.600000
2.500001
4.000001
5.200001
7.300001
9.100000
8.800001
6.700001
4.900001
3.400001
-2.299999
-5.300000
-8.300000
-8.600000
-8.300000
-8.600000
-9.500000
-11.600000
-13.100000
-14.000000
-14.600000
-14.600000
-14.000000
-13.700000
-14.000000
-12.800000
-12.800000
-9.800000
-9.800000
-8.000000
-4.400000
2.800000
10.000000
13.900002
18.700001
19.600000
23.500000
27.700001
28.300003
30.100002
31.600002
31.600002
33.400002
33.700001
32.800003
32.200001
31.900002
30.700001
30.100002
31.600002
28.900002
30.400002
25.900002
25.900002
20.800001
18.400002
16.900002
15.100000
12.700001
10.000000
7.600000
4.900001
6.400002
5.800001
1.900001
2.800000
0.700001
2.200001
2.200001
1.300000
3.700001
3.700001
7.900002
8.500000
9.400002
9.400002
7.900002
7.900002
9.700001
8.200001
10.000000
10.900002
11.200001
11.500000
10.900002
10.300001
10.900002
9.400002
8.200001
8.200001
9.700001
9.700001
9.700001
9.400002
9.100000
11.800001
8.800001
9.100000
9.100000
9.100000
5.800001
4.600000
3.400001
4.600000
-0.200000
1.000000
-1.700000
-4.100000
-8.000000
-10.400000
-14.300000
-19.700001
-22.100000
-24.500000
-24.500000
-26.600000
-28.400002
-29.000000
-31.100000
-31.100000
-32.300003
-31.400002
-33.200001
-29.900002
-33.200001
-30.200001
-27.200001
-27.500000
-26.600000
-26.299999
-25.700001
-22.400002
-22.100000
-20.600000
-15.500000
-17.000000
-15.500000
-14.600000
-12.800000
-12.200000
-11.300000
-11.000000
-8.900000
-7.700000
-4.400000
-3.800000
-1.400000
1.000000
4.600000
4.600000
6.400002
4.600000
8.800001
9.100000
8.200001
8.500000
7.900002
10.000000
9.400002
8.800001
7.900002
5.800001
3.100000
-1.099999
-3.800000
-6.800000
-9.800000
-16.700001
-20.900002
-26.000000
-25.400002
-26.900002
-28.400002
-29.300001
-28.400002
-30.200001
-29.600000
-24.500000
-25.100000
-22.700001
-20.900002
-14.600000
-11.300000
-7.100000
-8.900000
-5.900000
-4.400000
-2.299999
-2.299999
-3.200000
-3.800000
-3.500000
-1.700000
0.100000
0.400001
1.600000
3.100000
5.800001
4.600000
6.700001
6.700001
8.200001
8.800001
10.000000
11.200001
10.000000
10.900002
12.100000
13.900002
16.600000
14.500002
14.500002
14.200001
14.500002
16.900002
17.500002
18.400002
17.200001
18.400002
16.900002
16.600000
15.400002
18.400002
16.900002
14.800001
14.200001
16.600000
15.700001
14.500002
16.900002
13.300001
13.300001
9.400002
9.100000
5.200001
5.200001
2.200001
3.700001
0.400001
2.800000
-0.799999
-3.200000
-6.200000
-6.800000
-12.200000
-12.500000
-13.700000
-16.400000
-17.600000
-20.900002
-25.700001
-26.900002
-29.000000
-32.599998
-31.700001
-34.400002
-34.700001
-35.300003
-36.500000
-38.599998
-38.000000
-37.700001
-39.500000
-37.099998
-38.000000
-37.099998
-36.800003
-32.599998
-32.900002
-32.000000
-31.400002
-26.900002
-25.400002
-21.500000
-19.700001
-20.000000
-17.600000
-17.600000
-17.900000
-14.000000
-12.200000
-13.700000
-13.400000
-14.300000
-14.000000
-11.000000
-12.800000
-12.800000
-15.800000
-15.500000
-17.299999
-18.500000
-19.400002
-23.000000
-22.400002
-23.299999
-24.200001
-26.900002
-28.400002
-29.600000
-32.599998
-32.300003
-35.900002
-37.700001
-38.900002
-40.700001
-40.400002
-41.599998
-41.599998
-41.900002
-41.900002
-41.599998
-39.800003
-39.200001
-39.800003
-41.300003
-40.700001
-38.900002
-40.099998
-36.500000
-36.500000
-34.400002
-32.599998
-30.200001
-31.700001
-29.300001
-30.200001
-27.200001
-26.600000
-25.100000
-26.299999
-25.700001
-23.299999
-25.400002
-26.299999
-27.500000
-28.400002
-29.000000
-29.600000
-27.500000
-29.900002
-30.200001
-31.100000
-33.800003
-32.900002
-35.000000
-37.099998
-37.400002
-40.400002
-42.200001
-43.100002
-41.300003
-47.000000
-48.200001
-47.900002
-51.500000
-50.300003
-49.400002
-50.000000
-48.200001
-49.400002
-47.000000
-47.600002
-44.600002
-43.700001
-44.900002
-42.200001
-40.700001
-40.099998
-38.599998
-36.800003
-38.300003
-38.000000
-38.300003
-36.200001
-33.800003
-32.900002
-30.200001
-29.000000
-27.500000
-29.600000
-27.500000
-25.400002
-25.100000
-25.700001
-23.600000
-21.500000
-23.900002
-21.500000
-21.200001
-20.000000
-20.000000
-20.600000
-20.299999
-17.600000
-17.000000
-19.100000
-17.900000
-17.299999
-20.299999
-18.200001
-18.500000
-19.100000
-20.000000
-17.900000
-17.900000
-19.100000
-17.299999
-19.700001
-19.400002
-19.700001
-20.600000
-20.299999
-22.400002
-21.200001
-23.299999
-21.200001
-21.200001
-23.900002
-25.700001
-26.000000
-26.299999
-27.500000
-28.400002
-29.300001
-28.700001
-28.700001
-30.200001
-28.700001
-30.200001
-29.900002
-31.700001
-31.100000
-31.100000
-32.599998
-33.200001
-33.200001
-33.200001
-33.800003
-33.500000
-35.300003
-34.400002
-34.400002
-34.400002
-35.300003
-34.700001
-34.700001
-36.200001
-33.200001
-33.500000
-33.500000
-29.000000
-28.400002
-28.400002
-26.600000
-29.600000
-29.900002
-29.600000
-31.100000
-29.900002
-29.300001
-29.000000
-28.700001
-29.900002
-28.400002
-27.800001
-30.200001
-30.800001
-30.800001
-32.900002
-32.000000
-33.800003
-37.099998
-38.599998
-40.099998
-39.800003
-40.700001
-41.300003
-41.599998
-38.599998
-39.500000
-38.900002
-35.300003
-33.200001
-28.700001
-28.400002
-23.900002
-19.700001
-16.400000
-13.400000
-8.300000
-4.700000
0.100000
3.700001
9.400002
13.000000
14.500002
18.700001
18.400002
20.500002
22.900002
22.300003
23.800003
27.100002
25.000000
27.700001
29.500000
28.300003
32.800003
31.600002
31.300003
28.900002
31.900002
31.300003
31.600002
31.600002
29.800003
30.700001
29.200001
28.900002
27.100002
28.600002
29.200001
25.600002
27.400002
29.800003
31.300003
32.500000
33.700001
32.200001
32.800003
33.100002
35.500000
34.300003
35.200001
34.900002
35.500000
36.400002
37.900002
38.500004
38.200001
38.500004
38.500004
36.100002
39.100002
40.900002
40.300003
39.400002
37.300003
37.600002
37.900002
39.100002
37.000000
35.800003
36.100002
33.700001
34.600002
32.800003
30.700001
31.900002
28.900002
25.900002
24.100002
25.000000
19.900002
19.000002
16.300001
14.800001
13.300001
8.500000
5.200001
4.600000
0.700001
-1.700000
-3.500000
-6.500000
-6.200000
-8.600000
-9.800000
-9.800000
-9.200000
-11.600000
-12.200000
-13.400000
-14.000000
-15.800000
-15.200001
-17.900000
-18.799999
-17.900000
-19.400002
-18.799999
-21.200001
-23.000000
-23.299999
-22.400002
-24.200001
-26.000000
-23.900002
-24.200001
-23.600000
-22.700001
-24.200001
-23.900002
-25.400002
-25.100000
-23.299999
-24.200001
-25.100000
-26.299999
-24.500000
-27.500000
-26.299999
-27.200001
-24.500000
-25.400002
-25.700001
-24.799999
-23.000000
-25.100000
-26.000000
-24.500000
-23.600000
-22.100000
-17.600000
-16.400000
-12.800000
-9.800000
-7.100000
-2.299999
4.000001
10.300001
18.100000
23.500000
27.400002
30.700001
32.200001
32.500000
35.800003
35.200001
32.800003
32.200001
29.500000
27.100002
23.500000
15.100000
10.900002
2.800000
-5.300000
-12.200000
-15.200001
-20.600000
-22.400002
-26.600000
-26.000000
-24.799999
-28.700001
-30.500000
-30.200001
-30.800001
-31.100000
-26.900002
-27.500000
-22.100000
-20.600000
-17.299999
-16.100000
-11.600000
-11.600000
-8.000000
-4.700000
-3.200000
1.600000
4.600000
6.100000
8.500000
11.200001
16.000002
18.700001
19.000002
20.200001
23.500000
25.600002
27.100002
25.900002
28.300003
27.700001
28.000000
27.100002
27.400002
28.000000
26.800003
26.800003
24.100002
20.200001
18.400002
14.800001
11.500000
6.700001
2.500001
-3.500000
-9.200000
-11.300000
-17.299999
-23.900002
-27.500000
-30.200001
-32.300003
-35.300003
-39.200001
-41.599998
-42.800003
-42.500000
-47.300003
-47.900002
-49.400002
-49.400002
-49.700001
-48.800003
-48.200001
-47.900002
-46.100002
-44.300003
-41.300003
-38.900002
-37.700001
-34.400002
-33.500000
-31.100000
-30.200001
-27.800001
-26.600000
-23.600000
-23.600000
-22.700001
-22.700001
-21.799999
-21.500000
-18.500000
-18.200001
-17.299999
-17.600000
-16.100000
-15.200001
-16.100000
-13.400000
-11.000000
-10.700000
-8.600000
-8.000000
-6.800000
-6.200000
-5.000000
-4.100000
-2.299999
-2.599999
-4.400000
-3.200000
-5.900000
-6.200000
-9.500000
-8.600000
-10.700000
-11.300000
-12.800000
-13.100000
-12.500000
-13.400000
-9.500000
-10.700000
-10.400000
-8.300000
-7.700000
-8.300000
-9.200000
-7.100000
-6.800000
-7.400000
-8.300000
-8.600000
-8.900000
-8.600000
-9.500000
-11.600000
-12.800000
-8.300000
-11.600000
-10.400000
-8.900000
-9.800000
-8.300000
-8.900000
-8.300000
-7.400000
-10.700000
-8.300000
-8.300000
-8.900000
-8.300000
-8.600000
-10.100000
-9.200000
-9.500000
-8.300000
-8.900000
-8.000000
-8.600000
-6.200000
-7.700000
-10.100000
-8.900000
-8.000000
-8.300000
-7.100000
-5.600000
-9.500000
-8.000000
-7.100000
-9.200000
-8.300000
-7.700000
-8.300000
-7.400000
-7.400000
-9.800000
-7.700000
-6.500000
-6.500000
-7.400000
-7.700000
-8.300000
-7.400000
-8.900000
-8.600000
-8.600000
-6.200000
-8.300000
-5.600000
-6.800000
-6.200000
-7.100000
-8.900000
-8.600000
-7.100000
-6.200000
-7.100000
-8.600000
-7.400000
-8.300000
-9.200000
-6.500000
-7.400000
-6.500000
-7.100000
-5.900000
-7.700000
-6.800000
-7.700000
-8.600000
