16.799999
16.799999
12.900000
15.299999
14.999999
14.400000
14.400000
15.299999
17.699999
17.099998
15.900000
14.400000
16.500000
17.099998
15.599999
14.999999
15.599999
16.199999
14.099998
15.299999
13.799999
18.900000
15.299999
15.900000
14.699999
16.799999
17.400000
15.299999
15.299999
14.099998
15.900000
16.199999
16.799999
14.699999
15.599999
14.999999
15.599999
14.099998
14.999999
17.400000
15.299999
15.900000
17.099998
16.199999
16.199999
13.499999
16.799999
15.900000
14.400000
15.900000
15.599999
13.799999
13.199999
14.999999
14.400000
14.400000
13.799999
15.599999
14.999999
14.999999
16.199999
14.699999
17.400000
14.999999
15.299999
14.400000
15.599999
15.900000
15.299999
16.500000
15.599999
17.099998
15.599999
13.199999
16.799999
14.699999
15.900000
14.699999
14.699999
17.400000
15.599999
15.599999
15.599999
16.799999
16.500000
16.500000
14.099998
16.500000
16.500000
15.299999
16.500000
15.900000
17.400000
16.199999
16.199999
15.900000
16.500000
16.500000
15.900000
17.699999
15.599999
18.299999
18.000000
19.199999
17.099998
20.400000
18.599998
21.000000
21.599998
21.000000
21.599998
20.699999
23.400000
21.299999
22.199999
22.199999
23.400000
22.799999
22.500000
23.699999
22.799999
24.299999
25.199999
24.599998
22.500000
23.099998
24.299999
24.000000
25.199999
24.900000
24.000000
25.199999
24.599998
25.799999
25.199999
24.299999
26.700001
25.799999
24.299999
24.900000
27.299999
25.500000
26.400000
25.799999
26.400000
26.700001
25.799999
27.299999
25.500000
26.099998
27.299999
26.700001
28.200001
25.199999
26.700001
28.200001
27.599998
27.599998
26.700001
25.500000
30.299999
27.900000
27.599998
28.500000
30.599998
29.099998
29.700001
31.799999
32.099998
33.299999
30.900000
31.200001
34.200001
34.799999
34.200001
34.500000
35.400002
34.799999
35.700001
35.700001
36.900002
37.500000
36.599998
38.099998
39.299999
38.700001
37.200001
42.299999
41.099998
41.700001
41.400002
43.500000
40.799999
44.099998
42.000000
45.900002
46.200001
46.500000
47.099998
45.599998
48.300003
49.800003
48.300003
48.000000
50.099998
51.900002
49.800003
50.700001
51.000000
53.100002
52.200001
52.799999
54.600002
51.900002
55.799999
56.100002
55.200001
55.500000
55.799999
55.200001
55.799999
56.700001
57.299999
57.900002
58.200001
57.600002
59.700001
56.700001
59.100002
58.500000
57.299999
58.500000
60.900002
59.400002
59.400002
61.200001
60.299999
60.000000
61.500000
60.900002
62.700001
60.600002
63.600002
64.500000
63.000000
63.900002
63.600002
63.299999
65.100006
65.100006
64.500000
66.000000
64.800003
65.400002
65.400002
65.400002
65.100006
66.300003
64.199997
62.400002
65.699997
66.300003
66.300003
65.699997
65.100006
67.500000
66.000000
65.699997
65.699997
64.800003
64.500000
65.400002
65.699997
64.500000
64.199997
64.500000
62.100002
63.600002
64.500000
64.800003
64.800003
64.199997
64.800003
63.600002
65.100006
65.699997
64.500000
63.299999
63.600002
64.500000
64.199997
62.700001
63.000000
61.799999
64.199997
61.500000
62.400002
60.600002
62.700001
62.100002
60.299999
60.900002
58.799999
60.000000
59.700001
60.299999
58.200001
59.400002
58.200001
58.799999
57.600002
56.700001
57.600002
57.600002
57.900002
56.100002
57.900002
56.400002
57.299999
56.700001
56.700001
54.299999
57.299999
56.100002
56.400002
55.500000
56.700001
57.000000
57.299999
56.400002
56.400002
54.900002
54.900002
56.700001
55.200001
54.600002
54.900002
54.600002
56.700001
56.700001
54.900002
53.700001
54.900002
57.900002
54.600002
51.900002
52.799999
52.500000
55.200001
51.900002
52.500000
51.299999
51.900002
51.900002
52.200001
51.900002
51.900002
54.000000
52.799999
51.000000
50.099998
50.400002
49.500000
48.900002
51.600002
51.299999
49.800003
49.500000
52.500000
50.400002
49.500000
51.600002
50.700001
50.400002
51.600002
49.500000
48.300003
48.000000
48.000000
47.400002
47.400002
46.800003
44.700001
44.700001
42.299999
43.200001
42.900002
44.099998
44.099998
42.299999
43.800003
42.599998
42.299999
42.599998
42.299999
42.599998
41.400002
40.799999
42.900002
42.299999
41.099998
42.299999
42.299999
43.200001
44.099998
44.700001
42.000000
44.099998
41.099998
41.700001
41.099998
41.700001
40.200001
40.500000
42.599998
41.700001
40.500000
41.099998
42.599998
42.599998
39.900002
39.900002
39.900002
39.299999
38.700001
41.700001
39.000000
39.299999
39.599998
40.500000
40.799999
39.299999
39.599998
38.099998
36.000000
36.299999
38.099998
37.500000
36.599998
36.000000
36.000000
34.500000
35.400002
33.900002
33.900002
32.400002
30.299999
28.799999
30.599998
28.200001
27.000000
28.500000
27.299999
25.500000
24.900000
23.099998
22.199999
21.599998
21.599998
21.000000
16.799999
17.699999
15.900000
17.699999
14.699999
14.699999
12.599998
12.900000
11.699999
10.499999
11.699999
10.199999
8.699999
7.199999
8.099998
5.699999
6.599998
5.099998
4.199999
4.499999
3.599998
3.299998
2.699999
0.899998
-1.200001
-0.900002
-1.800001
-3.300001
-2.100002
-5.700001
-7.200003
-5.400002
-7.800001
-10.800001
-11.100002
-9.600002
-10.200003
-9.900002
-12.000002
-12.600002
-12.600002
-15.900002
-15.900002
-17.400002
-14.700001
-17.400002
-18.300003
-18.000004
-18.000004
-18.600002
-18.600002
-19.800003
-23.100002
-21.600002
-21.600002
-21.300003
-24.000004
-21.900002
-23.100002
-21.600002
-24.300003
-22.800003
-22.500004
-24.300003
-23.100002
-24.000004
-23.100002
-24.300003
-24.600002
-24.000004
-25.200001
-26.400002
-25.500004
-26.400002
-24.300003
-25.800003
-25.500004
-26.700001
-27.000004
-27.000004
-23.400002
-26.100002
-25.500004
-25.200001
-24.600002
-24.600002
-25.200001
-25.800003
-24.600002
-24.000004
-22.800003
-23.400002
-25.200001
-24.900002
-23.700001
-24.000004
-23.400002
-21.900002
-21.900002
-22.500004
-22.200001
-21.000004
-21.900002
-22.500004
-20.700001
-19.500004
-19.500004
-20.400002
-18.900002
-19.800003
-17.700001
-18.000004
-17.700001
-19.500004
-17.400002
-16.200001
-16.500004
-15.900002
-17.100002
-14.400002
-17.400002
-16.200001
-15.900002
-17.100002
-15.000004
-13.200003
-15.000004
-12.000002
-13.200003
-14.400002
-12.900002
-13.800003
-12.900002
-14.100002
-12.600002
-14.100002
-11.400002
-12.300001
-14.100002
-10.800001
-12.000002
-11.700003
-12.000002
-11.400002
-12.600002
-10.500002
-11.700003
-11.400002
-9.900002
-10.500002
-11.100002
-9.900002
-10.200003
-10.500002
-8.400002
-9.600002
-8.100002
-8.100002
-8.100002
-7.500002
-8.700003
-9.300001
-7.500002
-7.500002
-6.600002
-6.000002
-6.600002
-6.000002
-6.600002
-5.100002
-6.900002
-7.500002
-5.700001
-6.000002
-6.900002
-7.500002
-5.700001
-7.200003
-6.600002
-7.500002
-6.600002
-7.800001
-8.700003
-10.500002
-12.300001
-13.800003
-16.500004
-16.200001
-17.700001
-19.500004
-19.200001
-19.800003
-22.500004
-23.700001
-20.400002
-22.800003
-22.800003
-22.500004
-24.000004
-24.600002
-21.900002
-21.300003
-23.100002
-23.100002
-23.400002
-20.400002
-21.300003
-19.200001
-19.500004
-18.000004
-18.600002
-13.800003
-13.200003
-12.900002
-12.300001
-9.600002
-7.200003
-4.800001
-6.600002
-3.000002
-4.200001
-1.200001
0.299999
1.799999
1.499998
1.799999
5.699999
6.599998
8.999999
11.699999
11.999999
11.999999
15.299999
18.599998
19.500000
21.599998
22.500000
22.799999
27.599998
27.599998
30.000000
30.000000
32.099998
32.400002
34.799999
33.000000
37.799999
38.400002
39.299999
41.700001
44.700001
46.200001
48.599998
46.500000
51.299999
49.800003
53.400002
54.900002
54.299999
54.900002
55.799999
57.000000
57.000000
57.900002
58.799999
59.700001
58.799999
61.500000
61.799999
62.100002
61.500000
62.400002
63.000000
61.799999
63.299999
64.199997
63.900002
62.700001
62.400002
65.400002
65.400002
64.199997
66.000000
63.299999
64.800003
64.800003
65.400002
66.300003
66.600006
65.699997
64.800003
64.500000
66.000000
67.500000
65.699997
64.500000
66.900002
65.400002
65.400002
64.500000
65.699997
67.800003
64.800003
68.400002
67.500000
67.500000
68.100006
66.300003
68.400002
69.300003
66.900002
66.600006
66.900002
67.800003
66.300003
65.100006
67.199997
67.500000
66.900002
63.900002
66.300003
66.600006
66.000000
65.400002
67.500000
66.000000
67.800003
66.000000
66.600006
65.400002
66.300003
67.500000
68.100006
66.000000
66.900002
68.100006
67.800003
67.800003
68.100006
70.500000
68.400002
67.800003
69.000000
67.199997
67.500000
68.100006
68.699997
67.500000
65.400002
66.600006
66.900002
68.400002
66.300003
65.699997
69.600006
68.400002
67.199997
66.900002
67.199997
66.900002
67.800003
69.000000
66.000000
68.699997
67.500000
68.400002
69.000000
66.600006
65.699997
67.199997
66.900002
66.900002
67.800003
65.699997
66.900002
67.199997
66.300003
64.800003
64.500000
66.900002
64.199997
64.800003
64.500000
61.799999
65.100006
64.800003
62.100002
62.100002
61.500000
61.799999
59.700001
60.000000
57.900002
55.799999
54.900002
53.100002
53.100002
51.000000
49.800003
47.400002
42.599998
41.099998
38.700001
37.500000
35.400002
33.299999
33.299999
32.099998
30.900000
30.599998
31.500000
29.400000
29.400000
28.500000
27.299999
25.199999
26.700001
27.599998
26.400000
27.299999
24.900000
24.299999
24.000000
21.900000
20.699999
19.799999
22.199999
18.900000
19.199999
19.199999
18.599998
17.400000
16.500000
16.500000
13.499999
12.299999
10.499999
12.599998
10.799999
8.699999
9.299999
8.999999
6.599998
6.899999
5.699999
4.199999
5.099998
3.599998
1.499998
3.599998
0.899998
-0.300001
-0.300001
-1.800001
-4.500002
-2.100002
-5.100002
-6.300001
-6.000002
-6.000002
-8.400002
-8.100002
-9.600002
-8.700003
-10.500002
-10.500002
-12.300001
-10.200003
-11.400002
-12.300001
-12.000002
-12.300001
-12.300001
-14.400002
-13.200003
-13.800003
-14.400002
-14.100002
-15.000004
-13.200003
-14.700001
-15.900002
-15.600002
-17.700001
-15.900002
-14.400002
-13.200003
-14.100002
-15.900002
-16.500004
-14.100002
-12.900002
-12.900002
-13.200003
-7.800001
-8.100002
-7.800001
-9.900002
-9.900002
-9.000002
-8.700003
-7.500002
-10.500002
-10.200003
-8.100002
-9.300001
-9.900002
-10.200003
-10.800001
-9.600002
-11.700003
-10.500002
-10.800001
-9.300001
-10.800001
-9.600002
-10.500002
-8.100002
-9.600002
-6.000002
-1.500002
2.399999
7.199999
10.499999
18.000000
19.500000
23.699999
28.500000
33.000000
33.599998
35.099998
38.099998
38.400002
38.700001
40.500000
39.900002
40.200001
41.400002
41.099998
44.700001
44.400002
46.500000
46.200001
49.500000
48.900002
49.800003
49.200001
51.000000
50.400002
52.200001
57.000000
54.600002
55.200001
56.400002
57.600002
56.400002
57.600002
57.000000
58.799999
59.400002
58.200001
59.700001
61.200001
60.600002
60.900002
62.100002
62.400002
60.900002
59.700001
60.600002
61.200001
61.200001
62.100002
60.299999
60.299999
61.500000
63.000000
62.100002
61.500000
62.100002
61.799999
62.100002
60.600002
60.900002
62.400002
63.000000
59.400002
61.799999
63.900002
61.799999
63.600002
63.900002
63.000000
63.299999
63.299999
63.600002
63.600002
62.100002
65.100006
62.400002
64.500000
62.700001
62.700001
64.199997
63.299999
61.500000
62.700001
63.000000
63.600002
63.600002
65.400002
62.100002
62.100002
62.700001
63.900002
65.100006
63.299999
63.900002
62.700001
64.800003
65.400002
63.900002
63.000000
63.900002
64.199997
64.199997
63.299999
62.700001
66.600006
64.800003
64.199997
64.500000
64.199997
64.199997
66.300003
64.199997
65.100006
63.600002
64.500000
64.500000
65.400002
66.300003
63.600002
65.100006
63.000000
64.800003
64.199997
64.199997
63.600002
65.699997
63.600002
65.100006
65.100006
63.900002
64.199997
64.500000
64.500000
64.199997
66.600006
65.100006
65.400002
66.600006
65.400002
66.300003
63.000000
66.600006
64.500000
64.500000
64.199997
64.500000
63.900002
65.100006
64.199997
63.900002
63.600002
64.500000
63.600002
63.600002
65.699997
65.400002
63.600002
64.500000
65.100006
64.500000
64.800003
64.800003
63.000000
64.199997
63.299999
65.100006
66.600006
63.600002
64.199997
65.699997
64.199997
63.900002
64.800003
64.199997
63.900002
65.100006
63.900002
63.600002
65.699997
65.400002
64.800003
64.500000
63.299999
64.800003
62.400002
65.100006
64.800003
65.400002
66.000000
63.900002
65.400002
64.500000
64.800003
64.199997
62.700001
65.400002
64.500000
66.000000
62.700001
63.600002
63.600002
64.800003
64.500000
63.299999
64.500000
63.600002
65.400002
63.299999
65.400002
64.199997
64.500000
65.699997
63.299999
63.600002
64.500000
64.800003
63.600002
63.600002
63.000000
64.199997
65.400002
63.600002
63.600002
64.500000
63.900002
63.900002
64.199997
64.199997
65.400002
62.100002
65.699997
65.100006
64.800003
63.600002
64.199997
63.299999
64.199997
64.199997
64.500000
65.699997
63.000000
65.400002
