-34.200001
-35.099998
-33.900002
-33.599998
-35.400002
-35.400002
-33.299999
-34.799999
-33.900002
-34.200001
-35.400002
-34.200001
-34.799999
-35.099998
-33.299999
-34.799999
-34.200001
-33.900002
-33.900002
-35.099998
-36.299999
-33.900002
-33.299999
-35.400002
-35.099998
-35.099998
-35.099998
-33.299999
-35.700001
-34.500000
-34.200001
-33.299999
-35.099998
-36.000000
-38.099998
-34.799999
-36.000000
-33.900002
-34.500000
-35.099998
-36.000000
-37.200001
-36.599998
-36.599998
-35.400002
-36.599998
-38.400002
-37.799999
-35.700001
-38.099998
-36.000000
-36.900002
-36.599998
-34.500000
-39.000000
-35.400002
-38.400002
-36.299999
-37.200001
-36.299999
-35.400002
-36.900002
-36.299999
-38.099998
-38.099998
-38.400002
-35.099998
-35.099998
-35.700001
-36.599998
-36.599998
-37.200001
-37.799999
-37.500000
-36.299999
-39.599998
-37.200001
-38.099998
-36.000000
-38.700001
-38.099998
-37.500000
-37.500000
-37.200001
-39.900002
-40.200001
-38.400002
-36.599998
-37.200001
-36.000000
-37.799999
-35.400002
-36.000000
-36.900002
-34.799999
-33.299999
-32.700001
-29.700001
-30.900000
-29.700001
-29.400000
-26.700001
-24.600000
-19.799999
-14.999999
-13.799999
-9.900000
-7.500000
-2.099998
3.300003
11.400002
16.500000
19.200001
24.900002
26.100002
32.400002
36.900002
39.300003
41.700005
45.300003
45.000000
45.600006
39.600006
39.900002
39.600006
39.600006
38.400002
39.600006
38.400002
39.300003
36.600006
37.800003
37.800003
36.900002
35.100006
35.400002
36.300003
37.800003
36.300003
34.500000
37.500000
38.100006
36.900002
36.900002
33.600002
31.200001
27.300003
26.100002
18.300003
12.600002
5.700001
-1.199999
-7.199999
-14.099999
-21.000000
-26.100000
-27.600000
-32.400002
-34.200001
-34.200001
-39.599998
-38.700001
-37.500000
-33.299999
-35.400002
-34.799999
-33.299999
-33.900002
-30.900000
-31.200001
-32.400002
-32.099998
-32.099998
-31.200001
-32.700001
-31.500000
-31.799999
-30.900000
-31.799999
-33.599998
-33.000000
-34.500000
-33.599998
-33.000000
-33.000000
-31.799999
-32.400002
-30.299999
-29.700001
-30.900000
-30.299999
-27.900000
-27.299999
-25.200001
-26.400000
-24.900000
-22.200001
-21.000000
-20.099998
-16.799999
-17.099998
-15.299999
-12.000000
-11.099998
-7.799999
-7.199999
-5.699999
-6.000000
-6.900000
-4.499998
-5.400000
-2.699999
-0.900000
0.000002
-1.799999
-0.900000
0.000002
-0.599998
1.200001
0.900002
2.700001
2.100002
2.100002
0.900002
2.400002
2.100002
2.100002
1.800001
0.900002
1.500002
3.000000
3.300003
2.400002
5.700001
3.300003
5.400002
4.800003
3.600002
3.300003
3.600002
3.600002
5.700001
5.100002
3.900002
5.100002
5.100002
4.500000
6.000000
6.000000
6.900002
7.200001
8.700001
7.200001
9.600002
9.000000
9.900002
9.300003
8.400002
9.000000
7.800003
9.300003
7.800003
6.600002
4.200001
4.500000
1.200001
-1.799999
-3.599998
-5.699999
-8.400000
-8.099998
-7.500000
-12.000000
-8.699999
-12.900000
-13.799999
-12.900000
-14.999999
-14.400000
-16.200001
-16.799999
-20.700001
-20.099998
-24.000000
-23.700001
-24.000000
-25.200001
-27.600000
-29.400000
-30.000000
-32.400002
-33.599998
-34.200001
-33.900002
-33.299999
-30.900000
-29.400000
-26.700001
-26.100000
-24.000000
-21.900000
-21.000000
-20.400000
-17.700001
-19.200001
-20.700001
-24.600000
-28.500000
-27.900000
-29.100000
-30.600000
-33.900002
-33.599998
-37.500000
-36.000000
-37.799999
-40.200001
-39.000000
-38.099998
-37.500000
-33.900002
-30.600000
-27.299999
-23.400000
-21.299999
-17.099998
-14.099999
-8.699999
-7.199999
-3.299999
-1.499998
-0.900000
1.200001
2.700001
7.200001
6.000000
7.200001
6.300003
4.500000
3.600002
0.600000
-1.499998
-6.599998
-9.000000
-11.699999
-16.500000
-19.500000
-24.000000
-24.900000
-29.400000
-32.099998
-34.500000
-33.000000
-36.599998
-32.400002
-34.200001
-32.400002
-28.200001
-26.100000
-21.900000
-17.099998
-11.400000
-6.599998
-0.299999
6.300003
10.800003
16.500000
21.300003
24.600002
26.100002
27.000004
26.400002
28.200001
27.300003
25.800003
24.000004
22.200001
18.600002
15.900002
9.600002
4.800003
-1.199999
-7.500000
-12.900000
-17.700001
-19.500000
-25.500000
-30.000000
-33.000000
-34.799999
-36.599998
-36.599998
-37.200001
-37.200001
-37.200001
-37.200001
-37.200001
-37.200001
-37.200001
-37.200001
-37.200001
-37.200001
-37.200001
-37.200001
-37.200001
-37.200001
-37.200001
-37.200001
-37.200001
-13.799999
-10.199999
-6.000000
-4.499998
0.000002
0.900002
6.000000
8.400002
8.700001
12.600002
12.600002
13.800003
16.800003
17.700001
19.200001
17.100002
18.300003
15.000000
14.700001
12.600002
10.200001
7.800003
2.400002
-0.900000
-1.199999
-4.799999
-8.699999
-9.299999
-14.400000
-15.299999
-18.000000
-21.299999
-25.500000
-26.400000
-31.500000
-34.799999
-33.900002
-33.299999
-34.799999
-35.400002
-36.299999
-32.099998
-31.200001
-27.900000
-25.500000
-21.299999
-18.299999
-14.999999
-15.599999
-12.900000
-11.400000
-7.799999
-3.599998
-2.099998
-2.400000
0.900002
3.900002
6.000000
8.700001
7.200001
10.800003
10.500000
11.100002
14.400002
16.800003
16.200001
18.000000
17.700001
18.000000
15.600002
13.800003
14.100002
12.000000
10.800003
9.000000
6.900002
6.000000
3.000000
0.900002
-2.400000
-6.900000
-8.400000
-11.699999
-15.299999
-18.599998
-20.400000
-24.299999
-29.700001
-32.099998
-34.200001
-34.799999
-37.500000
-36.599998
-37.200001
-36.299999
-36.599998
-33.900002
-31.799999
-31.799999
-30.000000
-28.500000
-27.299999
-27.900000
-26.700001
-27.299999
-28.200001
-29.400000
-31.500000
-31.200001
-30.299999
-32.700001
-32.400002
-32.099998
-32.700001
-33.299999
-30.600000
-31.500000
-31.500000
-31.799999
-29.100000
-29.700001
-30.000000
-25.799999
-24.000000
-21.599998
-22.200001
-21.599998
-21.599998
-20.099998
-21.599998
-18.000000
-15.900000
-15.900000
-14.099999
-14.700000
-12.599998
-13.799999
-12.000000
-12.299999
-9.299999
-8.699999
-11.400000
-10.500000
-12.900000
-14.999999
-14.099999
-18.000000
-16.500000
-16.799999
-16.500000
-15.900000
-14.099999
-11.699999
-7.500000
-3.900000
-3.599998
-1.499998
1.500002
3.000000
8.700001
13.800003
15.900002
19.200001
21.300003
23.100002
25.500004
27.000004
24.900002
28.200001
26.700001
27.900002
24.600002
27.300003
26.700001
25.200001
24.000004
23.700001
18.300003
18.600002
17.100002
14.700001
10.500000
10.800003
6.900002
6.000000
0.000002
-2.699999
-7.799999
-12.299999
-13.500000
-17.400000
-21.900000
-23.100000
-27.600000
-29.700001
-30.900000
-35.700001
-38.099998
-39.299999
-41.099998
-41.400002
-44.099998
-42.900002
-44.400002
-42.599998
-40.200001
-40.500000
-39.299999
-39.900002
-38.099998
-36.900002
-38.400002
-37.799999
-37.500000
-36.599998
-36.299999
-35.400002
-35.400002
-34.799999
-35.700001
-32.400002
-30.600000
-30.900000
-27.600000
-26.100000
-27.000000
-27.600000
-24.600000
-23.700001
-21.000000
-18.900000
-17.700001
-15.900000
-12.900000
-10.500000
-9.299999
-6.599998
-4.499998
-2.999998
-0.599998
1.800001
3.900002
7.800003
13.500000
16.200001
17.100002
21.300003
24.600002
25.200001
28.800003
30.000004
30.900002
32.100002
32.400002
32.400002
32.100002
32.700001
31.800003
32.400002
33.300003
30.600002
33.000004
29.700001
27.900002
26.700001
27.000004
24.300003
21.900002
18.900002
20.100002
15.600002
10.800003
8.700001
5.400002
6.900002
5.700001
3.300003
0.600000
0.600000
-2.699999
-4.199999
-6.000000
-7.799999
-9.000000
-9.900000
-12.599998
-13.199999
-16.799999
-20.099998
-23.100000
-23.400000
-27.600000
-27.900000
-31.799999
-33.299999
-34.799999
-35.099998
-36.000000
-37.799999
-39.299999
-40.500000
-38.400002
-39.000000
-39.000000
-38.700001
-40.200001
-39.299999
-37.500000
-36.299999
-34.799999
-31.500000
-30.900000
-28.500000
-24.900000
-24.299999
-22.500000
-18.599998
-18.000000
-15.599999
-14.999999
-15.299999
-11.400000
-12.900000
-12.000000
-13.199999
-9.599998
-13.799999
-12.900000
-12.000000
-12.000000
-14.400000
-15.299999
-17.700001
-22.799999
-21.900000
-22.799999
-27.000000
-26.400000
-29.100000
-32.700001
-33.900002
-34.200001
-36.000000
-37.200001
-37.500000
-38.400002
-38.700001
-38.400002
-37.200001
-39.299999
-37.500000
-34.799999
-33.599998
-29.700001
-27.900000
-23.400000
-21.299999
-18.599998
-14.700000
-9.299999
-7.199999
-3.299999
0.000002
5.100002
5.100002
7.200001
10.200001
12.600002
14.700001
18.300003
18.300003
23.700001
24.000004
26.100002
27.000004
30.600002
27.900002
30.300003
29.400002
29.400002
30.900002
31.500004
30.000004
29.700001
28.800003
28.800003
27.900002
25.500004
23.100002
21.600002
21.600002
19.500004
15.300003
13.800003
13.500000
10.200001
7.200001
6.900002
5.100002
2.100002
0.900002
-1.199999
-1.799999
-2.699999
-6.000000
-8.400000
-11.400000
-12.900000
-14.099999
-19.500000
-20.400000
-24.600000
-27.600000
-31.799999
-32.099998
-35.400002
-36.299999
-35.099998
-38.400002
-41.700001
-42.000000
-40.799999
-38.700001
-39.299999
-40.799999
-40.500000
-37.799999
-37.500000
-35.099998
-31.500000
-31.200001
-30.000000
-29.400000
-29.700001
-30.900000
-33.900002
-32.400002
-33.599998
-32.099998
-33.299999
-33.900002
-32.400002
-33.599998
-35.700001
-36.299999
-39.000000
-38.400002
-41.099998
-39.299999
-40.500000
-40.500000
-38.400002
-39.299999
-38.099998
-39.000000
-37.500000
-33.900002
-35.400002
-32.400002
-32.700001
-33.299999
-30.000000
-32.700001
-31.500000
-30.600000
-31.200001
-32.099998
-32.099998
-33.900002
-31.799999
-33.299999
-32.700001
-36.000000
-36.000000
-37.799999
-35.400002
-37.799999
-37.500000
-38.400002
-34.799999
-36.000000
-35.700001
-35.400002
-33.900002
-29.700001
-27.600000
-26.100000
-23.700001
-18.599998
-16.200001
-11.699999
-7.799999
-0.599998
5.700001
11.100002
13.500000
16.500000
20.100002
22.800003
26.400002
30.000004
32.400002
32.700001
33.300003
33.900002
34.800003
35.400002
38.100006
36.600006
39.000000
39.000000
40.500000
39.600006
39.300003
39.600006
39.300003
37.500000
39.600006
39.600006
39.300003
39.600006
37.800003
41.400002
39.600006
40.800003
42.300003
40.500000
41.700005
40.800003
40.800003
41.100006
41.400002
40.200005
41.400002
42.600006
41.400002
42.000000
37.500000
37.500000
34.800003
33.000004
31.800003
30.900002
27.000004
26.400002
22.200001
18.300003
15.600002
12.600002
7.200001
3.000000
-5.400000
-11.400000
-15.299999
-21.299999
-25.200001
-29.100000
-32.700001
-36.299999
-39.599998
-41.099998
-41.700001
-40.200001
-40.200001
-36.900002
-33.000000
-32.400002
-28.799999
-26.100000
-23.100000
-21.900000
-20.099998
-19.500000
-15.299999
-13.500000
-12.299999
-8.400000
-3.599998
-2.099998
-1.799999
0.000002
1.500002
1.200001
2.700001
5.100002
6.300003
8.400002
10.500000
11.400002
11.700001
13.800003
12.900002
13.500000
14.400002
14.400002
13.800003
13.200001
12.300003
14.100002
14.100002
14.700001
17.100002
16.800003
18.600002
16.500000
18.000000
18.600002
20.700001
20.700001
21.900002
21.300003
22.200001
20.700001
22.200001
21.900002
21.000004
22.500004
19.800003
21.000004
18.300003
18.900002
18.600002
16.200001
19.500004
18.000000
19.500004
19.200001
23.400002
22.800003
22.800003
24.000004
24.900002
26.700001
25.500004
27.300003
28.200001
29.700001
28.800003
29.100002
30.300003
29.700001
30.300003
29.100002
30.600002
29.700001
31.200001
33.300003
33.300003
33.900002
32.400002
31.800003
33.000004
32.700001
34.800003
36.900002
37.200005
36.900002
35.700005
35.700005
33.000004
34.800003
33.300003
32.400002
28.800003
27.900002
23.700001
21.600002
18.000000
16.200001
10.200001
5.400002
2.100002
0.600000
-1.799999
-2.699999
-4.199999
-6.000000
-5.099998
-7.799999
-8.400000
-10.799999
-11.699999
-12.900000
-14.400000
-18.299999
-19.500000
-19.200001
-22.200001
-23.700001
-24.299999
-24.299999
-29.400000
-28.500000
-31.500000
-31.500000
-32.400002
-32.400002
-33.599998
-33.599998
-33.900002
-31.200001
-31.200001
-30.299999
-29.400000
-30.000000
-27.600000
-26.700001
-23.100000
-21.900000
-19.500000
-14.999999
-11.699999
-8.699999
-5.099998
-0.299999
1.800001
4.200001
8.100002
11.700001
12.000000
16.200001
18.300003
23.700001
24.600002
27.600002
30.900002
30.000004
33.000004
33.600002
32.100002
31.800003
28.800003
29.100002
27.000004
24.000004
23.100002
20.700001
22.500004
20.400002
15.000000
12.300003
11.700001
8.400002
7.500000
6.600002
3.300003
0.300001
-1.499998
-2.400000
-6.900000
-8.099998
-9.900000
-13.199999
-19.500000
-21.000000
-25.200001
-27.600000
-31.500000
-34.200001
-35.700001
-38.099998
-39.599998
-37.500000
-38.099998
-37.200001
-38.099998
-37.200001
-37.500000
-37.200001
-38.400002
-35.700001
-35.700001
-36.599998
-32.700001
-33.000000
-30.299999
-32.099998
-31.200001
-30.000000
-29.700001
-28.200001
-28.200001
-27.000000
-25.799999
-27.299999
-24.299999
-26.400000
-27.600000
-26.400000
-29.700001
-32.700001
-35.400002
-36.599998
-33.599998
-37.500000
-37.799999
-39.000000
-39.900002
-40.200001
-38.400002
-38.700001
-37.500000
-38.700001
-35.700001
-37.500000
-37.200001
-37.200001
-36.900002
-36.900002
-33.299999
-31.799999
-30.000000
-28.200001
-28.799999
-28.799999
-27.299999
-28.799999
-25.500000
-25.799999
-26.100000
-24.299999
-22.799999
-22.200001
-20.400000
-21.000000
-21.299999
-19.500000
-20.700001
-21.299999
-21.599998
-21.900000
-20.400000
-21.900000
-23.400000
-26.100000
-25.799999
-25.500000
-25.500000
-24.900000
-25.799999
-27.900000
-27.600000
-29.400000
-29.700001
-28.799999
-24.600000
-23.100000
-18.299999
-14.400000
-13.799999
-14.700000
-12.900000
-12.900000
-11.699999
-12.599998
-12.000000
-10.500000
-11.699999
-11.099998
-6.599998
-7.799999
-3.599998
1.200001
6.300003
9.900002
14.100002
15.300003
18.000000
17.700001
21.000004
21.300003
21.600002
22.800003
25.800003
26.700001
26.400002
26.100002
24.900002
24.300003
24.000004
21.900002
23.700001
22.200001
21.900002
22.200001
22.200001
22.800003
22.500004
22.800003
23.100002
22.500004
21.000004
20.100002
20.400002
21.000004
21.900002
20.400002
20.100002
20.400002
17.700001
19.800003
17.700001
15.000000
16.500000
13.500000
11.400002
10.800003
9.900002
7.800003
5.400002
2.400002
-2.099998
-5.699999
-6.599998
-6.900000
-6.299999
-6.599998
-9.000000
-9.000000
-10.199999
-9.900000
-11.400000
-12.900000
-9.900000
-12.000000
-13.199999
-12.000000
-13.799999
-13.199999
-11.099998
-12.900000
-11.699999
-13.199999
-11.699999
-13.199999
-14.400000
-15.599999
-16.799999
-15.299999
-15.900000
-16.500000
-15.900000
-16.200001
-20.700001
-20.400000
-21.000000
-22.200001
-24.000000
-26.700001
-26.100000
-29.700001
-29.700001
-31.500000
-32.099998
-32.700001
-33.000000
-35.099998
-35.099998
-33.900002
-33.599998
-34.500000
-33.900002
-34.200001
-35.700001
-34.799999
-36.900002
-33.900002
-31.799999
-34.500000
-33.599998
-32.700001
-31.799999
-32.099998
-28.500000
-28.799999
-29.400000
-26.700001
-27.600000
-25.200001
-24.900000
-24.299999
-24.000000
-23.400000
-23.400000
-21.900000
-23.700001
-24.000000
-24.000000
-24.299999
-23.700001
-21.900000
-23.100000
-24.600000
-24.600000
-24.600000
-23.400000
-25.200001
-24.299999
-23.400000
-24.299999
-27.900000
-27.299999
-28.200001
-25.200001
-27.000000
-25.799999
-28.799999
-27.600000
-28.200001
-30.000000
-29.100000
-29.400000
-31.500000
-29.400000
-34.799999
-33.000000
-35.700001
-32.400002
-33.900002
-33.000000
-35.400002
-35.700001
-35.099998
-34.500000
-36.000000
-35.099998
-38.099998
-37.500000
-37.200001
-37.500000
-36.000000
-36.900002
-36.599998
-36.900002
-36.900002
-38.099998
-37.799999
-38.400002
-34.799999
-35.099998
-35.099998
-36.299999
-36.000000
-35.099998
-34.799999
-32.400002
-33.299999
-33.599998
-34.799999
-35.400002
-33.299999
-30.900000
-31.200001
-29.400000
-30.600000
-30.600000
-30.600000
-30.000000
-30.299999
-30.900000
-28.799999
-29.100000
-27.600000
-26.100000
-23.700001
-22.799999
-23.700001
-21.299999
-23.400000
-24.000000
-24.900000
-26.400000
-24.299999
-24.600000
-25.200001
-26.400000
-28.200001
-26.400000
-27.299999
-25.500000
-26.400000
-25.799999
-24.299999
-26.100000
-26.400000
-28.500000
-26.100000
-27.600000
-28.200001
-27.600000
-27.299999
-27.299999
-28.200001
-28.799999
-29.100000
-27.900000
-27.900000
-25.799999
-24.900000
-26.400000
-23.700001
-26.100000
-23.700001
-24.600000
-21.900000
-24.000000
-21.599998
-19.500000
-22.799999
-22.200001
-22.200001
-22.200001
-22.500000
-21.900000
-22.200001
-21.900000
-22.799999
-23.100000
-24.600000
-26.100000
-27.600000
-26.700001
-28.799999
-27.299999
-29.100000
-30.000000
-27.600000
-28.799999
-27.600000
-30.000000
-28.200001
-30.000000
-28.200001
-29.700001
-27.900000
-28.799999
-28.200001
-29.400000
-27.299999
-26.700001
-27.000000
-28.200001
-27.600000
-26.700001
-28.500000
-30.000000
-26.400000
-26.700001
-26.400000
-30.000000
-28.799999
-27.299999
-30.299999
-29.100000
-29.400000
-31.200001
-31.200001
-33.599998
-32.700001
-32.099998
-33.900002
-33.599998
-34.799999
-33.000000
-30.900000
-31.799999
-31.200001
-33.000000
-29.700001
-29.100000
-27.299999
-25.200001
-25.500000
-25.799999
-26.100000
-24.600000
-24.299999
-22.500000
-23.700001
-22.799999
-21.900000
-21.299999
-21.299999
-21.599998
-23.400000
-23.700001
-25.799999
-25.200001
-23.700001
-25.799999
-27.900000
-27.600000
-26.700001
-26.100000
-24.299999
-23.100000
-20.099998
-19.500000
-18.000000
-14.999999
-12.299999
-11.400000
-10.799999
-6.900000
-7.199999
-2.999998
0.300001
0.300001
3.300003
3.600002
6.900002
5.700001
6.300003
8.700001
11.700001
9.900002
12.300003
11.700001
12.300003
9.900002
9.300003
8.100002
5.100002
3.300003
1.800001
-2.099998
-6.299999
-8.099998
-12.299999
-12.299999
-11.099998
-15.299999
-16.500000
-18.599998
-21.000000
-22.200001
-22.500000
-24.000000
-24.600000
-24.600000
-26.700001
-24.000000
-23.400000
-27.299999
-24.900000
-28.200001
-29.100000
-30.600000
-29.400000
-30.000000
-30.299999
-30.600000
-30.299999
-33.599998
-30.600000
-30.900000
-30.299999
-27.900000
-28.799999
-26.400000
-26.400000
-26.100000
-24.299999
-21.900000
-23.100000
-24.600000
-26.100000
-26.700001
-25.200001
-24.299999
-23.100000
-22.500000
-22.200001
-24.000000
-22.799999
-23.700001
-23.100000
-24.299999
-24.000000
-25.500000
-25.500000
-26.700001
-27.900000
-31.200001
-28.500000
-30.299999
-30.299999
-29.400000
-33.599998
-32.099998
-30.600000
-32.700001
-32.400002
-31.799999
-34.500000
-33.599998
-31.500000
-33.599998
-33.000000
-34.200001
-33.000000
-34.200001
-32.099998
-34.200001
-32.400002
-32.700001
-31.500000
-30.900000
-31.500000
-29.100000
-29.700001
-29.400000
-31.799999
-32.400002
-30.600000
-30.299999
-28.799999
-29.400000
-29.100000
-28.799999
-29.700001
-29.400000
-28.799999
-29.400000
-30.000000
-30.000000
-29.400000
-30.000000
-30.000000
-28.200001
-27.000000
-27.600000
-26.400000
-26.700001
-26.100000
-25.799999
-22.799999
-22.500000
-20.400000
-20.700001
-20.400000
-18.299999
-15.900000
-14.099999
-11.699999
-7.500000
-8.699999
-9.599998
-8.400000
-8.099998
-8.400000
-10.500000
-12.000000
-14.099999
-13.500000
-13.199999
-15.900000
-14.700000
-14.400000
-16.799999
-15.299999
-16.200001
-17.700001
-19.200001
-17.400000
-20.099998
-18.000000
-19.500000
-18.900000
-22.500000
-21.599998
-24.000000
-22.200001
-23.700001
-23.400000
-24.000000
-26.400000
-27.299999
-24.000000
-26.100000
-25.799999
-27.900000
-28.200001
-29.400000
-30.600000
-31.500000
-30.000000
-30.600000
-33.299999
-30.900000
-30.900000
-30.000000
-30.000000
-30.000000
-30.299999
-29.400000
-26.700001
-27.299999
-23.400000
-22.799999
-18.599998
-16.500000
-14.099999
-9.000000
-5.699999
-3.599998
1.800001
4.800003
9.000000
12.300003
10.800003
12.000000
10.200001
12.000000
9.000000
3.000000
-6.900000
-19.200001
-27.900000
-34.500000
-38.099998
-37.500000
-39.000000
-37.799999
-38.099998
-39.000000
-39.299999
-40.500000
-39.599998
-41.700001
-38.400002
-41.400002
-39.299999
-41.400002
-39.599998
-41.400002
-41.700001
-41.099998
-36.599998
-38.700001
-39.599998
-39.599998
-39.000000
-40.799999
-39.900002
-39.299999
-40.200001
-41.400002
-41.099998
-39.000000
-38.400002
-41.099998
-38.400002
-39.599998
-40.500000
-40.200001
-39.900002
-38.700001
-39.900002
-40.200001
-40.799999
-39.599998
-39.900002
-39.900002
-39.599998
-40.799999
-40.200001
-39.900002
-38.700001
-37.799999
-41.099998
-39.599998
-41.099998
-39.000000
-40.200001
-40.200001
-40.799999
-41.400002
-39.000000
-38.700001
-40.200001
-39.000000
-39.299999
-40.799999
-40.799999
-41.099998
-42.299999
-40.200001
-39.900002
-41.099998
-41.400002
-41.099998
-38.400002
-39.000000
-40.500000
-38.099998
-40.200001
-39.299999
-41.099998
-41.400002
-42.299999
-39.900002
-39.900002
-41.099998
-39.599998
-39.599998
-39.900002
-39.000000
-39.599998
-40.799999
-39.900002
-38.099998
-42.900002
-40.799999
-37.200001
-40.500000
-40.200001
-40.799999
-40.799999
-41.099998
-42.000000
-40.500000
-40.799999
-38.700001
-40.200001
-42.000000
-41.099998
-39.299999
-41.400002
-40.500000
-39.599998
-40.500000
-40.500000
-42.000000
-39.299999
-38.700001
-41.400002
-41.400002
-40.799999
-41.099998
-38.700001
-40.200001
-39.599998
-42.299999
-39.299999
-38.700001
-41.700001
-41.099998
-40.200001
-40.500000
-36.900002
-41.099998
-40.500000
-40.500000
-39.299999
-39.900002
-42.299999
-40.200001
-39.900002
-40.500000
-38.400002
-39.900002
-38.700001
-38.700001
-40.200001
-41.400002
-39.000000
-38.400002
-42.000000
-39.599998
-39.000000
-39.299999
-39.900002
-39.599998
-40.200001
-39.000000
-39.900002
-40.500000
-39.900002
-41.400002
-39.900002
-37.500000
-39.599998
-42.000000
-40.799999
-40.500000
-39.299999
-39.000000
-40.200001
-38.700001
-40.200001
-40.200001
-39.900002
-40.799999
-39.299999
