11.700001
9.000000
10.200001
9.600000
12.900001
9.600000
11.100000
10.200001
12.300000
10.200001
9.900001
9.900001
8.100000
11.700001
8.100000
10.800000
9.300000
9.000000
10.200001
10.200001
10.500000
11.700001
11.100000
10.200001
10.800000
9.300000
9.600000
9.600000
10.500000
9.000000
8.700001
9.000000
9.600000
10.200001
10.200001
9.300000
11.700001
10.200001
9.300000
9.900001
11.400001
8.700001
10.800000
11.100000
9.300000
10.200001
11.400001
9.900001
9.300000
7.800000
10.200001
10.500000
8.700001
8.400001
9.300000
9.900001
9.900001
9.600000
10.200001
10.500000
9.900001
10.500000
9.000000
9.000000
9.000000
9.600000
9.900001
8.400001
8.700001
9.900001
8.400001
10.200001
8.700001
9.000000
9.600000
11.700001
9.600000
8.100000
10.500000
8.100000
9.000000
10.200001
10.800000
11.700001
9.000000
8.700001
10.800000
8.700001
9.000000
10.800000
10.500000
9.600000
8.400001
9.900001
10.500000
9.300000
11.700001
9.900001
9.600000
8.700001
10.200001
9.900001
9.300000
9.900001
9.900001
11.100000
9.000000
11.400001
10.200001
11.400001
8.700001
10.800000
10.200001
10.500000
10.800000
11.700001
10.800000
10.200001
8.700001
9.600000
10.800000
10.200001
11.700001
10.200001
9.600000
9.900001
10.500000
11.700001
9.900001
10.500000
8.400001
9.600000
10.200001
10.500000
8.100000
9.000000
9.000000
9.900001
8.400001
7.800000
10.800000
9.300000
12.000000
8.700001
9.300000
9.000000
10.500000
8.700001
11.400001
12.900001
10.200001
10.800000
11.100000
9.000000
12.000000
9.900001
9.600000
12.300000
10.800000
9.000000
11.100000
9.000000
10.800000
6.900000
9.300000
8.400001
11.700001
9.900001
10.200001
9.300000
8.700001
10.200001
10.200001
10.800000
12.300000
9.600000
7.200000
8.700001
9.900001
10.500000
10.200001
11.400001
11.400001
11.100000
12.600000
11.100000
11.100000
11.100000
10.500000
10.800000
10.800000
9.600000
11.400001
9.600000
11.700001
9.000000
10.800000
10.200001
10.500000
12.900001
11.700001
10.800000
12.600000
10.500000
13.500001
11.400001
12.000000
12.600000
11.700001
12.900001
11.100000
12.600000
10.800000
12.000000
14.100000
14.400001
13.500001
15.000001
13.500001
14.400001
15.000001
13.800000
13.500001
14.700001
12.900001
14.400001
15.000001
13.500001
15.300000
17.100000
13.200001
13.500001
12.600000
13.500001
14.700001
17.700001
14.400001
15.900001
14.700001
15.000001
14.700001
14.400001
15.900001
15.900001
16.500000
13.800000
15.600000
15.600000
16.500000
18.300001
15.000001
16.500000
17.100000
17.700001
16.800001
18.000000
19.500000
17.700001
19.800001
20.100000
20.400002
21.900002
19.800001
23.100000
23.100000
19.800001
21.300001
23.100000
24.000000
24.000000
26.700001
23.700001
25.800001
25.200001
24.900002
26.100000
26.400002
25.800001
25.500002
27.600000
28.500002
26.100000
27.600000
30.000002
29.700001
29.700001
30.900002
29.700001
32.100002
31.500002
31.800001
32.400002
32.700001
34.800003
34.800003
35.700001
37.200001
33.900002
35.700001
37.200001
38.700001
35.700001
37.200001
37.800003
35.700001
37.500000
36.600002
38.100002
37.800003
37.200001
39.300003
39.600002
37.800003
38.700001
42.300003
39.300003
40.500000
39.300003
41.700001
41.700001
41.400002
43.800003
43.800003
43.500000
42.900002
43.500000
45.300003
43.800003
44.700001
42.900002
45.300003
46.200001
44.400002
45.600002
45.900002
45.900002
46.800003
46.500000
48.600002
48.300003
48.300003
49.500004
48.000000
48.000000
48.300003
50.400002
50.400002
50.400002
51.600002
49.500004
51.000004
50.700001
51.300003
49.200001
50.700001
52.200001
52.200001
52.200001
50.400002
51.000004
51.300003
53.100002
53.100002
54.300003
51.900002
51.600002
50.700001
51.600002
52.800003
50.700001
52.800003
51.600002
54.300003
54.000004
53.400002
53.400002
54.900002
53.400002
55.200001
57.000004
56.100002
55.800003
56.100002
54.600002
53.100002
53.400002
54.000004
55.200001
56.700001
54.300003
54.300003
53.700001
54.600002
52.500004
52.800003
54.900002
53.700001
53.400002
51.600002
50.100002
50.400002
51.000004
49.800003
50.700001
52.800003
52.200001
50.700001
51.300003
51.900002
50.700001
50.400002
49.800003
51.600002
49.500004
52.200001
51.600002
51.300003
53.100002
50.100002
52.800003
53.400002
51.300003
49.500004
53.700001
50.100002
50.100002
53.100002
53.100002
52.800003
49.500004
51.300003
51.600002
49.200001
51.900002
51.300003
50.100002
49.200001
49.500004
50.100002
49.500004
49.500004
50.400002
49.500004
50.700001
47.700001
51.900002
50.400002
50.100002
49.200001
48.900002
48.900002
49.200001
47.700001
49.500004
48.900002
48.900002
48.900002
50.700001
51.000004
51.600002
49.800003
49.200001
48.600002
47.100002
48.300003
45.300003
48.300003
46.800003
46.800003
48.300003
47.400002
47.400002
46.800003
49.200001
48.600002
49.800003
48.600002
49.800003
48.900002
49.800003
50.100002
50.400002
53.100002
50.700001
51.600002
53.400002
51.900002
52.800003
54.600002
49.800003
53.100002
54.600002
54.000004
56.100002
56.100002
57.000004
55.200001
55.800003
57.600002
54.600002
54.600002
53.400002
54.000004
57.000004
54.900002
57.600002
54.600002
56.400002
55.500004
55.200001
54.300003
55.800003
54.900002
57.300003
52.800003
54.300003
56.400002
55.800003
54.000004
57.300003
56.400002
54.900002
54.900002
53.400002
56.100002
56.400002
54.900002
51.900002
55.500004
54.900002
56.100002
55.200001
56.700001
54.300003
56.700001
54.900002
55.500004
54.900002
56.100002
55.800003
53.700001
54.000004
56.700001
56.700001
56.100002
54.900002
54.600002
56.400002
56.700001
55.800003
55.200001
54.300003
56.400002
56.100002
56.700001
56.400002
55.500004
56.400002
54.300003
55.500004
54.900002
56.400002
54.900002
55.800003
57.600002
54.300003
55.500004
55.500004
54.600002
55.800003
55.500004
54.600002
54.300003
54.900002
54.900002
54.000004
54.300003
53.700001
53.700001
54.000004
54.600002
53.100002
53.700001
53.700001
53.700001
52.500004
50.700001
51.300003
50.100002
50.100002
51.600002
51.600002
50.700001
48.300003
51.000004
50.100002
51.000004
49.500004
48.600002
50.100002
49.500004
49.200001
49.500004
48.000000
49.800003
47.100002
48.300003
48.600002
47.100002
47.400002
47.100002
47.100002
45.900002
46.500000
46.800003
46.500000
45.600002
45.900002
47.100002
47.100002
45.300003
44.700001
44.400002
43.800003
44.100002
43.800003
43.500000
42.300003
43.500000
41.700001
42.300003
42.900002
39.900002
42.900002
39.000000
36.300003
39.000000
37.800003
38.100002
35.400002
35.100002
33.900002
33.600002
33.000000
31.200001
33.300003
31.800001
30.000002
30.600000
31.500002
30.300001
28.800001
29.700001
27.000002
27.000002
27.000002
27.900002
28.200001
29.100000
26.700001
27.000002
26.100000
24.300001
26.400002
26.400002
25.800001
24.600000
23.100000
22.500000
23.400002
23.400002
23.100000
21.900002
21.000000
22.200001
20.400002
18.900002
21.600000
20.400002
20.100000
19.200001
18.600000
17.700001
18.600000
18.600000
16.200001
13.500001
15.000001
13.200001
14.400001
13.500001
13.500001
12.600000
12.300000
11.100000
12.300000
10.500000
12.600000
11.700001
11.100000
13.500001
11.400001
12.300000
15.000001
12.600000
12.300000
14.100000
12.900001
11.700001
11.700001
13.800000
11.400001
15.000001
13.500001
14.100000
15.300000
17.400002
17.700001
17.700001
18.000000
17.700001
16.200001
17.400002
18.300001
17.700001
17.700001
19.500000
22.500000
20.100000
19.800001
22.200001
24.300001
24.000000
24.900002
25.200001
27.900002
25.200001
26.400002
24.600000
24.000000
24.000000
24.300001
21.900002
22.200001
22.200001
24.300001
24.300001
23.400002
23.100000
25.800001
24.600000
23.100000
26.100000
24.600000
26.100000
24.600000
22.800001
24.600000
26.100000
24.300001
25.800001
26.100000
25.800001
24.900002
23.700001
25.200001
24.300001
24.600000
25.200001
22.500000
21.000000
21.000000
23.700001
18.600000
18.600000
18.000000
19.200001
18.300001
19.800001
17.700001
17.100000
15.900001
14.700001
14.700001
15.600000
15.300000
14.100000
14.100000
11.100000
14.400001
13.500001
12.000000
12.900001
12.600000
11.700001
13.200001
13.200001
12.000000
13.200001
12.600000
12.000000
12.000000
12.900001
12.000000
10.800000
9.900001
11.100000
10.500000
10.800000
7.800000
6.600000
6.600000
5.700000
4.500000
1.800000
-0.300000
-1.800000
-0.600000
-2.100000
-0.900000
-2.400000
-1.200000
-2.700000
-4.800000
-2.400000
-4.200000
-4.200000
-3.900000
-4.800000
-4.500000
-6.000000
-5.400000
-6.300000
-6.600000
-7.200000
-6.900000
-9.300000
-9.000000
-7.200000
-9.300000
-7.800000
-10.200001
-11.100000
-11.100000
-9.600000
-9.000000
-11.100000
-8.400001
-11.700001
-10.800000
-12.000000
-13.200001
-13.200001
-11.700001
-10.500000
-13.200001
-13.500001
-12.300000
-11.700001
-12.600000
-12.600000
-11.700001
-11.100000
-11.100000
-11.400001
-12.900001
-13.200001
-11.400001
-12.000000
-12.000000
-12.000000
-12.900001
-12.600000
-9.300000
-13.200001
-14.700001
-12.300000
-10.500000
-11.400001
-12.600000
-12.900001
-11.400001
-11.100000
-11.700001
-11.100000
-11.700001
-10.800000
-10.800000
-10.800000
-10.500000
-11.400001
-12.300000
-11.100000
-9.900001
-8.700001
-10.500000
-10.500000
-8.700001
-9.900001
-9.300000
-8.400001
-9.300000
-8.100000
-6.900000
-9.000000
-6.300000
-8.400001
-7.800000
-8.100000
-7.500000
-9.900001
-5.700000
-9.900001
-9.600000
-8.400001
-9.000000
-6.600000
-8.100000
-6.300000
-7.200000
-7.200000
-7.500000
-6.000000
-5.700000
-7.200000
-5.400000
-6.300000
-6.300000
-6.600000
-5.400000
-4.800000
-6.000000
-5.400000
-3.900000
-4.800000
-3.600000
-4.800000
-5.100000
-3.300000
-4.500000
-4.200000
-3.600000
-2.100000
-2.100000
-3.300000
-2.400000
-2.100000
0.300000
-1.200000
-2.700000
1.200000
-0.300000
1.500000
0.600000
1.800000
3.300000
5.100000
4.500000
6.600000
6.600000
9.000000
8.700001
13.500001
13.200001
13.500001
15.600000
18.300001
18.900002
20.700001
19.200001
21.900002
24.900002
26.100000
28.200001
29.700001
32.400002
31.500002
33.900002
33.900002
35.100002
35.700001
36.000000
36.300003
37.200001
38.400002
39.300003
41.100002
41.100002
40.200001
42.300003
43.500000
42.600002
43.800003
44.100002
43.800003
44.100002
46.200001
46.200001
47.100002
45.600002
47.700001
46.500000
47.700001
47.700001
49.800003
49.200001
48.600002
49.500004
51.300003
51.300003
50.100002
50.700001
51.300003
51.900002
52.800003
51.600002
50.700001
49.800003
52.500004
52.500004
52.500004
52.500004
52.200001
53.100002
54.900002
56.400002
55.800003
56.700001
54.300003
55.800003
54.600002
54.600002
55.200001
56.100002
55.200001
54.600002
54.600002
53.400002
56.100002
55.800003
54.600002
56.700001
56.100002
55.800003
55.500004
56.100002
55.500004
54.600002
54.900002
55.200001
55.800003
55.200001
54.900002
55.200001
55.800003
55.500004
56.700001
56.100002
55.800003
55.500004
57.900002
55.800003
56.400002
55.800003
56.100002
56.400002
56.400002
56.400002
56.700001
57.600002
57.900002
57.900002
57.900002
56.700001
57.600002
57.900002
57.300003
57.300003
57.000004
57.000004
57.900002
56.400002
55.800003
55.500004
56.700001
55.800003
55.200001
56.700001
55.500004
55.800003
55.800003
56.100002
56.400002
56.700001
57.300003
55.500004
57.300003
55.500004
55.200001
57.000004
56.400002
56.100002
56.400002
55.200001
55.500004
56.100002
57.300003
54.600002
54.900002
57.000004
53.100002
55.200001
55.800003
55.800003
56.100002
55.500004
55.800003
55.200001
55.800003
56.700001
54.600002
54.900002
53.700001
55.200001
54.000004
56.700001
55.500004
54.600002
55.500004
53.400002
54.600002
53.700001
55.500004
56.400002
55.800003
54.900002
55.200001
55.500004
54.300003
54.900002
55.800003
53.700001
54.300003
57.300003
55.500004
55.500004
54.900002
55.800003
55.500004
55.200001
54.300003
55.500004
55.500004
55.200001
54.900002
56.400002
55.200001
54.600002
54.600002
54.300003
54.900002
54.900002
54.600002
55.500004
53.700001
53.700001
54.600002
55.200001
54.000004
53.100002
54.900002
53.400002
54.900002
54.600002
55.200001
54.000004
55.500004
53.100002
53.100002
54.000004
56.100002
52.500004
53.400002
53.100002
53.700001
50.400002
54.300003
53.100002
54.900002
53.700001
54.000004
53.100002
51.900002
53.100002
54.600002
54.600002
52.500004
55.800003
54.600002
54.000004
53.100002
53.700001
54.900002
53.700001
54.000004
54.000004
55.500004
52.500004
54.300003
54.000004
51.900002
51.900002
53.700001
54.600002
52.800003
52.200001
54.600002
53.700001
53.700001
53.700001
55.200001
53.700001
52.800003
54.000004
53.700001
53.700001
53.400002
53.400002
53.400002
51.900002
55.800003
53.700001
52.800003
53.100002
54.600002
55.200001
51.600002
54.000004
53.400002
53.400002
52.500004
54.300003
52.500004
51.900002
53.700001
54.600002
55.200001
52.500004
54.900002
52.800003
53.100002
52.500004
52.500004
54.300003
52.500004
53.400002
51.600002
52.200001
54.000004
52.500004
52.500004
53.400002
54.000004
53.400002
53.400002
54.300003
54.900002
54.300003
54.600002
52.200001
51.600002
53.100002
52.800003
51.600002
51.300003
51.600002
53.700001
51.900002
49.800003
53.100002
52.200001
51.900002
51.900002
51.000004
51.300003
51.300003
51.600002
52.800003
51.300003
52.800003
50.700001
51.300003
51.300003
53.400002
52.800003
51.000004
51.600002
50.100002
49.200001
50.700001
48.900002
48.900002
50.400002
50.400002
50.400002
49.800003
49.500004
48.300003
50.400002
49.500004
50.700001
48.600002
48.600002
49.500004
48.300003
50.100002
47.700001
47.100002
48.600002
47.700001
47.400002
48.600002
50.700001
48.600002
47.700001
48.900002
49.200001
50.100002
50.100002
48.000000
47.700001
50.700001
51.300003
48.900002
51.000004
50.100002
48.300003
48.000000
49.500004
50.400002
48.900002
48.300003
50.700001
49.800003
50.700001
48.900002
48.900002
49.500004
49.800003
51.000004
50.700001
50.700001
51.600002
49.200001
47.100002
48.300003
48.000000
48.300003
48.000000
46.800003
45.900002
45.000000
43.500000
44.100002
42.900002
42.900002
42.300003
39.900002
41.100002
40.200001
40.200001
40.500000
39.000000
41.700001
39.900002
38.700001
37.500000
39.300003
37.500000
39.600002
37.500000
39.900002
39.300003
39.000000
37.500000
39.300003
39.300003
36.900002
36.300003
36.600002
36.300003
36.000000
35.400002
36.900002
34.200001
35.400002
34.500000
35.100002
32.100002
32.400002
32.700001
30.900002
31.800001
30.900002
33.000000
32.400002
32.100002
33.600002
30.000002
32.100002
32.400002
31.800001
31.800001
31.800001
30.300001
30.900002
30.600000
29.100000
28.200001
28.500002
29.700001
30.000002
30.000002
28.800001
27.600000
30.000002
29.400002
27.900002
24.900002
27.900002
26.700001
27.600000
25.500002
24.900002
25.800001
22.800001
24.000000
21.900002
21.000000
21.300001
21.600000
20.700001
22.200001
18.900002
19.800001
18.300001
17.400002
18.600000
16.800001
17.700001
15.900001
16.500000
13.800000
14.700001
13.200001
11.700001
12.000000
12.900001
15.000001
10.800000
10.200001
9.000000
10.500000
9.300000
11.100000
10.500000
9.600000
9.000000
8.400001
10.200001
8.700001
7.200000
8.700001
7.800000
9.000000
5.700000
6.900000
7.200000
8.400001
8.400001
6.900000
6.300000
7.500000
6.000000
5.700000
6.300000
4.500000
5.400000
6.300000
3.600000
4.200000
4.200000
3.600000
4.200000
5.100000
3.000000
3.900000
3.000000
4.500000
3.300000
3.600000
4.200000
1.800000
3.600000
2.400000
0.900000
2.100000
0.000000
1.500000
2.700000
1.800000
1.800000
3.000000
2.400000
3.600000
2.100000
2.400000
2.700000
1.200000
1.500000
0.300000
1.500000
2.700000
1.200000
2.400000
1.800000
2.400000
-0.600000
1.500000
1.800000
1.200000
2.100000
2.100000
3.000000
2.700000
1.800000
1.200000
2.700000
0.600000
2.400000
3.900000
3.000000
3.000000
3.300000
3.000000
2.100000
2.700000
1.500000
3.300000
4.200000
2.100000
3.900000
3.000000
2.100000
1.500000
3.300000
2.700000
2.100000
2.700000
3.300000
2.400000
2.400000
3.600000
1.200000
1.200000
2.400000
0.600000
2.100000
3.000000
2.100000
0.300000
0.600000
0.300000
-0.300000
1.200000
3.300000
2.400000
2.400000
3.600000
3.900000
2.400000
2.100000
3.000000
4.200000
2.100000
3.000000
2.700000
4.500000
3.000000
3.900000
5.400000
7.500000
6.000000
5.400000
5.700000
6.600000
8.700001
6.600000
10.500000
8.700001
8.700001
9.300000
9.300000
8.700001
9.000000
9.000000
7.500000
9.000000
7.200000
7.800000
8.400001
9.600000
9.000000
7.800000
8.100000
8.400001
8.700001
7.800000
8.700001
6.600000
7.200000
9.000000
6.600000
7.200000
7.800000
6.900000
8.100000
7.200000
6.300000
5.700000
6.600000
8.100000
6.900000
6.000000
4.200000
3.900000
4.200000
3.900000
1.800000
2.100000
0.900000
-0.600000
-0.600000
0.900000
-2.400000
-2.100000
-4.200000
-5.100000
-9.600000
-7.500000
-9.600000
-9.000000
-11.700001
-11.400001
-11.400001
-10.500000
-10.200001
-10.800000
-10.200001
-10.800000
-10.200001
-12.300000
-9.900001
-12.000000
-10.800000
-10.800000
-10.500000
-11.400001
-12.900001
-9.300000
-9.900001
-9.900001
-8.700001
-7.800000
-9.000000
-6.600000
-6.600000
-7.500000
-6.900000
-5.400000
-6.000000
-4.800000
-5.700000
-6.000000
-2.700000
-2.700000
-2.400000
-0.900000
-3.300000
-3.300000
-1.800000
-0.600000
-2.100000
0.000000
2.700000
-0.600000
1.500000
3.000000
2.100000
0.900000
4.500000
5.100000
8.700001
7.800000
6.900000
8.700001
8.100000
9.600000
11.400001
9.600000
11.400001
11.100000
12.600000
12.000000
15.300000
15.600000
15.300000
15.900001
18.000000
15.600000
15.600000
17.400002
17.700001
18.000000
18.900002
18.000000
19.800001
18.600000
20.700001
19.800001
19.500000
18.600000
18.600000
17.400002
17.700001
18.000000
18.300001
20.100000
18.600000
21.300001
22.500000
22.800001
27.900002
27.600000
28.800001
31.800001
31.800001
31.800001
33.000000
35.700001
37.200001
37.200001
39.000000
39.900002
42.000000
40.800003
42.000000
43.800003
43.200001
42.600002
45.000000
44.700001
46.200001
45.600002
45.000000
43.800003
47.700001
46.500000
45.600002
49.800003
47.400002
47.400002
48.000000
47.400002
46.800003
47.700001
48.900002
47.400002
48.300003
48.600002
50.100002
51.600002
52.200001
52.200001
52.500004
51.300003
54.300003
51.000004
55.800003
54.300003
54.900002
52.200001
55.500004
51.900002
53.700001
54.300003
55.500004
54.300003
56.100002
57.000004
55.200001
56.100002
56.700001
55.200001
55.800003
57.600002
56.400002
58.200001
57.000004
57.900002
57.300003
57.000004
57.300003
56.400002
56.400002
56.400002
57.600002
54.900002
55.200001
55.500004
55.200001
54.900002
55.800003
54.300003
54.600002
56.100002
54.300003
54.000004
56.100002
52.500004
52.800003
55.200001
53.100002
54.600002
54.600002
53.700001
53.700001
51.300003
53.400002
53.400002
53.400002
55.200001
51.600002
51.600002
52.800003
51.900002
52.800003
52.200001
51.300003
52.500004
53.100002
52.800003
52.800003
54.600002
54.000004
52.500004
52.800003
53.100002
50.400002
51.000004
52.200001
53.100002
52.200001
52.200001
53.100002
50.700001
52.500004
50.400002
49.800003
47.700001
50.100002
49.800003
49.200001
49.800003
48.900002
48.000000
51.000004
46.800003
48.600002
48.300003
46.800003
45.900002
46.500000
45.600002
44.700001
45.000000
43.800003
43.800003
45.300003
45.300003
44.100002
43.800003
41.700001
44.100002
41.400002
39.900002
40.500000
42.000000
39.000000
38.400002
39.600002
38.100002
37.800003
36.600002
35.400002
35.100002
36.300003
33.000000
32.700001
32.100002
30.000002
28.200001
31.500002
27.900002
22.800001
19.200001
17.400002
12.600000
9.000000
7.500000
6.600000
2.400000
2.100000
0.000000
-0.900000
-1.800000
-4.200000
-3.600000
-3.000000
-3.000000
-4.200000
-5.700000
-7.500000
-8.400001
-9.000000
-9.900001
-8.700001
-9.000000
-9.300000
-9.600000
-9.300000
-9.000000
-9.600000
-10.800000
-9.300000
-12.000000
-11.700001
-9.600000
-11.400001
-8.400001
-9.900001
-9.300000
-9.300000
-8.400001
-9.900001
-11.400001
-12.900001
-11.400001
-13.200001
-10.200001
-10.800000
-10.500000
-10.200001
-12.300000
-10.500000
-9.900001
-9.300000
-10.500000
-8.400001
-10.800000
-9.900001
-12.000000
-9.900001
-9.900001
-11.700001
-10.800000
-10.200001
-9.300000
-11.700001
-9.300000
-10.200001
-8.100000
-8.400001
-9.300000
-11.100000
-9.900001
-9.600000
-9.900001
-7.800000
-8.400001
-8.700001
-9.300000
-9.300000
-8.100000
-7.500000
-9.600000
-9.600000
-8.400001
-8.700001
-8.100000
-8.100000
-9.600000
-8.700001
-8.400001
-8.100000
-9.300000
-10.500000
-10.200001
-10.800000
-9.900001
-10.500000
-12.000000
-12.000000
-11.400001
-12.300000
-14.100000
-13.800000
-14.700001
-15.600000
-14.100000
-13.200001
-13.800000
-12.300000
-12.900001
-14.100000
-13.200001
-13.500001
-13.800000
-11.100000
-12.300000
-10.200001
-9.900001
-10.500000
-10.800000
-9.600000
-8.700001
-12.600000
-11.400001
-12.000000
-15.900001
-11.400001
-10.800000
-9.600000
-9.300000
-9.000000
-8.400001
-9.300000
-7.800000
-8.400001
-7.200000
-8.700001
-8.700001
-8.400001
-9.000000
-11.400001
-9.300000
-9.600000
-10.500000
-9.000000
-9.300000
-9.000000
-9.900001
-10.800000
-9.300000
-9.000000
-9.000000
-6.600000
-7.800000
-5.700000
-6.600000
-5.700000
-6.000000
-6.000000
-8.400001
-7.500000
-5.700000
-6.300000
-7.200000
-8.100000
-6.600000
-7.200000
-6.300000
-6.900000
-7.500000
-5.100000
-5.700000
-6.900000
-5.400000
-6.000000
-3.600000
-4.500000
-3.300000
-3.300000
-1.500000
-2.100000
-1.200000
1.800000
2.100000
0.300000
2.700000
4.200000
3.600000
3.900000
6.000000
4.200000
5.400000
7.800000
7.500000
9.600000
9.000000
12.600000
10.800000
11.100000
11.700001
13.500001
13.200001
15.000001
13.800000
15.900001
17.400002
19.200001
20.700001
22.500000
26.400002
27.900002
27.000002
30.000002
31.200001
29.100000
30.600000
32.400002
31.200001
30.900002
31.800001
33.000000
34.200001
34.800003
34.500000
37.800003
36.300003
36.900002
37.200001
36.000000
37.800003
38.700001
37.500000
39.000000
39.000000
39.600002
40.200001
39.900002
39.900002
40.200001
37.500000
40.500000
38.700001
40.200001
42.600002
40.200001
40.200001
41.700001
40.500000
40.500000
41.700001
42.000000
39.900002
40.500000
42.000000
42.300003
43.500000
41.700001
41.400002
39.900002
43.200001
41.400002
41.100002
40.800003
43.200001
40.800003
44.100002
41.400002
41.400002
40.200001
41.700001
39.900002
43.500000
41.400002
40.200001
40.200001
40.500000
39.300003
43.200001
42.300003
42.300003
40.800003
40.800003
42.000000
44.400002
42.000000
43.200001
42.000000
43.800003
43.500000
44.100002
41.100002
42.000000
43.500000
44.100002
42.300003
45.300003
43.800003
44.100002
45.000000
46.500000
43.500000
44.100002
45.300003
43.800003
43.800003
43.800003
45.300003
43.200001
45.000000
46.200001
46.200001
45.300003
47.700001
46.200001
47.700001
46.200001
49.800003
49.800003
49.500004
50.100002
49.500004
50.100002
50.700001
51.300003
50.100002
50.700001
50.700001
51.600002
48.900002
51.900002
50.100002
49.500004
49.800003
49.500004
50.100002
51.300003
49.200001
48.900002
50.100002
49.800003
49.200001
48.300003
51.300003
50.700001
49.800003
49.500004
50.400002
51.900002
50.100002
51.300003
51.000004
50.100002
50.400002
51.600002
51.000004
49.800003
49.200001
49.500004
51.300003
51.900002
50.100002
52.800003
51.000004
50.100002
50.700001
48.900002
50.700001
48.600002
49.500004
51.300003
50.700001
50.700001
50.100002
51.900002
48.900002
50.700001
49.500004
48.900002
49.800003
49.200001
48.000000
49.200001
50.400002
48.000000
48.600002
47.100002
48.600002
48.000000
48.000000
48.600002
47.400002
48.600002
47.400002
49.500004
49.500004
48.600002
48.600002
48.900002
48.000000
48.300003
47.100002
48.900002
48.300003
50.400002
49.200001
47.400002
48.300003
51.300003
50.400002
50.100002
51.900002
50.700001
51.900002
51.300003
52.800003
51.900002
51.600002
54.000004
49.800003
51.000004
52.200001
53.400002
51.900002
53.400002
55.200001
54.300003
55.800003
55.500004
54.300003
52.500004
55.800003
54.300003
52.200001
55.500004
54.300003
54.600002
54.000004
55.800003
53.700001
54.900002
53.400002
54.900002
56.100002
57.000004
54.000004
55.200001
55.200001
55.800003
55.800003
55.800003
55.200001
53.700001
54.600002
54.300003
54.600002
52.500004
54.300003
54.000004
52.800003
53.400002
51.600002
50.700001
51.300003
50.700001
50.700001
49.200001
50.700001
48.900002
50.100002
45.600002
46.200001
46.500000
46.500000
45.900002
45.900002
46.800003
47.400002
46.800003
45.300003
45.600002
46.500000
43.500000
46.800003
45.600002
47.400002
48.300003
48.000000
46.500000
48.900002
47.700001
49.500004
46.200001
49.800003
49.800003
50.700001
49.800003
48.600002
48.900002
48.300003
48.600002
49.800003
49.500004
49.800003
51.000004
51.300003
50.700001
50.400002
50.400002
50.100002
50.400002
49.200001
48.900002
49.200001
48.600002
48.900002
50.400002
50.100002
49.200001
50.100002
50.100002
46.200001
50.100002
48.600002
48.300003
47.700001
46.500000
49.800003
48.000000
48.900002
49.200001
49.500004
47.700001
47.100002
48.600002
46.500000
48.900002
47.700001
47.700001
48.300003
51.300003
51.000004
50.400002
51.900002
51.300003
52.200001
52.500004
53.100002
51.900002
52.800003
53.100002
53.700001
52.500004
51.600002
51.900002
52.800003
52.800003
53.100002
52.800003
54.900002
54.000004
54.900002
54.300003
54.600002
54.600002
53.400002
52.800003
54.600002
53.700001
54.600002
54.300003
55.800003
53.400002
54.900002
53.700001
53.100002
54.300003
54.900002
55.800003
53.700001
54.000004
50.700001
55.500004
52.200001
55.500004
55.200001
53.100002
52.800003
54.600002
54.900002
54.600002
53.400002
53.100002
54.900002
54.300003
54.900002
56.400002
55.800003
54.900002
54.000004
52.200001
52.500004
53.400002
54.000004
52.800003
52.500004
53.700001
53.100002
51.000004
52.200001
52.200001
51.300003
51.300003
54.000004
52.500004
52.500004
51.000004
54.300003
54.000004
57.300003
53.700001
53.700001
55.200001
54.600002
54.000004
54.600002
55.200001
55.500004
54.600002
54.300003
54.000004
55.200001
53.700001
53.700001
54.900002
54.000004
55.800003
54.000004
53.700001
55.200001
53.400002
54.000004
53.100002
52.800003
52.200001
54.600002
53.700001
51.600002
51.300003
48.600002
49.800003
48.900002
49.500004
48.000000
49.800003
48.900002
50.700001
49.500004
47.100002
48.600002
48.600002
48.000000
48.600002
48.000000
46.500000
48.300003
47.400002
48.000000
46.500000
47.100002
46.200001
45.900002
44.100002
45.600002
46.200001
45.600002
44.100002
45.000000
46.200001
43.500000
45.900002
44.400002
45.300003
42.000000
43.200001
42.600002
43.800003
39.900002
38.700001
42.600002
41.700001
37.200001
41.400002
40.500000
40.800003
39.900002
41.400002
40.200001
39.900002
38.400002
38.100002
36.600002
38.100002
40.800003
35.100002
37.200001
34.500000
32.700001
30.300001
30.000002
28.500002
30.900002
29.700001
28.500002
29.700001
26.700001
28.800001
24.900002
27.000002
25.800001
23.100000
23.700001
23.700001
23.400002
24.600000
21.000000
19.800001
19.200001
18.000000
19.500000
17.100000
15.900001
15.900001
15.300000
15.300000
14.400001
12.000000
11.700001
10.200001
10.800000
8.700001
9.300000
6.900000
6.600000
6.300000
5.400000
3.300000
1.500000
-1.200000
-4.200000
-4.500000
-6.600000
-5.700000
-7.500000
-8.100000
-7.200000
-12.300000
-10.200001
-7.800000
-13.200001
-11.100000
-11.100000
-12.300000
-13.800000
-11.400001
-13.200001
-13.500001
-14.400001
-12.900001
-14.700001
-15.000001
-15.300000
-13.200001
-15.600000
-15.600000
-17.100000
-17.400002
-16.800001
-16.500000
-16.800001
-18.900002
-16.200001
-17.700001
-17.400002
-19.200001
-18.000000
-15.600000
-17.100000
-17.100000
-16.500000
-16.500000
-17.100000
-15.300000
-15.000001
-15.900001
-16.800001
-18.000000
-17.100000
-13.200001
-15.600000
-15.600000
-13.200001
-13.200001
-12.300000
-13.800000
-11.100000
-13.500001
-9.000000
-8.700001
-11.400001
-11.700001
-10.500000
-11.400001
-11.100000
-9.600000
-10.500000
-8.100000
-6.900000
-8.400001
-7.200000
-6.000000
-5.400000
-5.100000
-4.200000
-2.700000
-3.600000
-2.100000
-2.400000
-0.300000
-2.400000
0.000000
-3.000000
-0.600000
-0.600000
0.000000
1.800000
0.900000
1.500000
2.400000
4.200000
5.700000
5.100000
6.900000
8.400001
9.600000
9.900001
11.400001
13.200001
14.100000
14.400001
16.500000
17.100000
18.000000
19.500000
19.800001
20.700001
21.900002
22.200001
24.900002
25.500002
27.000002
27.300001
27.300001
27.000002
27.900002
29.700001
29.100000
29.700001
27.300001
29.100000
26.700001
30.900002
30.000002
30.000002
33.300003
31.800001
32.100002
30.300001
30.600000
32.400002
33.900002
33.600002
33.600002
30.600000
32.700001
34.800003
31.800001
32.400002
33.900002
32.100002
34.800003
33.000000
34.500000
33.900002
34.800003
36.900002
33.900002
33.600002
36.600002
35.100002
34.800003
33.000000
36.000000
35.400002
35.700001
34.200001
37.200001
34.500000
34.800003
36.300003
37.500000
34.800003
37.500000
36.900002
37.200001
38.100002
35.400002
36.300003
36.600002
36.900002
35.700001
36.900002
37.800003
36.000000
36.000000
36.900002
37.800003
36.000000
37.500000
39.600002
37.200001
39.600002
39.900002
41.100002
41.700001
40.800003
41.700001
42.000000
43.200001
43.500000
44.400002
45.300003
45.000000
44.700001
46.500000
45.600002
46.500000
47.700001
48.600002
48.300003
47.400002
45.300003
45.900002
48.600002
47.100002
46.200001
46.800003
45.900002
43.500000
45.900002
44.100002
43.800003
46.200001
44.400002
45.600002
43.200001
43.500000
43.800003
42.000000
44.400002
44.700001
46.200001
45.600002
45.900002
47.100002
45.600002
44.700001
43.500000
45.600002
47.400002
45.900002
45.900002
44.700001
44.100002
46.800003
46.800003
46.500000
45.600002
47.400002
46.200001
46.200001
46.500000
46.800003
47.700001
48.000000
48.300003
49.800003
50.700001
51.900002
51.600002
50.400002
52.200001
50.100002
51.300003
52.200001
49.200001
51.300003
50.400002
49.500004
50.100002
51.000004
54.600002
54.300003
53.700001
54.000004
51.600002
54.600002
52.500004
53.700001
55.800003
54.900002
53.700001
56.100002
54.600002
54.300003
55.200001
55.800003
55.200001
54.600002
53.100002
50.400002
51.600002
49.500004
50.700001
49.500004
50.700001
49.500004
50.100002
48.600002
47.700001
47.400002
47.700001
47.100002
48.900002
47.700001
49.800003
48.000000
47.100002
47.100002
47.700001
46.500000
46.200001
45.600002
44.700001
45.600002
46.200001
45.300003
46.200001
45.600002
46.500000
45.900002
45.600002
45.900002
43.500000
45.600002
44.400002
44.400002
41.700001
42.000000
42.300003
42.600002
42.300003
39.300003
41.700001
41.700001
38.700001
38.700001
37.500000
35.100002
36.600002
37.500000
35.700001
34.200001
36.000000
32.400002
34.500000
31.500002
33.000000
31.500002
30.000002
28.800001
28.800001
30.000002
28.500002
25.200001
27.300001
26.100000
27.000002
27.000002
25.200001
27.600000
26.100000
23.400002
25.200001
23.400002
24.900002
24.600000
21.000000
23.400002
22.500000
21.900002
22.800001
21.900002
20.400002
19.800001
19.200001
18.900002
17.100000
17.400002
16.800001
15.600000
15.900001
14.700001
12.900001
15.600000
15.300000
15.300000
13.500001
11.700001
14.400001
11.700001
9.900001
12.900001
10.500000
10.500000
9.600000
10.500000
10.500000
8.100000
8.700001
7.500000
6.300000
9.300000
7.500000
5.400000
7.800000
6.000000
3.600000
3.000000
3.300000
5.700000
4.800000
3.000000
3.900000
1.800000
3.000000
3.300000
3.000000
3.300000
4.200000
3.000000
1.800000
2.400000
2.400000
2.700000
5.100000
5.100000
3.300000
1.800000
3.900000
2.700000
0.900000
4.200000
3.300000
3.900000
3.900000
4.200000
4.200000
3.300000
5.100000
3.000000
4.500000
2.400000
4.800000
4.200000
6.600000
5.100000
5.400000
3.600000
5.100000
5.700000
6.600000
6.000000
3.300000
4.500000
4.500000
5.100000
4.800000
6.900000
6.000000
5.100000
6.000000
6.300000
4.200000
1.800000
5.400000
5.100000
5.400000
4.800000
5.100000
5.700000
4.200000
6.300000
3.600000
5.700000
5.700000
6.300000
4.500000
6.000000
3.900000
5.100000
4.800000
3.900000
5.400000
5.700000
6.300000
3.300000
4.800000
4.800000
7.200000
5.700000
3.600000
5.400000
3.900000
4.20