-89.899,-0.093,48.636,-9.814,0.019,0.017,0.002,0.001,0.000
-89.901,-0.090,48.634,-9.821,0.013,0.013,0.002,0.000,0.001
-89.900,-0.093,48.633,-9.810,0.020,0.019,0.002,0.001,0.000
-89.894,-0.087,48.631,-9.807,0.007,0.025,0.003,0.001,0.000
-89.898,-0.088,48.630,-9.808,0.016,0.011,0.002,0.001,0.000
-89.898,-0.085,48.628,-9.800,0.012,0.017,0.003,0.000,0.001
-89.901,-0.091,48.627,-9.803,0.025,0.013,0.002,0.000,0.000
-89.899,-0.091,48.626,-9.807,0.016,0.020,0.002,0.001,0.001
-89.901,-0.092,48.625,-9.816,0.018,0.014,0.002,0.000,0.001
-89.906,-0.088,48.623,-9.802,0.010,0.008,0.002,0.000,0.000
-89.909,-0.081,48.621,-9.809,0.004,0.011,0.003,0.000,0.000
-89.911,-0.080,48.620,-9.816,0.013,0.012,0.003,0.000,0.000
-89.910,-0.079,48.617,-9.817,0.013,0.015,0.003,0.001,0.000
-89.909,-0.073,48.616,-9.819,0.005,0.017,0.002,0.001,0.000
-89.905,-0.074,48.615,-9.824,0.014,0.021,0.002,0.001,0.000
-89.905,-0.075,48.613,-9.824,0.014,0.016,0.002,0.000,0.000
-89.904,-0.075,48.612,-9.825,0.013,0.017,0.002,0.000,-0.000
-89.900,-0.076,48.610,-9.826,0.014,0.023,0.003,0.001,-0.000
-89.908,-0.076,48.609,-9.819,0.014,0.004,0.002,0.001,0.001
-89.905,-0.076,48.608,-9.820,0.013,0.020,0.002,0.001,0.001
-89.901,-0.076,48.607,-9.810,0.013,0.022,0.002,0.000,0.001
-89.898,-0.077,48.606,-9.816,0.016,0.022,0.002,0.000,0.001
-89.896,-0.082,48.604,-9.814,0.021,0.022,0.003,-0.001,0.000
-89.895,-0.080,48.603,-9.816,0.011,0.019,0.002,0.000,0.000
-89.897,-0.078,48.601,-9.820,0.011,0.015,0.002,0.001,0.000
-89.897,-0.076,48.600,-9.826,0.010,0.017,0.002,-0.000,0.000
-89.898,-0.076,48.598,-9.810,0.013,0.016,0.003,0.000,-0.000
-89.898,-0.071,48.597,-9.820,0.005,0.016,0.002,0.000,0.001
-89.899,-0.072,48.596,-9.814,0.014,0.016,0.002,0.001,0.001
-89.895,-0.082,48.595,-9.822,0.028,0.023,0.002,0.001,0.001
-89.892,-0.082,48.593,-9.830,0.014,0.022,0.002,0.000,-0.000
-89.893,-0.075,48.592,-9.822,0.004,0.018,0.003,0.000,0.001
-89.893,-0.072,48.591,-9.811,0.008,0.017,0.002,0.001,-0.001
-89.891,-0.071,48.589,-9.813,0.010,0.020,0.002,0.000,0.000
-89.889,-0.073,48.588,-9.816,0.014,0.022,0.002,0.001,-0.000
-89.888,-0.077,48.587,-9.800,0.019,0.020,0.002,0.000,0.001
-89.886,-0.083,48.585,-9.810,0.023,0.021,0.002,0.000,0.000
-89.890,-0.081,48.584,-9.817,0.013,0.013,0.003,0.000,0.001
-89.897,-0.083,48.583,-9.816,0.017,0.007,0.002,0.001,0.001
-89.898,-0.080,48.582,-9.820,0.011,0.016,0.002,0.000,0.001
-89.897,-0.078,48.581,-9.811,0.010,0.020,0.002,-0.001,0.001
-89.896,-0.073,48.579,-9.813,0.006,0.019,0.002,-0.000,0.001
-89.886,-0.075,48.577,-9.820,0.017,0.032,0.003,0.002,0.001
-89.880,-0.082,48.576,-9.822,0.025,0.030,0.003,0.001,0.001
-89.876,-0.083,48.574,-9.810,0.016,0.026,0.002,0.001,0.000
-89.871,-0.083,48.573,-9.816,0.016,0.027,0.001,0.001,0.001
-89.867,-0.085,48.573,-9.815,0.017,0.027,0.001,0.001,0.001
-89.860,-0.088,48.572,-9.818,0.020,0.034,0.002,0.000,0.001
-89.863,-0.087,48.571,-9.819,0.013,0.019,0.001,0.001,0.000
-89.866,-0.083,48.571,-9.816,0.010,0.020,0.001,-0.000,0.001
-89.869,-0.081,48.570,-9.819,0.010,0.018,0.001,0.000,-0.000
-89.866,-0.085,48.569,-9.814,0.020,0.026,0.001,0.001,0.001
-89.866,-0.084,48.568,-9.809,0.014,0.022,0.001,0.001,0.001
-89.867,-0.084,48.568,-9.816,0.015,0.022,0.001,0.000,0.000
-89.872,-0.087,48.567,-9.814,0.020,0.013,0.002,0.000,0.001
-89.878,-0.089,48.566,-9.809,0.020,0.011,0.001,0.002,0.001
-89.890,-0.089,48.565,-9.817,0.016,0.001,0.002,0.001,0.001
-89.901,-0.089,48.564,-9.822,0.016,0.001,0.002,0.000,0.001
-89.910,-0.089,48.563,-9.826,0.017,0.002,0.001,0.001,0.001
-89.920,-0.087,48.562,-9.813,0.011,-0.002,0.001,0.000,0.001
-89.929,-0.086,48.561,-9.808,0.014,-0.001,0.001,0.000,0.000
-89.938,-0.085,48.560,-9.813,0.014,-0.002,0.002,0.001,0.001
-89.954,-0.083,48.559,-9.814,0.012,-0.015,0.003,0.001,0.000
-89.962,-0.080,48.556,-9.811,0.010,-0.005,0.004,0.001,0.001
-89.980,-0.079,48.554,-9.808,0.013,-0.023,0.004,0.001,0.001
-89.997,-0.084,48.551,-9.820,0.022,-0.024,0.005,0.000,0.000
-90.015,-0.083,48.548,-9.808,0.013,-0.028,0.005,0.001,0.001
-90.027,-0.081,48.544,-9.813,0.011,-0.022,0.006,0.000,0.000
-90.037,-0.084,48.541,-9.813,0.019,-0.022,0.007,0.000,0.000
-90.051,-0.085,48.537,-9.811,0.017,-0.029,0.006,0.000,0.000
-90.066,-0.084,48.533,-9.817,0.012,-0.031,0.007,-0.001,-0.000
-90.087,-0.089,48.527,-9.820,0.023,-0.045,0.008,0.000,-0.000
-90.148,-0.084,48.522,-9.822,0.007,-0.110,0.008,0.001,0.000
-90.221,-0.081,48.515,-9.801,0.010,-0.141,0.011,0.002,0.000
-90.357,-0.075,48.507,-9.823,0.006,-0.250,0.014,0.000,0.001
-90.502,-0.069,48.496,-9.807,0.002,-0.286,0.018,-0.001,0.000
-90.663,-0.051,48.481,-9.820,-0.015,-0.339,0.023,0.003,0.000
-90.853,-0.046,48.463,-9.823,0.001,-0.412,0.029,0.002,0.001
-91.022,-0.049,48.442,-9.841,0.013,-0.411,0.033,-0.000,0.001
-91.194,-0.038,48.417,-9.810,-0.009,-0.444,0.040,0.000,-0.001
-91.373,-0.033,48.387,-9.822,-0.003,-0.484,0.048,0.000,-0.000
-91.524,-0.025,48.353,-9.808,-0.009,-0.469,0.054,-0.001,-0.000
-91.663,-0.018,48.315,-9.821,-0.008,-0.476,0.060,-0.002,0.000
-91.788,-0.013,48.273,-9.823,-0.006,-0.481,0.068,0.000,-0.000
-91.927,-0.013,48.226,-9.818,-0.001,-0.523,0.075,0.000,-0.000
-92.079,-0.002,48.174,-9.823,-0.018,-0.568,0.083,0.000,-0.001
-92.265,0.001,48.112,-9.832,-0.008,-0.623,0.091,-0.001,-0.001
-92.420,0.002,48.054,-9.822,-0.007,-0.655,0.100,-0.001,-0.001
-92.595,-0.002,47.986,-9.826,0.001,-0.687,0.109,-0.001,-0.000
-92.759,-0.009,47.911,-9.814,0.006,-0.700,0.118,-0.001,-0.000
-92.933,-0.002,47.823,-9.820,-0.015,-0.721,0.129,-0.002,-0.000
-93.091,0.000,47.735,-9.829,-0.010,-0.749,0.140,-0.002,0.000
-93.250,-0.010,47.640,-9.818,0.008,-0.778,0.150,-0.001,0.000
-93.385,-0.021,47.539,-9.833,0.008,-0.769,0.161,-0.001,-0.001
-93.501,-0.023,47.431,-9.828,-0.003,-0.761,0.172,-0.002,-0.001
-93.585,-0.020,47.316,-9.804,-0.014,-0.730,0.183,-0.003,-0.001
-93.665,-0.033,47.195,-9.820,0.012,-0.739,0.193,-0.001,-0.000
-93.734,-0.053,47.066,-9.811,0.022,-0.735,0.204,-0.002,-0.001
-93.797,-0.066,46.932,-9.822,0.015,-0.737,0.214,-0.002,-0.002
-93.846,-0.079,46.791,-9.812,0.014,-0.727,0.225,-0.002,-0.002
-93.878,-0.095,46.643,-9.808,0.022,-0.707,0.236,-0.003,-0.002
-93.899,-0.122,46.488,-9.799,0.040,-0.696,0.245,-0.002,-0.002
-93.924,-0.149,46.314,-9.805,0.042,-0.703,0.254,-0.001,-0.002
-93.958,-0.171,46.147,-9.814,0.041,-0.725,0.266,-0.002,-0.001
-93.983,-0.190,45.974,-9.828,0.038,-0.717,0.276,-0.002,-0.002
-94.016,-0.219,45.795,-9.821,0.057,-0.735,0.285,-0.001,-0.001
-94.028,-0.250,45.609,-9.844,0.065,-0.709,0.295,-0.003,-0.002
-94.018,-0.276,45.417,-9.815,0.061,-0.673,0.306,-0.004,-0.002
-93.985,-0.279,45.219,-9.809,0.028,-0.637,0.315,-0.002,-0.002
-93.928,-0.298,45.015,-9.799,0.053,-0.593,0.324,-0.002,-0.002
-93.891,-0.336,44.806,-9.839,0.087,-0.618,0.332,-0.002,-0.002
-93.867,-0.375,44.592,-9.823,0.094,-0.630,0.341,-0.002,-0.003
-93.851,-0.397,44.373,-9.823,0.072,-0.639,0.349,-0.003,-0.002
-93.828,-0.410,44.148,-9.807,0.063,-0.623,0.358,-0.004,-0.002
-93.777,-0.443,43.896,-9.811,0.091,-0.582,0.366,-0.004,-0.002
-93.720,-0.484,43.660,-9.825,0.114,-0.561,0.375,-0.003,-0.002
-93.667,-0.518,43.419,-9.821,0.110,-0.556,0.383,-0.002,-0.002
-93.643,-0.542,43.172,-9.816,0.101,-0.593,0.392,-0.002,-0.002
-93.625,-0.569,42.921,-9.823,0.108,-0.597,0.399,-0.003,-0.003
-93.590,-0.599,42.665,-9.826,0.117,-0.568,0.408,-0.004,-0.002
-93.535,-0.639,42.403,-9.813,0.138,-0.530,0.416,-0.004,-0.002
-93.474,-0.668,42.136,-9.818,0.127,-0.512,0.423,-0.004,-0.002
-93.411,-0.690,41.864,-9.812,0.122,-0.499,0.431,-0.004,-0.002
-93.357,-0.718,41.588,-9.823,0.134,-0.502,0.438,-0.004,-0.002
-93.297,-0.760,41.308,-9.810,0.160,-0.484,0.444,-0.004,-0.003
-93.245,-0.805,40.998,-9.813,0.168,-0.493,0.451,-0.004,-0.002
-93.192,-0.839,40.709,-9.814,0.162,-0.475,0.457,-0.005,-0.003
-93.139,-0.857,40.416,-9.807,0.145,-0.467,0.465,-0.004,-0.002
-93.065,-0.888,40.119,-9.814,0.168,-0.426,0.471,-0.004,-0.003
-93.008,-0.920,39.818,-9.817,0.174,-0.440,0.477,-0.004,-0.003
-92.942,-0.952,39.513,-9.826,0.179,-0.418,0.483,-0.004,-0.004
-92.867,-0.978,39.204,-9.801,0.175,-0.390,0.490,-0.005,-0.003
-92.786,-1.001,38.891,-9.817,0.177,-0.369,0.495,-0.005,-0.003
-92.681,-1.029,38.575,-9.807,0.188,-0.316,0.499,-0.006,-0.003
-92.590,-1.050,38.256,-9.793,0.183,-0.323,0.504,-0.004,-0.003
-92.533,-1.082,37.935,-9.819,0.205,-0.362,0.508,-0.003,-0.004
-92.511,-1.119,37.612,-9.823,0.217,-0.406,0.514,-0.003,-0.003
-92.507,-1.151,37.255,-9.832,0.212,-0.433,0.519,-0.003,-0.004
-92.488,-1.181,36.924,-9.825,0.217,-0.405,0.525,-0.005,-0.004
-92.456,-1.201,36.589,-9.817,0.208,-0.381,0.531,-0.007,-0.004
-92.360,-1.234,36.250,-9.802,0.232,-0.275,0.535,-0.007,-0.003
-92.237,-1.272,35.908,-9.817,0.247,-0.218,0.539,-0.006,-0.003
-92.130,-1.290,35.565,-9.798,0.221,-0.225,0.542,-0.004,-0.004
-92.030,-1.309,35.219,-9.815,0.229,-0.217,0.545,-0.003,-0.003
-91.955,-1.336,34.872,-9.828,0.244,-0.240,0.548,-0.005,-0.003
-91.858,-1.365,34.522,-9.822,0.252,-0.190,0.551,-0.006,-0.004
-91.740,-1.392,34.171,-9.819,0.256,-0.142,0.553,-0.006,-0.004
-91.623,-1.405,33.819,-9.820,0.239,-0.123,0.554,-0.006,-0.003
-91.494,-1.412,33.434,-9.802,0.233,-0.102,0.556,-0.005,-0.003
-91.381,-1.430,33.080,-9.810,0.252,-0.089,0.558,-0.005,-0.003
-91.287,-1.449,32.725,-9.826,0.259,-0.101,0.559,-0.005,-0.003
-91.180,-1.466,32.370,-9.807,0.260,-0.062,0.559,-0.006,-0.003
-91.070,-1.477,32.014,-9.815,0.253,-0.039,0.560,-0.005,-0.004
-90.954,-1.485,31.658,-9.806,0.251,-0.013,0.561,-0.005,-0.004
-90.846,-1.496,31.302,-9.808,0.259,-0.006,0.560,-0.004,-0.003
-90.748,-1.509,30.947,-9.810,0.265,-0.001,0.560,-0.005,-0.004
-90.675,-1.518,30.592,-9.815,0.262,-0.026,0.560,-0.004,-0.005
-90.601,-1.524,30.238,-9.811,0.260,-0.011,0.559,-0.004,-0.004
-90.510,-1.529,29.883,-9.814,0.259,0.030,0.559,-0.005,-0.003
-90.398,-1.537,29.528,-9.819,0.268,0.078,0.558,-0.006,-0.004
-90.288,-1.533,29.174,-9.807,0.250,0.095,0.557,-0.005,-0.004
-90.204,-1.534,28.822,-9.808,0.257,0.071,0.556,-0.004,-0.004
-90.146,-1.528,28.470,-9.823,0.249,0.045,0.555,-0.005,-0.003
-90.148,-1.522,28.120,-9.820,0.248,-0.039,0.555,-0.005,-0.003
-90.120,-1.519,27.770,-9.826,0.252,0.010,0.554,-0.005,-0.003
-90.118,-1.517,27.421,-9.814,0.253,-0.028,0.555,-0.005,-0.003
-90.075,-1.505,27.038,-9.807,0.238,0.032,0.555,-0.005,-0.004
-90.054,-1.507,26.688,-9.808,0.257,0.011,0.554,-0.005,-0.004
-90.042,-1.506,26.339,-9.816,0.253,-0.001,0.554,-0.004,-0.003
-90.030,-1.502,25.989,-9.820,0.248,0.001,0.554,-0.004,-0.003
-90.044,-1.498,25.641,-9.814,0.247,-0.035,0.554,-0.005,-0.004
-90.058,-1.500,25.292,-9.809,0.254,-0.038,0.555,-0.005,-0.005
-90.093,-1.503,24.943,-9.814,0.258,-0.074,0.555,-0.005,-0.004
-90.109,-1.507,24.593,-9.811,0.258,-0.051,0.556,-0.004,-0.004
-90.126,-1.498,24.243,-9.799,0.240,-0.054,0.555,-0.005,-0.003
-90.179,-1.492,23.894,-9.817,0.242,-0.116,0.557,-0.003,-0.003
-90.242,-1.491,23.544,-9.817,0.248,-0.138,0.558,-0.005,-0.004
-90.343,-1.496,23.194,-9.819,0.256,-0.210,0.560,-0.004,-0.004
-90.447,-1.498,22.842,-9.831,0.254,-0.230,0.563,-0.004,-0.003
-90.570,-1.500,22.488,-9.803,0.251,-0.278,0.566,-0.005,-0.003
-90.688,-1.498,22.132,-9.805,0.244,-0.290,0.570,-0.005,-0.004
-90.825,-1.506,21.741,-9.809,0.256,-0.324,0.575,-0.004,-0.004
-90.967,-1.519,21.379,-9.805,0.266,-0.373,0.580,-0.004,-0.004
-91.116,-1.522,21.016,-9.817,0.252,-0.409,0.584,-0.004,-0.003
-91.283,-1.535,20.649,-9.817,0.265,-0.463,0.590,-0.005,-0.004
-91.452,-1.552,20.277,-9.828,0.272,-0.493,0.596,-0.006,-0.003
-91.601,-1.572,19.902,-9.814,0.279,-0.492,0.602,-0.006,-0.003
-91.729,-1.596,19.523,-9.823,0.286,-0.487,0.609,-0.005,-0.004
-91.827,-1.623,19.138,-9.817,0.293,-0.459,0.615,-0.006,-0.004
-91.906,-1.645,18.748,-9.815,0.289,-0.448,0.623,-0.006,-0.004
-91.954,-1.674,18.353,-9.814,0.302,-0.413,0.629,-0.006,-0.004
-91.963,-1.706,17.954,-9.819,0.313,-0.361,0.634,-0.006,-0.003
-91.943,-1.739,17.552,-9.816,0.319,-0.317,0.638,-0.007,-0.004
-91.888,-1.776,17.110,-9.813,0.325,-0.268,0.641,-0.007,-0.004
-91.796,-1.801,16.701,-9.813,0.318,-0.193,0.644,-0.007,-0.004
-91.719,-1.823,16.291,-9.814,0.320,-0.201,0.648,-0.006,-0.004
-91.634,-1.848,15.878,-9.826,0.329,-0.177,0.651,-0.006,-0.004
-91.575,-1.866,15.465,-9.811,0.321,-0.203,0.653,-0.006,-0.005
-91.500,-1.888,15.050,-9.822,0.333,-0.169,0.655,-0.005,-0.004
-91.421,-1.905,14.634,-9.804,0.329,-0.148,0.657,-0.008,-0.004
-91.319,-1.928,14.215,-9.803,0.342,-0.099,0.659,-0.007,-0.005
-91.162,-1.951,13.795,-9.822,0.348,0.004,0.659,-0.008,-0.004
-90.973,-1.975,13.373,-9.813,0.356,0.081,0.659,-0.008,-0.004
-90.753,-1.992,12.951,-9.807,0.351,0.161,0.657,-0.007,-0.004
-90.523,-2.011,12.531,-9.816,0.359,0.212,0.654,-0.006,-0.004
-90.288,-2.018,12.112,-9.808,0.347,0.258,0.652,-0.005,-0.004
-90.052,-2.014,11.696,-9.799,0.333,0.302,0.647,-0.005,-0.004
-89.854,-2.018,11.285,-9.813,0.349,0.283,0.642,-0.006,-0.003
-89.647,-2.016,10.875,-9.823,0.342,0.330,0.639,-0.006,-0.004
-89.444,-2.004,10.469,-9.803,0.328,0.362,0.633,-0.006,-0.003
-89.236,-1.990,10.066,-9.814,0.324,0.402,0.629,-0.005,-0.004
-89.023,-1.980,9.666,-9.811,0.330,0.448,0.623,-0.007,-0.004
-88.814,-1.962,9.270,-9.807,0.318,0.476,0.617,-0.006,-0.004
-88.612,-1.942,8.879,-9.813,0.317,0.503,0.609,-0.006,-0.003
-88.458,-1.928,8.529,-9.813,0.320,0.487,0.602,-0.005,-0.004
-88.316,-1.902,8.149,-9.810,0.303,0.472,0.596,-0.006,-0.004
-88.189,-1.883,7.773,-9.802,0.309,0.473,0.590,-0.006,-0.004
-88.064,-1.854,7.401,-9.808,0.293,0.492,0.583,-0.006,-0.004
-87.910,-1.829,7.067,-9.819,0.290,0.584,0.576,-0.006,-0.004
-87.713,-1.798,6.703,-9.807,0.284,0.653,0.568,-0.006,-0.004
-87.485,-1.760,6.344,-9.796,0.268,0.736,0.558,-0.006,-0.003
-87.268,-1.731,6.025,-9.789,0.273,0.790,0.547,-0.005,-0.004
-87.100,-1.698,5.682,-9.791,0.268,0.718,0.537,-0.004,-0.004
-86.986,-1.652,5.346,-9.801,0.243,0.661,0.528,-0.003,-0.003
-86.962,-1.604,5.018,-9.814,0.233,0.543,0.520,-0.003,-0.003
-86.995,-1.566,4.725,-9.820,0.233,0.454,0.513,-0.003,-0.003
-87.029,-1.525,4.408,-9.821,0.227,0.453,0.506,-0.004,-0.004
-87.052,-1.484,4.093,-9.806,0.219,0.465,0.501,-0.005,-0.004
-87.025,-1.449,3.782,-9.808,0.220,0.540,0.492,-0.005,-0.004
-86.975,-1.411,3.504,-9.804,0.205,0.590,0.484,-0.005,-0.003
-86.913,-1.368,3.202,-9.801,0.198,0.608,0.477,-0.004,-0.003
-86.828,-1.332,2.905,-9.799,0.202,0.654,0.469,-0.004,-0.003
-86.749,-1.308,2.613,-9.799,0.212,0.660,0.460,-0.004,-0.004
-86.671,-1.275,2.354,-9.799,0.190,0.686,0.450,-0.005,-0.003
-86.586,-1.238,2.074,-9.810,0.184,0.698,0.441,-0.005,-0.003
-86.531,-1.201,1.801,-9.802,0.178,0.666,0.432,-0.004,-0.003
-86.513,-1.148,1.535,-9.741,0.145,0.614,0.422,-0.003,-0.002
-85.996,-1.096,1.292,-9.648,0.131,1.454,0.408,0.008,-0.001
-85.141,-1.082,1.032,-9.725,0.195,2.006,0.388,0.018,-0.001
-84.001,-1.043,0.784,-9.549,0.157,2.572,0.361,0.028,0.000
-83.600,-1.014,0.589,-9.973,0.168,1.728,0.330,0.026,-0.000
-83.228,-1.031,0.392,-10.084,0.245,1.709,0.305,0.023,-0.000
-82.816,-1.011,0.211,-9.892,0.182,1.825,0.277,0.006,-0.000
-82.188,-1.002,0.062,-9.975,0.196,2.394,0.243,-0.007,-0.001
-81.824,-0.955,-0.077,-9.828,0.130,1.939,0.213,-0.010,-0.000
-81.647,-0.901,-0.201,-9.808,0.107,1.704,0.193,-0.015,-0.001
-81.647,-0.818,-0.308,-9.725,0.048,1.433,0.172,-0.009,-0.001
-81.939,-0.748,-0.401,-9.761,0.051,0.977,0.154,-0.004,-0.001
-82.999,-0.650,-0.481,-9.855,-0.008,-0.287,0.150,0.007,-0.001
-84.422,-0.555,-0.566,-9.889,-0.022,-1.040,0.160,-0.011,-0.000
-85.966,-0.457,-0.664,-9.832,-0.047,-1.468,0.177,-0.020,-0.001
-87.260,-0.369,-0.778,-9.830,-0.051,-1.332,0.196,-0.017,-0.001
-88.492,-0.301,-0.906,-9.796,-0.040,-1.456,0.215,-0.015,-0.003
-89.841,-0.223,-1.064,-9.844,-0.062,-1.695,0.239,-0.007,-0.003
-90.917,-0.149,-1.228,-9.881,-0.084,-1.677,0.265,-0.007,-0.004
-91.816,-0.096,-1.406,-9.963,-0.069,-1.593,0.285,-0.007,-0.005
-92.448,-0.095,-1.595,-9.886,-0.004,-1.307,0.303,-0.008,-0.007
-87.060,-0.203,-1.753,-8.907,0.284,13.236,0.227,0.029,-0.005
-83.057,-0.555,-1.821,-10.201,0.819,9.301,0.067,0.014,-0.000
-80.960,-0.736,-1.839,-9.861,0.419,4.905,-0.009,-0.007,0.001
-79.265,-0.841,-1.828,-9.742,0.305,4.520,-0.056,-0.041,0.003
-79.849,-0.736,-1.766,-9.467,-0.034,0.895,-0.086,0.005,0.001
-82.962,-0.441,-1.685,-9.732,-0.379,-3.479,-0.079,0.029,0.001
-85.886,-0.297,-1.645,-10.090,-0.174,-3.817,-0.034,0.017,0.000
-88.377,-0.155,-1.644,-9.901,-0.186,-3.428,0.015,-0.013,0.001
-89.865,-0.037,-1.678,-9.966,-0.145,-1.884,0.053,-0.029,0.001
-88.625,-0.083,-1.725,-9.372,0.076,1.915,0.072,-0.012,-0.001
-86.632,-0.137,-1.744,-9.926,0.105,3.531,0.025,0.038,-0.001
-86.704,-0.193,-1.747,-9.884,0.122,0.457,0.005,0.000,-0.000
-86.027,-0.246,-1.742,-9.861,0.117,1.665,-0.011,-0.021,0.001
-86.874,-0.174,-1.727,-9.656,-0.069,-0.622,-0.019,-0.011,0.001
-88.761,-0.059,-1.722,-9.852,-0.141,-2.257,-0.002,0.017,0.000
-89.359,-0.027,-1.734,-9.894,-0.039,-0.733,0.020,0.005,0.001
-88.629,-0.088,-1.743,-9.755,0.101,1.247,0.013,0.002,0.000
-88.184,-0.073,-1.742,-9.825,-0.010,1.008,-0.003,-0.005,0.001
-88.546,-0.047,-1.744,-9.820,-0.029,-0.247,0.004,-0.007,-0.000
-88.477,-0.070,-1.749,-9.784,0.041,0.347,0.007,-0.000,0.001
-88.563,-0.072,-1.747,-9.824,0.016,0.108,-0.004,0.007,0.000
-89.004,-0.037,-1.745,-9.865,-0.043,-0.444,-0.003,-0.001,0.000
-89.226,-0.020,-1.747,-9.785,-0.017,-0.144,0.004,-0.002,0.001
-89.582,-0.001,-1.752,-9.806,-0.026,-0.424,0.008,0.001,0.000
-89.762,-0.003,-1.757,-9.824,0.004,-0.212,0.008,0.003,0.000
-89.169,-0.041,-1.758,-9.846,0.065,1.064,0.002,0.002,-0.000
-88.947,-0.031,-1.755,-9.821,-0.008,0.488,-0.006,0.000,0.001
-89.289,-0.008,-1.753,-9.806,-0.031,-0.348,-0.002,-0.004,0.000
-89.782,0.024,-1.754,-9.817,-0.044,-0.579,0.001,-0.003,0.000
-90.239,0.053,-1.756,-9.808,-0.052,-0.748,0.003,0.000,0.001
-90.219,0.054,-1.761,-9.813,-0.011,-0.010,0.007,0.000,0.000
-89.598,0.020,-1.763,-9.808,0.044,0.931,0.004,0.002,0.000
-89.425,0.009,-1.762,-9.840,0.017,0.366,-0.001,0.001,0.000
-89.675,0.010,-1.762,-9.826,-0.003,-0.287,-0.001,-0.006,0.000
-89.856,0.016,-1.761,-9.798,-0.010,-0.221,-0.002,-0.004,0.001
-90.033,0.023,-1.760,-9.804,-0.014,-0.251,-0.002,-0.000,0.000
-89.920,0.032,-1.761,-9.814,-0.018,0.171,0.002,-0.000,0.000
-89.724,0.027,-1.762,-9.828,0.004,0.320,0.002,-0.001,0.001
-89.884,0.037,-1.761,-9.810,-0.022,-0.224,-0.001,-0.003,0.000
-90.155,0.046,-1.761,-9.805,-0.020,-0.398,0.000,-0.004,0.000
-90.129,0.047,-1.762,-9.792,-0.009,0.014,0.001,0.000,0.000
-89.997,0.042,-1.763,-9.817,-0.001,0.180,0.002,0.003,0.000
-89.870,0.032,-1.764,-9.836,0.011,0.220,0.003,-0.000,0.001
-89.750,0.011,-1.764,-9.820,0.028,0.214,-0.001,-0.005,0.001
-89.849,0.013,-1.761,-9.816,-0.004,-0.106,-0.005,-0.006,0.001
-90.021,0.035,-1.758,-9.811,-0.036,-0.238,-0.004,-0.004,0.000
-90.006,0.042,-1.759,-9.808,-0.017,0.020,0.000,0.000,0.000
-90.045,0.042,-1.759,-9.801,-0.007,-0.072,0.001,0.003,-0.000
-90.224,0.054,-1.761,-9.838,-0.027,-0.289,0.002,0.001,0.000
-90.167,0.040,-1.762,-9.809,0.013,0.053,0.003,-0.002,0.000
-90.020,0.030,-1.763,-9.814,0.010,0.225,0.001,-0.001,-0.000
-89.957,0.033,-1.763,-9.816,-0.009,0.095,0.000,-0.000,0.000
-89.897,0.031,-1.763,-9.818,-0.002,0.100,0.001,0.000,0.001
-89.958,0.012,-1.762,-9.762,0.025,-0.074,-0.001,-0.003,0.000
-89.937,0.021,-1.761,-9.801,-0.017,0.051,-0.003,-0.009,0.000
-89.836,0.013,-1.758,-9.801,0.010,0.174,-0.005,-0.006,0.001
-89.822,0.015,-1.755,-9.796,-0.004,0.053,-0.005,-0.004,0.001
-89.818,0.009,-1.753,-9.798,0.007,0.038,-0.003,-0.001,0.001
-89.910,0.029,-1.750,-9.747,-0.031,-0.111,-0.005,-0.001,0.000
-90.010,0.034,-1.748,-9.848,-0.014,-0.153,-0.004,-0.003,0.001
-90.030,0.033,-1.746,-9.757,-0.004,-0.028,-0.002,-0.004,0.000
-89.998,0.050,-1.746,-9.786,-0.031,0.045,-0.000,-0.001,0.000
-90.074,0.056,-1.747,-9.814,-0.018,-0.120,0.001,0.003,0.001
-90.232,0.058,-1.749,-9.823,-0.012,-0.262,0.003,0.002,0.000
-90.190,0.047,-1.751,-9.870,0.007,0.028,0.002,-0.001,0.001
-90.142,0.039,-1.751,-9.796,0.006,0.049,0.001,0.001,-0.000
-90.073,0.043,-1.753,-9.800,-0.013,0.081,0.003,0.002,0.000
-90.001,0.035,-1.755,-9.828,0.004,0.098,0.003,0.002,-0.001
-89.975,0.026,-1.756,-9.810,0.009,0.044,0.003,0.001,-0.000
-90.072,0.029,-1.757,-9.817,-0.009,-0.147,0.001,-0.001,0.000
-90.059,0.032,-1.758,-9.804,-0.010,0.008,0.002,-0.001,0.000
-89.980,0.025,-1.759,-9.799,0.006,0.114,0.002,-0.001,0.000
-90.026,0.022,-1.760,-9.810,0.000,-0.075,0.002,0.001,-0.000
-90.069,0.018,-1.762,-9.822,0.003,-0.072,0.003,0.001,0.001
-90.072,0.019,-1.764,-9.817,-0.004,-0.017,0.002,0.000,0.000
-90.077,0.020,-1.765,-9.810,-0.005,-0.020,0.002,-0.000,0.000
-90.020,0.024,-1.766,-9.802,-0.009,0.075,0.001,0.000,0.000
-89.985,0.015,-1.767,-9.824,0.010,0.050,0.002,0.001,0.001
-90.011,0.018,-1.768,-9.811,-0.005,-0.042,0.002,0.000,0.001
-90.037,0.015,-1.769,-9.814,0.002,-0.042,0.002,0.000,0.000
-90.032,0.014,-1.769,-9.822,0.000,0.002,0.001,-0.000,0.001
-90.036,0.015,-1.771,-9.811,-0.005,-0.013,0.002,-0.000,0.000
-90.046,0.015,-1.772,-9.810,-0.002,-0.021,0.003,-0.000,0.000
-90.041,0.015,-1.774,-9.820,-0.002,-0.002,0.003,0.001,0.001
-90.041,0.013,-1.775,-9.825,0.002,-0.008,0.002,0.001,0.001
-90.020,0.017,-1.777,-9.816,-0.009,0.029,0.003,-0.000,-0.000
-90.002,0.015,-1.778,-9.813,-0.001,0.025,0.002,0.000,-0.000
-89.997,0.017,-1.779,-9.814,-0.005,0.006,0.002,0.001,0.000
-90.011,0.027,-1.781,-9.816,-0.019,-0.022,0.002,-0.000,0.000
-90.012,0.032,-1.783,-9.827,-0.012,-0.002,0.003,-0.001,0.000
-90.011,0.028,-1.784,-9.811,0.001,0.001,0.003,-0.001,0.001
-90.016,0.031,-1.786,-9.802,-0.008,-0.010,0.002,0.000,0.001
-90.009,0.029,-1.787,-9.801,-0.003,0.008,0.002,0.000,0.000
-89.997,0.029,-1.789,-9.801,-0.004,0.019,0.002,0.000,-0.000
-89.987,0.027,-1.790,-9.819,-0.002,0.016,0.002,-0.000,-0.001
-89.969,0.022,-1.791,-9.814,0.004,0.031,0.002,-0.000,0.000
-89.976,0.016,-1.792,-9.819,0.005,-0.005,0.001,-0.000,0.000
-89.988,0.016,-1.793,-9.816,-0.002,-0.016,0.002,0.000,0.001
-89.984,0.019,-1.794,-9.806,-0.007,0.007,0.002,0.001,0.001
-89.984,0.023,-1.794,-9.813,-0.010,0.002,0.001,0.001,0.000
-89.997,0.030,-1.796,-9.819,-0.015,-0.020,0.003,0.001,-0.000
-89.996,0.030,-1.798,-9.819,-0.004,0.002,0.003,-0.000,0.001
-89.995,0.028,-1.799,-9.822,-0.001,0.002,0.002,0.000,0.001
-89.983,0.032,-1.801,-9.817,-0.010,0.019,0.002,0.000,0.001
-89.952,0.028,-1.802,-9.820,0.001,0.056,0.003,0.001,0.000
-89.944,0.025,-1.803,-9.814,-0.001,0.020,0.002,0.001,-0.001
-89.962,0.022,-1.804,-9.807,0.001,-0.019,0.002,0.000,-0.000
-89.969,0.018,-1.805,-9.812,0.002,-0.005,0.002,0.000,0.000
-89.984,0.019,-1.807,-9.807,-0.005,-0.019,0.003,0.000,0.000
-89.985,0.020,-1.809,-9.804,-0.003,0.001,0.003,0.001,0.001
-89.977,0.014,-1.810,-9.813,0.006,0.016,0.003,0.001,0.000
-89.986,0.015,-1.812,-9.817,-0.003,-0.012,0.002,0.001,0.001
-89.985,0.017,-1.813,-9.815,-0.005,0.004,0.003,0.000,0.001
-89.968,0.011,-1.815,-9.817,0.008,0.032,0.003,0.000,0.001
-89.971,0.011,-1.817,-9.812,-0.001,0.001,0.002,0.000,0.001
-89.971,0.009,-1.818,-9.804,0.002,0.005,0.002,0.000,0.001
-89.979,0.010,-1.819,-9.806,-0.002,-0.008,0.002,0.000,0.001
-89.983,0.010,-1.820,-9.811,-0.001,-0.004,0.002,0.001,0.000
-89.966,0.012,-1.822,-9.816,-0.005,0.032,0.002,0.001,0.000
-89.961,0.021,-1.823,-9.817,-0.016,0.013,0.002,0.000,0.001
-89.965,0.028,-1.825,-9.814,-0.014,0.001,0.002,0.000,0.001
-89.958,0.033,-1.825,-9.815,-0.013,0.017,0.001,0.001,0.001
-89.964,0.036,-1.827,-9.824,-0.010,-0.004,0.002,0.001,0.001
-89.970,0.031,-1.828,-9.813,0.003,-0.004,0.002,0.000,0.001
-89.967,0.025,-1.829,-9.818,0.005,0.011,0.002,0.000,0.001
-89.968,0.019,-1.831,-9.821,0.005,0.003,0.003,0.000,-0.000
-89.972,0.019,-1.832,-9.809,-0.003,0.000,0.002,0.000,0.000
-89.973,0.019,-1.833,-9.814,-0.004,0.003,0.002,0.000,0.001
-89.965,0.024,-1.834,-9.809,-0.010,0.017,0.002,0.000,-0.000
-89.952,0.029,-1.835,-9.822,-0.013,0.026,0.002,0.000,0.000
-89.950,0.030,-1.837,-9.813,-0.006,0.012,0.003,0.000,0.000
-89.952,0.034,-1.838,-9.820,-0.010,0.005,0.003,0.000,0.001
-89.950,0.030,-1.840,-9.817,-0.001,0.012,0.002,0.000,0.000
-89.953,0.034,-1.841,-9.818,-0.011,0.003,0.002,-0.000,-0.000
-89.950,0.031,-1.843,-9.820,-0.001,0.013,0.003,-0.001,-0.000
-89.952,0.021,-1.844,-9.816,0.010,0.005,0.003,0.001,0.000
-89.954,0.022,-1.846,-9.823,-0.004,0.004,0.003,0.000,0.000
-89.957,0.021,-1.847,-9.823,-0.003,0.004,0.002,-0.000,0.001
-89.963,0.022,-1.849,-9.811,-0.005,-0.001,0.002,-0.000,0.000
-89.960,0.020,-1.850,-9.820,-0.001,0.011,0.002,0.000,0.000
-89.963,0.023,-1.851,-9.819,-0.007,0.000,0.002,0.000,0.001
-89.969,0.029,-1.852,-9.820,-0.013,-0.003,0.002,0.000,0.001
-89.964,0.031,-1.854,-9.822,-0.008,0.013,0.002,0.000,0.000
-89.961,0.031,-1.855,-9.819,-0.004,0.011,0.003,-0.000,0.001
-89.962,0.030,-1.857,-9.817,-0.004,0.005,0.002,0.000,0.000
-89.955,0.034,-1.858,-9.810,-0.012,0.018,0.003,0.000,-0.000
-89.953,0.036,-1.860,-9.810,-0.008,0.010,0.003,-0.000,0.001
-89.957,0.043,-1.861,-9.810,-0.016,0.002,0.002,0.000,0.000
-89.960,0.043,-1.863,-9.818,-0.007,0.003,0.003,-0.000,0.000
-89.961,0.040,-1.865,-9.804,-0.004,0.006,0.003,-0.001,-0.000
-89.962,0.033,-1.866,-9.816,0.006,0.005,0.002,0.001,0.001
-89.955,0.029,-1.868,-9.823,0.001,0.017,0.002,0.000,0.001
-89.958,0.025,-1.869,-9.814,0.002,0.002,0.003,0.001,0.000
-89.963,0.028,-1.870,-9.820,-0.009,-0.001,0.002,-0.000,0.000
-89.975,0.020,-1.871,-9.815,0.007,-0.012,0.002,0.000,0.000
-89.970,0.024,-1.872,-9.813,-0.008,0.011,0.002,0.000,0.001
-89.957,0.025,-1.874,-9.808,-0.005,0.026,0.002,-0.000,0.000
-89.962,0.028,-1.875,-9.816,-0.010,0.000,0.002,0.000,0.000
-89.967,0.030,-1.876,-9.809,-0.008,-0.002,0.003,0.000,0.000
-89.960,0.034,-1.878,-9.820,-0.011,0.018,0.002,-0.000,0.001
-89.966,0.034,-1.879,-9.817,-0.005,-0.002,0.003,0.000,0.000
-89.966,0.035,-1.881,-9.810,-0.009,0.006,0.002,0.000,-0.001
-89.961,0.033,-1.882,-9.807,-0.002,0.014,0.002,0.000,0.000
-89.965,0.027,-1.883,-9.809,0.004,0.001,0.002,0.001,0.000
-89.967,0.032,-1.885,-9.811,-0.013,0.003,0.003,-0.000,0.000
-89.972,0.032,-1.887,-9.816,-0.004,-0.003,0.003,0.000,0.000
-89.970,0.033,-1.888,-9.818,-0.007,0.008,0.002,0.000,0.001
-89.963,0.033,-1.889,-9.825,-0.005,0.016,0.002,-0.001,0.000
-89.964,0.033,-1.890,-9.819,-0.006,0.007,0.002,-0.001,0.000
-89.964,0.032,-1.892,-9.812,-0.004,0.007,0.003,-0.001,0.000
-89.954,0.034,-1.893,-9.816,-0.008,0.020,0.002,0.001,0.000
-89.951,0.042,-1.894,-9.819,-0.017,0.014,0.001,0.000,0.001
-89.957,0.041,-1.896,-9.818,-0.005,-0.002,0.002,0.000,-0.000
-89.956,0.039,-1.897,-9.810,-0.005,0.009,0.002,0.000,0.000
-89.957,0.039,-1.898,-9.812,-0.007,0.005,0.002,0.001,0.000
-89.958,0.036,-1.899,-9.813,-0.001,0.006,0.002,0.001,-0.000
-89.945,0.029,-1.901,-9.816,0.004,0.027,0.003,-0.001,0.000
-89.938,0.024,-1.903,-9.813,0.003,0.022,0.003,0.000,0.000
-89.942,0.027,-1.904,-9.814,-0.008,0.003,0.002,-0.001,0.001
-89.946,0.028,-1.906,-9.818,-0.007,0.004,0.002,-0.001,0.000
-89.945,0.028,-1.907,-9.817,-0.005,0.011,0.003,0.000,0.000
-89.946,0.030,-1.909,-9.820,-0.007,0.008,0.003,0.001,0.000
-89.940,0.025,-1.911,-9.819,0.002,0.017,0.003,0.002,0.000
-89.946,0.023,-1.912,-9.814,0.000,0.000,0.002,-0.000,0.000
-89.948,0.028,-1.913,-9.810,-0.013,0.007,0.002,-0.000,0.001
-89.943,0.031,-1.915,-9.818,-0.008,0.016,0.003,0.000,0.001
-89.939,0.029,-1.917,-9.820,-0.002,0.016,0.003,0.000,0.001
-89.938,0.030,-1.918,-9.808,-0.007,0.012,0.003,0.001,0.001
-89.940,0.033,-1.920,-9.813,-0.009,0.007,0.003,0.000,0.001
-89.948,0.038,-1.921,-9.825,-0.012,-0.002,0.001,0.000,0.001
-89.944,0.038,-1.922,-9.816,-0.006,0.016,0.002,0.000,0.000
-89.934,0.034,-1.923,-9.805,-0.002,0.025,0.002,0.000,-0.000
-89.930,0.030,-1.925,-9.823,0.001,0.017,0.002,0.001,-0.000
-89.931,0.029,-1.926,-9.835,-0.004,0.010,0.003,0.001,0.000
-89.939,0.028,-1.928,-9.808,-0.003,0.000,0.003,-0.000,0.000
-89.940,0.031,-1.929,-9.811,-0.008,0.007,0.002,0.001,0.001
-89.936,0.030,-1.931,-9.814,-0.003,0.016,0.002,0.000,0.000
-89.933,0.029,-1.932,-9.817,-0.003,0.016,0.002,0.001,0.000
-89.934,0.022,-1.934,-9.814,0.005,0.008,0.003,0.001,0.000
-89.933,0.028,-1.935,-9.823,-0.014,0.014,0.002,0.000,0.000
-89.936,0.027,-1.936,-9.823,-0.004,0.007,0.002,0.000,-0.000
-89.938,0.028,-1.938,-9.826,-0.006,0.006,0.002,0.001,0.000
-89.942,0.023,-1.939,-9.816,0.004,0.004,0.003,0.001,0.000
-89.947,0.022,-1.941,-9.813,-0.002,0.001,0.003,0.000,0.000
-89.941,0.025,-1.943,-9.820,-0.008,0.019,0.003,-0.000,0.000
-89.942,0.025,-1.945,-9.817,-0.004,0.008,0.003,0.000,0.000
-89.942,0.017,-1.946,-9.809,0.008,0.010,0.002,0.000,0.000
-89.945,0.015,-1.947,-9.816,0.001,0.005,0.003,0.000,0.000
-89.943,0.016,-1.949,-9.818,-0.003,0.013,0.002,0.000,0.000
-89.940,0.007,-1.950,-9.812,0.011,0.014,0.002,0.000,0.000
-89.939,0.004,-1.951,-9.832,0.006,0.012,0.002,0.001,0.002
-89.945,0.001,-1.953,-9.818,0.005,0.001,0.003,-0.000,0.000
-89.947,-0.002,-1.954,-9.805,0.004,0.007,0.002,-0.000,0.000
-89.949,0.003,-1.956,-9.806,-0.007,0.006,0.002,0.000,0.000
-89.948,0.005,-1.957,-9.816,-0.004,0.010,0.002,0.001,0.000
-89.941,0.007,-1.959,-9.820,-0.004,0.020,0.003,0.001,0.001
-89.937,0.006,-1.960,-9.809,0.001,0.016,0.003,0.000,0.000
-89.937,0.006,-1.962,-9.815,-0.001,0.011,0.003,-0.000,0.000
-89.942,0.007,-1.963,-9.814,-0.002,0.003,0.002,-0.000,0.001
-89.945,0.006,-1.965,-9.819,0.001,0.005,0.002,0.000,0.000
-89.946,0.012,-1.966,-9.820,-0.009,0.008,0.003,0.000,0.001
-89.943,0.012,-1.967,-9.814,-0.001,0.013,0.002,0.001,0.001
-89.941,0.007,-1.968,-9.817,0.005,0.013,0.002,-0.000,-0.000
-89.936,0.003,-1.970,-9.819,0.005,0.019,0.002,-0.000,0.001
-89.937,0.004,-1.971,-9.819,-0.002,0.011,0.003,-0.000,0.000
-89.941,0.009,-1.972,-9.816,-0.009,0.004,0.002,-0.001,-0.000
-89.947,0.018,-1.974,-9.808,-0.014,0.001,0.002,-0.000,0.001
-89.950,0.026,-1.975,-9.811,-0.014,0.005,0.003,0.000,0.001
-89.949,0.033,-1.977,-9.799,-0.016,0.010,0.002,0.000,0.001
-89.944,0.039,-1.978,-9.810,-0.014,0.016,0.002,0.001,0.000
-89.946,0.034,-1.979,-9.811,0.001,0.005,0.002,0.000,0.001
-89.944,0.034,-1.981,-9.813,-0.005,0.014,0.003,-0.000,-0.000
-89.944,0.038,-1.982,-9.816,-0.012,0.009,0.002,0.000,0.000
-89.947,0.042,-1.983,-9.816,-0.013,0.004,0.001,0.000,-0.000
-89.942,0.037,-1.984,-9.823,0.001,0.018,0.002,0.000,0.000
-89.943,0.034,-1.985,-9.816,-0.001,0.009,0.002,-0.001,0.000
-89.944,0.033,-1.987,-9.818,-0.004,0.008,0.002,-0.000,0.000
-89.943,0.029,-1.988,-9.827,0.001,0.012,0.002,-0.001,0.000
-89.940,0.036,-1.990,-9.825,-0.016,0.014,0.003,0.000,0.000
-89.940,0.037,-1.992,-9.821,-0.009,0.010,0.003,0.000,-0.000
-89.938,0.041,-1.993,-9.820,-0.013,0.014,0.002,0.000,0.000
-89.932,0.048,-1.995,-9.813,-0.017,0.019,0.002,0.000,0.001
-89.933,0.041,-1.996,-9.822,0.002,0.011,0.002,0.000,0.001
-89.938,0.037,-1.997,-9.811,0.000,0.004,0.002,-0.000,0.000
-89.940,0.038,-1.998,-9.811,-0.007,0.007,0.002,0.001,0.000
-89.941,0.036,-2.000,-9.812,-0.002,0.007,0.003,0.000,0.000
-89.942,0.034,-2.001,-9.809,-0.003,0.009,0.002,0.000,0.001
-89.938,0.026,-2.002,-9.807,0.007,0.016,0.002,0.000,0.000
-89.940,0.028,-2.004,-9.822,-0.009,0.008,0.003,-0.000,-0.001
-89.936,0.025,-2.005,-9.819,-0.001,0.016,0.003,0.001,0.000
-89.931,0.022,-2.007,-9.816,0.001,0.019,0.002,-0.000,0.001
-89.930,0.024,-2.008,-9.820,-0.005,0.013,0.002,0.001,0.001
-89.935,0.031,-2.009,-9.821,-0.015,0.004,0.002,0.000,0.000
-89.939,0.030,-2.011,-9.810,-0.003,0.004,0.002,0.001,0.000
-89.943,0.027,-2.012,-9.816,-0.001,0.004,0.002,-0.000,0.000
-89.948,0.027,-2.013,-9.817,-0.003,0.002,0.002,0.000,0.001
-89.948,0.025,-2.015,-9.820,-0.002,0.008,0.002,0.000,0.001
-89.942,0.026,-2.016,-9.815,-0.005,0.019,0.002,0.000,0.001
-89.940,0.028,-2.017,-9.813,-0.006,0.014,0.002,0.000,0.001
-89.939,0.031,-2.019,-9.813,-0.010,0.011,0.002,-0.000,-0.000
-89.940,0.033,-2.020,-9.819,-0.008,0.010,0.003,-0.000,0.000
-89.935,0.030,-2.021,-9.812,-0.001,0.017,0.002,0.001,0.000
-89.937,0.028,-2.023,-9.816,-0.001,0.008,0.003,0.000,0.001
-89.937,0.023,-2.025,-9.804,0.003,0.011,0.002,0.000,0.001
-89.931,0.025,-2.026,-9.814,-0.007,0.021,0.002,-0.000,0.001
-89.925,0.024,-2.028,-9.820,-0.002,0.023,0.002,-0.001,0.000
-89.924,0.019,-2.029,-9.814,0.004,0.014,0.002,0.000,0.000
-89.930,0.019,-2.030,-9.816,-0.003,0.002,0.003,-0.000,-0.000
-89.934,0.015,-2.032,-9.808,0.003,0.007,0.002,0.000,0.000
-89.938,0.011,-2.033,-9.813,0.003,0.005,0.002,-0.000,-0.000
-89.934,0.008,-2.034,-9.814,0.004,0.017,0.002,0.000,0.000
-89.933,0.010,-2.036,-9.814,-0.004,0.013,0.003,0.000,0.001
-89.943,0.008,-2.037,-9.811,0.001,-0.007,0.003,0.000,-0.000
-89.943,0.013,-2.039,-9.828,-0.008,0.010,0.003,-0.000,0.001
-89.939,0.018,-2.040,-9.822,-0.008,0.016,0.002,0.000,0.000
-89.943,0.018,-2.041,-9.824,-0.004,0.005,0.002,-0.000,0.000
-89.946,0.013,-2.043,-9.808,0.005,0.005,0.002,-0.000,0.001
-89.944,0.016,-2.044,-9.814,-0.005,0.013,0.002,-0.000,0.001
-89.941,0.019,-2.045,-9.813,-0.008,0.013,0.002,0.001,0.001
-89.938,0.020,-2.046,-9.806,-0.005,0.016,0.002,0.001,0.000
-89.934,0.028,-2.048,-9.818,-0.015,0.017,0.002,0.000,0.001
-89.941,0.028,-2.049,-9.817,-0.004,0.001,0.002,-0.001,0.001
-89.943,0.031,-2.050,-9.818,-0.010,0.005,0.003,0.000,0.000
-89.939,0.029,-2.052,-9.810,-0.002,0.016,0.003,0.001,0.000
-89.942,0.030,-2.053,-9.817,-0.005,0.007,0.002,0.000,0.001
-89.936,0.033,-2.055,-9.808,-0.011,0.019,0.002,0.000,0.000
-89.936,0.036,-2.056,-9.809,-0.009,0.012,0.002,-0.000,0.001
-89.944,0.040,-2.057,-9.810,-0.012,-0.003,0.002,0.001,-0.000
-89.945,0.046,-2.059,-9.815,-0.017,0.009,0.002,-0.000,0.000
-89.946,0.044,-2.060,-9.824,-0.006,0.007,0.002,0.000,-0.001
-89.956,0.050,-2.061,-9.811,-0.016,-0.005,0.002,0.000,0.000
-89.953,0.044,-2.063,-9.812,0.001,0.012,0.002,-0.000,-0.000
-89.952,0.040,-2.064,-9.817,-0.001,0.010,0.002,0.000,-0.001
-89.949,0.039,-2.065,-9.819,-0.005,0.014,0.002,0.000,0.000
-89.953,0.037,-2.066,-9.819,-0.004,0.001,0.002,0.001,0.000
-89.956,0.032,-2.067,-9.823,0.003,0.004,0.002,-0.000,0.001
-89.960,0.026,-2.068,-9.808,0.004,0.001,0.002,0.000,0.000
-89.961,0.027,-2.069,-9.813,-0.005,0.007,0.002,-0.001,-0.000
-89.960,0.018,-2.070,-9.811,0.010,0.008,0.002,-0.001,-0.000
-89.956,0.017,-2.071,-9.804,-0.002,0.014,0.002,0.000,0.000
-89.957,0.020,-2.073,-9.805,-0.007,0.006,0.002,-0.000,0.000
-89.957,0.021,-2.074,-9.817,-0.005,0.008,0.002,-0.000,0.000
-89.952,0.026,-2.076,-9.812,-0.012,0.015,0.003,0.001,0.000
-89.948,0.021,-2.077,-9.819,0.003,0.013,0.002,0.001,-0.000
-89.949,0.022,-2.078,-9.806,-0.006,0.008,0.002,0.000,-0.000
-89.948,0.023,-2.080,-9.805,-0.004,0.009,0.002,0.000,0.000
-89.951,0.025,-2.081,-9.815,-0.008,0.004,0.002,0.000,-0.001
-89.953,0.024,-2.082,-9.814,-0.002,0.006,0.001,0.000,0.000
-89.952,0.021,-2.082,-9.813,0.001,0.009,0.001,-0.000,0.000
-89.948,0.023,-2.084,-9.802,-0.006,0.015,0.002,-0.000,0.000
-89.945,0.024,-2.085,-9.804,-0.005,0.013,0.003,0.000,0.001
-89.950,0.024,-2.087,-9.817,-0.005,0.001,0.003,0.000,-0.001
-89.950,0.022,-2.088,-9.802,-0.001,0.009,0.002,0.000,-0.000
-89.955,0.023,-2.090,-9.809,-0.005,0.001,0.002,-0.000,0.000
-89.969,0.024,-2.091,-9.808,-0.005,-0.015,0.002,0.000,0.000
-89.970,0.023,-2.092,-9.813,-0.002,0.004,0.002,-0.001,0.001
-89.968,0.022,-2.093,-9.812,-0.002,0.008,0.003,0.001,0.000
-89.965,0.020,-2.095,-9.818,-0.001,0.010,0.003,-0.000,-0.000
-89.966,0.018,-2.097,-9.815,0.000,0.005,0.002,-0.000,0.000
-89.977,0.018,-2.098,-9.810,-0.002,-0.014,0.002,0.000,0.000
-89.973,0.024,-2.099,-9.816,-0.011,0.010,0.003,0.001,0.001
-89.966,0.025,-2.101,-9.817,-0.005,0.016,0.002,0.000,0.001
-89.961,0.021,-2.102,-9.815,0.002,0.014,0.002,0.000,0.000
-89.959,0.022,-2.103,-9.819,-0.004,0.009,0.002,0.001,0.000
-89.962,0.021,-2.104,-9.823,-0.002,0.002,0.002,0.001,0.001
-89.963,0.020,-2.105,-9.815,-0.001,0.003,0.002,0.001,0.001
-89.957,0.025,-2.107,-9.814,-0.010,0.016,0.002,0.001,0.001
-89.958,0.028,-2.108,-9.810,-0.010,0.004,0.002,0.000,0.000
-89.958,0.026,-2.109,-9.815,-0.001,0.008,0.002,-0.000,0.001
-89.959,0.025,-2.111,-9.819,-0.002,0.004,0.003,0.001,0.001
-89.958,0.023,-2.112,-9.816,-0.001,0.009,0.002,0.001,0.000
-89.960,0.025,-2.114,-9.808,-0.007,0.004,0.003,0.000,0.000
-89.967,0.030,-2.116,-9.808,-0.011,-0.005,0.003,0.001,0.000
-89.965,0.030,-2.118,-9.827,-0.006,0.008,0.003,0.001,-0.000
-89.963,0.033,-2.120,-9.823,-0.010,0.008,0.002,0.001,0.000
-89.965,0.034,-2.121,-9.813,-0.007,0.002,0.002,0.001,0.000
-89.959,0.030,-2.122,-9.804,0.002,0.016,0.002,0.000,0.001
-89.958,0.029,-2.124,-9.816,-0.002,0.008,0.002,0.000,0.001
-89.954,0.032,-2.125,-9.820,-0.010,0.014,0.003,0.000,0.001
-89.952,0.035,-2.127,-9.814,-0.008,0.011,0.003,-0.000,0.001
-89.963,0.036,-2.129,-9.814,-0.007,-0.007,0.003,-0.001,0.001
-89.958,0.034,-2.131,-9.811,-0.004,0.013,0.003,0.001,0.000
-89.957,0.035,-2.132,-9.811,-0.007,0.008,0.002,-0.000,0.001
-89.953,0.034,-2.134,-9.813,-0.002,0.014,0.003,0.001,0.001
-89.947,0.030,-2.135,-9.816,0.001,0.018,0.003,-0.000,0.001
-89.947,0.033,-2.137,-9.820,-0.010,0.009,0.003,0.000,0.000
-89.952,0.029,-2.138,-9.816,0.001,0.000,0.001,0.001,0.001
-89.956,0.016,-2.139,-9.823,0.015,0.002,0.002,0.000,0.001
-89.954,0.015,-2.140,-9.811,-0.001,0.011,0.001,0.001,-0.000
-89.944,0.017,-2.141,-9.805,-0.005,0.023,0.002,0.000,0.001
-89.940,0.022,-2.142,-9.804,-0.010,0.014,0.002,0.001,0.001
-89.941,0.020,-2.144,-9.815,0.001,0.008,0.002,0.000,0.001
-89.943,0.022,-2.145,-9.811,-0.006,0.007,0.002,0.001,0.001
-89.941,0.016,-2.146,-9.818,0.007,0.012,0.002,0.001,-0.001
-89.940,0.015,-2.148,-9.823,-0.002,0.011,0.002,0.001,0.000
-89.938,0.014,-2.149,-9.810,-0.001,0.013,0.002,0.000,-0.000
-89.946,0.014,-2.150,-9.816,-0.003,-0.004,0.002,0.000,-0.000
-89.949,0.012,-2.151,-9.810,0.001,0.004,0.001,0.000,0.000
-89.951,0.012,-2.152,-9.807,-0.003,0.005,0.002,0.001,0.000
-89.946,0.010,-2.153,-9.813,0.002,0.016,0.002,0.000,-0.001
-89.949,0.005,-2.155,-9.813,0.005,0.004,0.002,0.000,-0.000
-89.954,0.006,-2.156,-9.810,-0.002,0.001,0.002,0.000,0.000
-89.953,0.003,-2.157,-9.816,0.004,0.010,0.002,0.000,0.000
-89.953,0.009,-2.158,-9.813,-0.009,0.008,0.003,0.000,0.001
-89.948,0.012,-2.160,-9.811,-0.005,0.016,0.002,-0.000,0.001
-89.944,0.014,-2.161,-9.828,-0.005,0.016,0.002,0.000,0.001
-89.944,0.016,-2.162,-9.816,-0.005,0.010,0.002,0.000,0.000
-89.950,0.023,-2.164,-9.813,-0.013,0.000,0.003,-0.001,0.000
-89.954,0.026,-2.165,-9.810,-0.010,0.002,0.002,0.000,-0.000
-89.957,0.023,-2.166,-9.810,0.000,0.003,0.002,0.000,-0.000
-89.954,0.019,-2.167,-9.814,0.003,0.012,0.002,-0.001,0.000
-89.952,0.021,-2.168,-9.820,-0.007,0.013,0.002,-0.001,0.000
-89.949,0.022,-2.170,-9.822,-0.006,0.013,0.003,-0.000,-0.000
-89.946,0.022,-2.172,-9.814,-0.002,0.012,0.002,0.001,0.001
-89.950,0.016,-2.173,-9.824,0.005,0.003,0.002,0.001,0.000
-89.955,0.020,-2.174,-9.814,-0.010,-0.001,0.002,0.001,-0.000
-89.950,0.029,-2.176,-9.819,-0.016,0.017,0.002,0.000,0.001
-89.953,0.033,-2.177,-9.821,-0.011,0.004,0.003,-0.000,0.000
-89.950,0.033,-2.179,-9.805,-0.005,0.012,0.003,0.000,0.001
-89.948,0.029,-2.180,-9.816,0.001,0.012,0.002,0.001,0.000
-89.949,0.029,-2.181,-9.816,-0.005,0.007,0.002,0.000,0.000
-89.945,0.029,-2.182,-9.808,-0.004,0.016,0.002,0.000,0.000
-89.941,0.029,-2.184,-9.813,-0.005,0.015,0.002,-0.000,0.000
-89.944,0.025,-2.186,-9.807,0.002,0.006,0.003,-0.000,0.001
-89.941,0.024,-2.187,-9.816,-0.002,0.016,0.002,0.000,0.001
-89.943,0.016,-2.189,-9.820,0.008,0.006,0.002,0.001,0.000
-89.941,0.016,-2.189,-9.815,-0.002,0.013,0.001,0.000,-0.000
-89.933,0.017,-2.191,-9.826,-0.005,0.023,0.003,-0.000,0.000
-89.927,0.017,-2.192,-9.821,-0.003,0.020,0.002,-0.001,0.000
-89.926,0.018,-2.193,-9.820,-0.002,0.014,0.002,0.000,0.001
-89.929,0.013,-2.195,-9.816,0.005,0.008,0.003,0.000,0.000
-89.928,0.011,-2.197,-9.814,0.001,0.014,0.003,-0.000,0.001
-89.927,0.008,-2.198,-9.817,0.004,0.014,0.002,-0.000,0.001
-89.931,0.010,-2.199,-9.807,-0.004,0.007,0.002,0.000,0.000
-89.930,0.012,-2.200,-9.804,-0.004,0.013,0.002,0.000,0.000
-89.932,0.015,-2.201,-9.811,-0.007,0.008,0.002,0.000,0.000
-89.937,0.017,-2.202,-9.804,-0.006,0.004,0.002,0.001,-0.000
-89.936,0.015,-2.204,-9.830,0.000,0.011,0.002,0.001,0.000
-89.940,0.017,-2.205,-9.822,-0.006,0.005,0.003,0.000,-0.000
-89.937,0.018,-2.207,-9.822,-0.004,0.014,0.003,0.000,0.000
-89.933,0.019,-2.209,-9.815,-0.004,0.017,0.003,0.000,0.001
-89.940,0.020,-2.211,-9.819,-0.005,0.001,0.003,0.000,0.001
-89.941,0.017,-2.212,-9.817,0.003,0.008,0.003,0.001,0.001
-89.942,0.016,-2.214,-9.814,-0.002,0.007,0.002,0.001,0.000
-89.944,0.018,-2.215,-9.815,-0.005,0.006,0.003,0.000,0.001
-89.935,0.017,-2.217,-9.816,-0.001,0.024,0.003,-0.000,0.001
-89.935,0.015,-2.218,-9.824,0.001,0.010,0.002,0.001,0.000
-89.940,0.014,-2.220,-9.819,-0.002,0.003,0.003,0.001,0.000
-89.931,0.011,-2.221,-9.809,0.004,0.023,0.002,-0.000,0.000
-89.928,0.010,-2.223,-9.819,-0.001,0.017,0.002,0.000,0.000
-89.928,0.006,-2.224,-9.811,0.005,0.013,0.002,-0.000,0.000
-89.927,0.006,-2.225,-9.822,-0.002,0.014,0.002,0.000,-0.000
-89.934,0.011,-2.227,-9.818,-0.008,-0.001,0.002,0.000,0.000
-89.934,0.010,-2.228,-9.808,-0.001,0.013,0.002,0.000,-0.000
-89.931,0.012,-2.229,-9.819,-0.004,0.016,0.002,0.000,0.000
-89.934,0.020,-2.231,-9.808,-0.015,0.007,0.003,0.001,0.001
-89.927,0.022,-2.232,-9.810,-0.005,0.024,0.003,-0.000,0.000
-89.928,0.027,-2.234,-9.817,-0.011,0.010,0.002,0.001,0.000
-89.931,0.033,-2.235,-9.823,-0.014,0.007,0.002,0.001,0.001
-89.938,0.036,-2.237,-9.816,-0.010,-0.001,0.002,0.000,0.000
-89.940,0.038,-2.237,-9.820,-0.008,0.007,0.001,0.001,0.001
-89.944,0.037,-2.239,-9.810,-0.005,0.004,0.002,0.001,0.001
-89.945,0.030,-2.241,-9.819,0.006,0.008,0.003,0.000,0.000
-89.942,0.030,-2.242,-9.817,-0.004,0.014,0.002,-0.000,0.000
-89.941,0.029,-2.243,-9.816,-0.004,0.011,0.002,-0.000,0.001
-89.946,0.029,-2.244,-9.810,-0.004,0.001,0.001,0.001,0.001
-89.946,0.025,-2.245,-9.820,0.002,0.010,0.001,-0.001,0.001
-89.952,0.021,-2.246,-9.814,0.003,0.001,0.002,-0.001,0.000
-89.949,0.020,-2.247,-9.819,-0.002,0.014,0.001,-0.000,0.001
-89.946,0.022,-2.248,-9.823,-0.005,0.013,0.002,0.000,0.000
-89.946,0.028,-2.249,-9.811,-0.013,0.010,0.002,-0.000,0.001
-89.947,0.036,-2.251,-9.814,-0.018,0.007,0.003,0.000,0.001
-89.943,0.040,-2.253,-9.814,-0.013,0.015,0.003,0.001,0.000
-89.947,0.038,-2.255,-9.817,-0.004,0.004,0.003,0.000,0.000
-89.948,0.039,-2.257,-9.810,-0.009,0.006,0.003,0.001,-0.000
-89.947,0.043,-2.258,-9.816,-0.011,0.010,0.003,0.000,0.000
-89.944,0.043,-2.260,-9.807,-0.007,0.013,0.002,-0.000,0.001
-89.941,0.044,-2.261,-9.810,-0.009,0.016,0.002,-0.000,0.000
-89.943,0.044,-2.262,-9.817,-0.007,0.005,0.002,0.000,0.000
-89.951,0.042,-2.263,-9.818,-0.004,-0.001,0.001,-0.000,0.000
-89.951,0.040,-2.264,-9.818,-0.005,0.007,0.002,0.000,0.000
-89.943,0.035,-2.265,-9.818,0.003,0.022,0.002,0.001,0.000
-89.934,0.030,-2.267,-9.817,0.002,0.023,0.002,0.001,0.001
-89.935,0.031,-2.268,-9.819,-0.007,0.010,0.002,0.000,-0.000
-89.934,0.031,-2.269,-9.819,-0.005,0.013,0.002,0.000,0.000
-89.939,0.033,-2.271,-9.818,-0.008,0.004,0.003,0.000,0.001
-89.940,0.033,-2.273,-9.808,-0.006,0.009,0.002,-0.001,0.000
-89.940,0.030,-2.274,-9.813,0.000,0.010,0.003,0.000,0.000
-89.940,0.021,-2.276,-9.814,0.007,0.010,0.003,0.001,-0.000
-89.945,0.017,-2.278,-9.805,0.003,0.002,0.003,0.001,-0.000
-89.948,0.026,-2.279,-9.816,-0.016,0.004,0.002,0.000,0.001
-89.950,0.023,-2.280,-9.817,0.001,0.005,0.002,0.000,0.000
-89.948,0.021,-2.282,-9.812,-0.001,0.012,0.002,0.000,0.000
-89.946,0.021,-2.284,-9.813,-0.004,0.013,0.003,0.000,0.000
-89.949,0.021,-2.286,-9.808,-0.004,0.003,0.003,0.001,0.000
-89.948,0.018,-2.288,-9.820,0.002,0.009,0.004,0.000,0.000
-89.952,0.018,-2.289,-9.819,-0.003,0.003,0.002,-0.001,0.001
-89.956,0.028,-2.290,-9.817,-0.019,0.003,0.002,-0.000,0.000
-89.957,0.030,-2.292,-9.811,-0.007,0.005,0.003,0.001,0.001
-89.957,0.031,-2.293,-9.814,-0.006,0.007,0.003,0.000,0.001
-89.959,0.033,-2.295,-9.805,-0.008,0.003,0.003,0.000,0.001
-89.958,0.033,-2.296,-9.810,-0.007,0.009,0.002,0.001,0.000
-89.957,0.039,-2.298,-9.809,-0.014,0.007,0.003,0.001,-0.000
-89.956,0.037,-2.299,-9.828,-0.002,0.009,0.002,0.000,0.001
-89.955,0.035,-2.300,-9.825,-0.004,0.009,0.002,0.000,0.000
-89.957,0.037,-2.302,-9.816,-0.008,0.004,0.003,0.000,0.001
-89.957,0.035,-2.303,-9.811,-0.004,0.008,0.002,-0.000,0.000
-89.955,0.028,-2.305,-9.816,0.007,0.009,0.002,0.001,0.001
-89.954,0.025,-2.306,-9.821,0.000,0.009,0.002,0.001,0.001
-89.956,0.023,-2.307,-9.812,0.001,0.003,0.001,0.000,0.000
-89.949,0.022,-2.308,-9.816,-0.003,0.018,0.002,0.001,0.000
-89.948,0.025,-2.309,-9.812,-0.009,0.011,0.002,0.000,-0.001
-89.945,0.019,-2.311,-9.825,0.004,0.013,0.002,0.000,0.000
-89.949,0.017,-2.312,-9.820,0.001,0.002,0.002,0.000,0.001
-89.946,0.012,-2.313,-9.820,0.007,0.015,0.002,-0.001,0.000
-89.949,0.010,-2.315,-9.809,0.002,0.005,0.002,0.000,0.001
-89.949,0.005,-2.316,-9.810,0.007,0.008,0.003,0.001,0.001
-89.953,0.002,-2.317,-9.816,0.005,0.002,0.002,0.000,0.000
-89.948,0.006,-2.318,-9.821,-0.007,0.016,0.002,-0.000,0.000
-89.947,0.008,-2.319,-9.819,-0.003,0.010,0.002,0.000,0.001
-89.945,0.009,-2.321,-9.822,-0.002,0.012,0.003,0.000,0.001
-89.943,0.011,-2.322,-9.819,-0.005,0.013,0.003,0.000,-0.000
-89.942,0.011,-2.324,-9.823,-0.002,0.011,0.003,0.000,-0.000
-89.936,0.013,-2.326,-9.825,-0.007,0.019,0.003,0.000,-0.000
-89.937,0.016,-2.328,-9.819,-0.007,0.008,0.003,0.001,0.000
-89.943,0.015,-2.329,-9.819,-0.001,0.001,0.002,0.000,0.000
-89.949,0.011,-2.331,-9.804,0.005,0.001,0.002,0.000,0.001
-89.950,0.012,-2.332,-9.816,-0.005,0.007,0.003,-0.000,-0.000
-89.953,0.009,-2.334,-9.828,0.004,0.005,0.002,0.000,0.000
-89.952,0.007,-2.335,-9.816,0.002,0.009,0.002,0.001,0.000
-89.948,0.008,-2.336,-9.822,-0.004,0.014,0.002,0.001,-0.000
-89.950,0.007,-2.338,-9.825,-0.001,0.005,0.002,0.001,-0.000
-89.945,0.008,-2.339,-9.818,-0.002,0.016,0.002,0.000,-0.001
-89.939,0.012,-2.341,-9.828,-0.008,0.018,0.003,0.001,-0.000
-89.934,0.015,-2.342,-9.813,-0.007,0.020,0.002,0.000,0.000
-89.931,0.017,-2.343,-9.814,-0.006,0.016,0.002,-0.000,0.000
-89.931,0.016,-2.345,-9.807,-0.001,0.011,0.003,0.001,0.000
-89.937,0.012,-2.346,-9.816,0.004,0.002,0.003,-0.001,0.001
-89.936,0.013,-2.348,-9.810,-0.004,0.013,0.002,0.000,0.001
-89.935,0.017,-2.349,-9.815,-0.008,0.013,0.003,0.000,0.000
-89.937,0.016,-2.350,-9.817,-0.002,0.007,0.002,0.001,-0.000
-89.930,0.012,-2.352,-9.810,0.004,0.022,0.003,0.000,-0.000
-89.924,0.020,-2.354,-9.817,-0.013,0.020,0.003,0.001,0.000
-89.926,0.020,-2.355,-9.819,-0.004,0.009,0.002,0.001,0.000
