-90.009,-0.066,41.676,-9.800,0.010,-0.004,-0.000,0.001,0.001
-90.014,-0.071,41.676,-9.802,0.020,-0.009,0.001,0.000,0.000
-90.014,-0.078,41.676,-9.804,0.023,-0.004,0.000,0.000,-0.000
-90.018,-0.071,41.675,-9.799,0.002,-0.008,0.000,0.000,0.001
-90.019,-0.061,41.675,-9.802,-0.002,-0.006,0.001,0.001,-0.000
-90.018,-0.064,41.674,-9.820,0.014,-0.002,0.000,0.000,0.000
-90.022,-0.064,41.674,-9.811,0.013,-0.010,0.001,-0.000,0.001
-90.021,-0.069,41.674,-9.807,0.019,-0.002,0.001,-0.000,0.000
-90.016,-0.066,41.674,-9.807,0.008,0.005,0.000,0.000,0.001
-90.018,-0.069,41.673,-9.803,0.016,-0.007,0.001,0.001,-0.000
-90.015,-0.067,41.673,-9.807,0.009,0.001,0.000,0.000,-0.000
-90.014,-0.067,41.672,-9.812,0.011,-0.001,0.001,0.000,0.000
-90.010,-0.066,41.672,-9.812,0.011,0.002,0.001,0.001,0.000
-90.017,-0.069,41.672,-9.809,0.016,-0.014,0.000,0.001,0.001
-90.016,-0.068,41.672,-9.807,0.011,-0.001,0.000,0.000,0.000
-90.012,-0.065,41.671,-9.802,0.008,0.002,0.001,0.000,0.001
-90.013,-0.068,41.671,-9.820,0.016,-0.003,0.000,0.000,0.000
-90.007,-0.076,41.671,-9.813,0.024,0.005,0.000,0.001,-0.001
-90.008,-0.076,41.670,-9.810,0.014,-0.002,0.001,0.001,0.000
-90.011,-0.078,41.671,-9.811,0.015,-0.007,-0.000,0.000,0.000
-90.009,-0.079,41.670,-9.805,0.016,0.001,0.000,0.001,0.000
-90.010,-0.079,41.670,-9.796,0.014,-0.004,0.000,0.000,0.000
-90.008,-0.080,41.671,-9.811,0.014,0.002,-0.000,0.000,0.000
-90.005,-0.074,41.671,-9.800,0.005,0.004,-0.001,-0.001,0.001
-90.004,-0.072,41.671,-9.811,0.010,0.001,0.000,0.000,0.001
-89.996,-0.071,41.670,-9.812,0.011,0.010,0.000,0.001,0.000
-89.996,-0.074,41.670,-9.808,0.016,0.001,0.001,0.001,0.000
-89.994,-0.064,41.670,-9.801,-0.002,0.004,0.000,0.000,0.001
-89.994,-0.062,41.669,-9.810,0.008,-0.001,0.001,0.001,0.000
-89.995,-0.067,41.669,-9.814,0.019,0.001,0.001,0.000,0.000
-89.992,-0.067,41.668,-9.814,0.011,0.004,0.001,0.001,0.000
-89.994,-0.062,41.668,-9.807,0.003,-0.004,0.000,0.001,0.000
-89.995,-0.056,41.668,-9.807,0.003,0.001,0.000,-0.000,0.001
-89.992,-0.061,41.668,-9.798,0.016,0.004,0.001,0.000,-0.000
-89.994,-0.060,41.667,-9.814,0.010,-0.002,0.001,0.000,0.000
-89.990,-0.066,41.666,-9.808,0.019,0.008,0.001,-0.000,-0.000
-89.992,-0.064,41.666,-9.811,0.008,-0.001,0.001,0.000,-0.001
-89.989,-0.062,41.665,-9.810,0.007,0.006,0.001,0.000,-0.000
-89.990,-0.062,41.665,-9.820,0.010,0.000,0.001,0.000,-0.001
-89.993,-0.060,41.664,-9.807,0.008,-0.004,0.001,0.000,-0.000
-89.994,-0.059,41.664,-9.809,0.009,-0.001,0.001,0.000,0.000
-89.999,-0.055,41.663,-9.809,0.003,-0.007,0.001,0.000,0.000
-90.002,-0.052,41.663,-9.807,0.004,-0.004,0.000,0.000,-0.000
-90.000,-0.054,41.663,-9.816,0.013,0.003,0.000,-0.000,0.000
-89.997,-0.050,41.663,-9.810,0.004,0.005,0.000,-0.001,0.001
-89.997,-0.049,41.663,-9.802,0.007,0.001,0.000,-0.001,0.000
-89.997,-0.054,41.663,-9.820,0.017,0.001,0.001,0.000,0.001
-89.999,-0.057,41.662,-9.811,0.013,-0.002,0.001,0.000,-0.001
-90.003,-0.056,41.663,-9.802,0.008,-0.007,-0.000,0.001,-0.000
-90.006,-0.053,41.662,-9.806,0.005,-0.006,0.001,0.000,-0.000
-90.008,-0.060,41.662,-9.808,0.019,-0.005,0.000,0.001,-0.000
-90.006,-0.054,41.662,-9.807,0.002,0.002,0.000,0.001,0.000
-90.005,-0.052,41.662,-9.808,0.006,0.000,-0.000,0.000,-0.001
-90.005,-0.052,41.662,-9.811,0.008,-0.001,-0.000,0.000,-0.000
-90.009,-0.052,41.662,-9.811,0.010,-0.007,0.000,-0.000,-0.000
-90.008,-0.053,41.662,-9.811,0.011,-0.001,-0.000,0.001,0.000
-90.015,-0.055,41.663,-9.815,0.011,-0.013,-0.000,0.001,0.000
-90.021,-0.053,41.663,-9.810,0.006,-0.013,-0.000,0.000,-0.000
-90.023,-0.055,41.663,-9.805,0.013,-0.005,0.000,-0.000,0.000
-90.022,-0.061,41.662,-9.804,0.018,-0.002,0.001,-0.001,-0.000
-90.021,-0.067,41.662,-9.800,0.019,-0.002,0.000,0.001,-0.000
-90.024,-0.074,41.662,-9.805,0.023,-0.009,0.000,0.001,0.000
-90.022,-0.073,41.662,-9.811,0.011,-0.002,0.000,0.001,0.000
-90.022,-0.079,41.662,-9.805,0.022,-0.004,-0.000,0.000,-0.001
-90.019,-0.079,41.662,-9.817,0.013,0.001,-0.000,-0.000,-0.000
-90.019,-0.074,41.662,-9.810,0.005,-0.003,-0.000,0.001,0.000
-90.017,-0.073,41.662,-9.809,0.012,-0.001,0.001,0.001,0.000
-90.015,-0.069,41.662,-9.797,0.006,0.001,0.000,0.000,0.000
-90.014,-0.066,41.661,-9.801,0.007,-0.002,0.000,0.000,-0.000
-90.014,-0.063,41.661,-9.819,0.007,-0.002,0.000,0.000,0.001
-90.015,-0.064,41.661,-9.814,0.012,-0.003,0.000,0.000,-0.000
-90.019,-0.063,41.661,-9.805,0.008,-0.010,0.000,0.000,-0.000
-90.011,-0.062,41.661,-9.805,0.010,0.009,0.000,0.000,0.000
-90.014,-0.070,41.661,-9.818,0.023,-0.005,0.000,-0.001,-0.000
-90.010,-0.075,41.660,-9.815,0.020,0.004,0.000,-0.000,0.001
-90.010,-0.076,41.660,-9.808,0.014,-0.002,0.000,0.000,0.001
-90.007,-0.075,41.660,-9.810,0.012,0.002,-0.000,0.001,0.000
-90.008,-0.074,41.660,-9.805,0.012,-0.004,0.001,0.000,0.000
-90.012,-0.073,41.660,-9.804,0.011,-0.008,0.000,0.001,0.000
-90.011,-0.077,41.660,-9.814,0.018,-0.001,-0.000,0.000,-0.000
-90.009,-0.071,41.660,-9.807,0.005,0.001,0.000,0.001,0.000
-90.011,-0.071,41.660,-9.810,0.011,-0.004,0.000,-0.000,-0.000
-90.009,-0.074,41.659,-9.811,0.017,0.001,0.001,-0.001,-0.000
-90.009,-0.077,41.660,-9.815,0.017,-0.001,-0.001,-0.000,-0.001
-90.010,-0.073,41.659,-9.811,0.007,-0.003,0.001,0.001,0.001
-90.008,-0.071,41.659,-9.799,0.010,0.001,0.000,0.001,0.001
-90.004,-0.068,41.659,-9.802,0.008,0.005,0.000,0.001,0.001
-89.999,-0.067,41.659,-9.810,0.010,0.005,-0.000,0.000,0.000
-89.996,-0.065,41.658,-9.811,0.010,0.005,0.001,-0.000,0.001
-90.000,-0.064,41.658,-9.798,0.010,-0.005,0.000,0.000,-0.000
-90.007,-0.063,41.658,-9.808,0.008,-0.010,0.000,-0.000,-0.000
-90.008,-0.064,41.657,-9.803,0.013,-0.004,0.001,-0.000,0.000
-90.011,-0.065,41.657,-9.808,0.013,-0.005,0.000,-0.000,0.000
-90.006,-0.067,41.657,-9.810,0.014,0.005,0.000,0.001,0.001
-90.005,-0.073,41.657,-9.808,0.020,0.000,0.000,-0.000,-0.001
-90.009,-0.070,41.657,-9.817,0.009,-0.008,0.000,0.000,0.000
-90.008,-0.074,41.657,-9.803,0.019,0.001,0.000,-0.001,0.000
-90.007,-0.076,41.656,-9.808,0.016,0.001,0.001,0.000,-0.000
-90.008,-0.079,41.656,-9.807,0.017,-0.002,0.001,0.000,0.000
-90.008,-0.075,41.656,-9.808,0.008,-0.003,0.001,0.001,0.000
-90.007,-0.072,41.655,-9.806,0.008,0.001,0.001,0.001,-0.000
-90.002,-0.073,41.655,-9.808,0.014,0.005,-0.000,0.001,0.000
-90.002,-0.072,41.655,-9.810,0.010,0.000,-0.000,-0.000,0.001
-90.000,-0.072,41.655,-9.805,0.014,0.003,0.000,-0.000,0.001
-90.003,-0.064,41.655,-9.811,0.000,-0.004,-0.000,-0.001,0.001
-90.000,-0.065,41.655,-9.813,0.013,0.003,0.000,0.000,0.000
-89.999,-0.068,41.655,-9.819,0.017,0.003,0.000,-0.001,-0.000
-89.998,-0.064,41.655,-9.805,0.005,0.002,0.001,-0.001,0.000
-89.998,-0.061,41.654,-9.800,0.007,-0.001,0.001,0.001,0.000
-89.995,-0.053,41.654,-9.803,-0.002,0.005,-0.000,-0.000,-0.001
-89.994,-0.053,41.654,-9.814,0.009,0.002,0.001,0.000,0.000
-89.991,-0.054,41.653,-9.803,0.012,0.005,0.001,-0.000,0.001
-89.992,-0.055,41.654,-9.808,0.011,0.001,-0.000,0.000,0.001
-89.989,-0.053,41.654,-9.807,0.007,0.005,-0.000,0.000,0.001
-89.991,-0.056,41.654,-9.802,0.013,0.000,-0.000,-0.000,0.000
-89.987,-0.059,41.654,-9.800,0.014,0.007,0.001,-0.000,-0.000
-89.991,-0.063,41.653,-9.799,0.016,-0.005,0.000,0.001,-0.000
-89.996,-0.062,41.653,-9.806,0.010,-0.007,0.001,0.000,0.000
-90.002,-0.065,41.653,-9.808,0.015,-0.007,0.000,-0.000,-0.001
-89.996,-0.072,41.652,-9.815,0.022,0.009,0.000,-0.000,0.000
-89.993,-0.067,41.652,-9.809,0.006,0.007,0.000,-0.001,0.001
-89.994,-0.067,41.652,-9.801,0.011,0.001,0.000,-0.001,-0.000
-89.997,-0.071,41.652,-9.805,0.018,-0.004,0.000,-0.000,0.001
-90.000,-0.066,41.652,-9.800,0.005,-0.004,0.001,-0.000,0.001
-90.001,-0.067,41.651,-9.810,0.014,-0.002,0.001,0.000,0.000
-90.005,-0.068,41.652,-9.817,0.014,-0.007,-0.000,0.001,0.000
-90.006,-0.065,41.651,-9.803,0.005,-0.004,0.000,0.000,-0.000
-90.008,-0.060,41.651,-9.810,0.005,-0.003,0.000,0.000,0.000
-90.011,-0.058,41.651,-9.802,0.006,-0.007,0.001,0.000,0.000
-90.013,-0.058,41.651,-9.812,0.011,-0.005,0.001,0.000,0.000
-90.013,-0.061,41.650,-9.809,0.014,-0.002,0.000,0.000,0.000
-90.011,-0.055,41.650,-9.807,-0.001,0.002,0.001,-0.000,0.000
-90.012,-0.051,41.650,-9.808,0.004,-0.004,0.001,0.000,-0.000
-90.012,-0.056,41.649,-9.805,0.016,-0.002,0.001,-0.000,-0.001
-90.011,-0.056,41.649,-9.812,0.008,-0.001,0.000,0.000,-0.000
-90.008,-0.054,41.648,-9.796,0.006,0.002,0.001,0.001,-0.001
-90.013,-0.055,41.648,-9.811,0.011,-0.010,0.000,0.001,-0.000
-90.009,-0.054,41.647,-9.805,0.008,0.004,0.001,0.000,0.000
-90.008,-0.053,41.647,-9.803,0.008,0.000,0.001,0.000,0.001
-90.005,-0.050,41.647,-9.814,0.005,0.003,0.001,0.001,0.000
-90.000,-0.043,41.646,-9.807,-0.002,0.006,0.000,0.001,0.000
-90.000,-0.044,41.646,-9.801,0.009,-0.001,0.001,0.001,0.000
-89.997,-0.048,41.645,-9.808,0.013,0.004,0.001,0.000,0.000
-89.990,-0.054,41.645,-9.805,0.019,0.013,0.000,0.000,-0.000
-89.984,-0.055,41.644,-9.810,0.010,0.010,0.001,0.000,0.000
-89.984,-0.052,41.644,-9.810,0.005,0.004,0.000,0.000,-0.000
-89.993,-0.050,41.643,-9.810,0.005,-0.012,0.001,0.000,-0.000
-89.992,-0.052,41.643,-9.808,0.011,0.002,0.001,0.001,-0.000
-89.991,-0.056,41.643,-9.802,0.015,0.002,0.000,0.001,-0.001
-89.989,-0.055,41.642,-9.805,0.008,0.005,0.000,0.000,-0.001
-89.989,-0.062,41.642,-9.814,0.020,0.001,0.001,0.000,0.000
-89.989,-0.067,41.641,-9.811,0.020,0.002,0.001,0.000,-0.000
-89.989,-0.070,41.641,-9.807,0.015,0.002,0.001,0.000,-0.001
-89.993,-0.072,41.640,-9.807,0.014,-0.003,0.001,-0.001,-0.000
-89.998,-0.069,41.639,-9.807,0.008,-0.006,0.001,-0.000,0.000
-89.994,-0.066,41.639,-9.811,0.008,0.005,0.000,0.000,0.001
-89.995,-0.065,41.639,-9.804,0.011,-0.001,0.000,0.001,0.000
-90.003,-0.067,41.639,-9.808,0.014,-0.011,0.000,0.000,0.001
-90.004,-0.065,41.639,-9.807,0.008,-0.003,-0.000,0.000,0.000
-90.007,-0.063,41.639,-9.801,0.008,-0.005,0.000,-0.000,-0.001
-90.011,-0.064,41.639,-9.804,0.011,-0.007,0.001,0.001,-0.000
-90.011,-0.066,41.638,-9.807,0.014,-0.002,0.001,0.000,0.000
-90.012,-0.069,41.638,-9.807,0.016,-0.004,0.000,0.000,0.000
-90.010,-0.071,41.638,-9.813,0.014,0.000,0.000,0.001,-0.001
-90.009,-0.072,41.637,-9.798,0.014,0.001,0.001,-0.001,0.000
-90.010,-0.070,41.637,-9.810,0.008,-0.002,0.000,-0.001,0.001
-90.005,-0.069,41.636,-9.799,0.011,0.005,0.001,0.000,0.001
-90.008,-0.070,41.636,-9.799,0.013,-0.006,0.000,0.000,-0.000
-90.008,-0.067,41.636,-9.808,0.008,0.000,0.001,-0.000,-0.000
-90.003,-0.063,41.635,-9.809,0.005,0.006,0.001,0.000,0.000
-89.999,-0.059,41.635,-9.812,0.005,0.005,0.001,0.000,-0.000
-89.994,-0.062,41.634,-9.808,0.015,0.007,0.001,0.000,-0.000
-89.992,-0.062,41.634,-9.804,0.010,0.004,0.000,0.000,-0.000
-89.992,-0.065,41.634,-9.818,0.016,0.002,0.000,-0.000,-0.000
-89.990,-0.063,41.634,-9.816,0.007,0.004,-0.000,-0.000,-0.000
-89.993,-0.064,41.634,-9.804,0.012,-0.002,0.001,-0.001,-0.000
-89.994,-0.058,41.634,-9.814,0.002,0.001,-0.000,-0.000,0.000
-89.995,-0.061,41.634,-9.814,0.014,-0.001,0.000,0.000,0.000
-89.998,-0.063,41.633,-9.801,0.014,-0.004,0.001,0.000,-0.000
-89.996,-0.064,41.633,-9.809,0.013,0.002,-0.000,-0.000,0.000
-89.996,-0.061,41.634,-9.810,0.005,0.001,-0.000,0.000,-0.000
-89.999,-0.060,41.633,-9.810,0.009,-0.004,0.001,-0.001,-0.000
-89.998,-0.062,41.633,-9.805,0.014,0.002,0.001,0.000,0.001
-89.997,-0.059,41.632,-9.817,0.006,0.002,0.000,-0.000,0.001
-89.993,-0.062,41.632,-9.807,0.016,0.007,0.001,0.000,0.001
-89.993,-0.065,41.632,-9.805,0.016,0.001,0.001,-0.000,0.000
-89.992,-0.065,41.632,-9.800,0.011,0.003,-0.000,0.000,-0.000
-89.990,-0.063,41.631,-9.810,0.007,0.004,0.001,0.001,0.000
-89.995,-0.059,41.631,-9.803,0.005,-0.006,0.001,0.001,-0.000
-89.988,-0.055,41.631,-9.807,0.002,0.011,0.000,0.000,-0.001
-89.987,-0.057,41.630,-9.798,0.012,0.004,0.001,0.001,-0.000
-89.990,-0.056,41.630,-9.802,0.010,-0.004,0.001,0.001,0.001
-89.987,-0.054,41.629,-9.808,0.007,0.005,0.001,0.001,-0.000
-89.989,-0.054,41.630,-9.823,0.009,-0.001,-0.001,0.001,-0.000
-89.992,-0.060,41.630,-9.808,0.019,-0.002,0.000,-0.000,-0.000
-89.990,-0.066,41.629,-9.804,0.019,0.003,0.001,0.000,-0.000
-89.990,-0.064,41.629,-9.810,0.008,0.002,0.000,0.001,-0.001
-89.985,-0.062,41.628,-9.810,0.008,0.009,0.000,0.001,-0.000
-89.991,-0.062,41.629,-9.796,0.011,-0.007,-0.000,-0.000,0.001
-89.994,-0.061,41.629,-9.796,0.009,-0.005,0.000,0.001,0.000
-89.994,-0.061,41.628,-9.810,0.010,0.001,0.001,0.000,0.000
-89.998,-0.060,41.628,-9.804,0.011,-0.005,0.001,0.001,0.001
-90.001,-0.058,41.627,-9.804,0.006,-0.004,0.001,-0.000,0.000
-89.998,-0.056,41.627,-9.807,0.008,0.005,0.001,-0.001,0.001
-90.001,-0.057,41.626,-9.812,0.013,-0.005,0.001,-0.000,0.001
-90.005,-0.055,41.625,-9.804,0.007,-0.006,0.001,0.000,0.000
-90.006,-0.054,41.625,-9.805,0.008,-0.002,0.001,0.000,-0.000
-90.000,-0.060,41.624,-9.822,0.019,0.008,0.001,-0.000,0.000
-89.998,-0.064,41.624,-9.819,0.017,0.004,0.001,-0.000,0.000
-89.993,-0.069,41.623,-9.810,0.018,0.007,0.000,0.001,0.000
-89.986,-0.072,41.623,-9.816,0.019,0.013,0.000,0.001,0.001
-89.984,-0.069,41.623,-9.817,0.008,0.005,0.001,-0.000,0.000
-89.986,-0.067,41.623,-9.810,0.008,0.000,-0.000,0.000,0.000
-89.989,-0.070,41.623,-9.811,0.017,-0.003,-0.000,0.000,-0.000
-89.992,-0.069,41.623,-9.810,0.010,-0.003,-0.000,0.001,-0.001
-89.999,-0.071,41.623,-9.805,0.014,-0.010,0.000,0.000,-0.001
-90.001,-0.070,41.623,-9.809,0.010,-0.004,0.001,0.000,-0.000
-90.000,-0.068,41.622,-9.819,0.010,0.001,0.001,0.001,0.000
-90.002,-0.068,41.622,-9.817,0.011,-0.004,0.001,0.001,0.000
-90.003,-0.066,41.621,-9.810,0.010,-0.002,0.001,0.000,0.000
-90.001,-0.065,41.620,-9.811,0.008,0.003,0.001,0.000,0.000
-90.000,-0.061,41.620,-9.809,0.005,0.001,0.001,0.001,0.000
-89.999,-0.062,41.620,-9.814,0.012,0.001,0.000,0.001,-0.000
-89.999,-0.063,41.619,-9.809,0.011,0.000,0.001,0.000,-0.001
-89.998,-0.058,41.619,-9.801,0.004,0.001,0.001,0.001,-0.000
-90.031,-0.047,41.619,-9.799,-0.008,-0.051,0.000,0.000,-0.000
-90.058,-0.058,41.618,-9.826,0.026,-0.047,0.001,0.000,-0.000
-90.084,-0.068,41.618,-9.816,0.025,-0.051,0.001,0.001,0.000
-90.090,-0.064,41.617,-9.809,0.007,-0.024,0.001,-0.000,0.000
-90.088,-0.059,41.616,-9.811,0.002,-0.013,0.001,0.000,-0.000
-90.075,-0.059,41.614,-9.785,0.010,0.006,0.002,0.000,0.000
-90.027,-0.068,41.613,-9.806,0.024,0.060,0.002,0.001,-0.000
-90.010,-0.082,41.612,-9.810,0.034,0.020,0.001,0.001,-0.001
-89.990,-0.075,41.612,-9.789,0.003,0.028,0.001,0.001,0.000
-90.006,-0.080,41.611,-9.818,0.022,-0.027,0.001,0.001,0.000
-90.039,-0.070,41.610,-9.798,-0.002,-0.053,0.002,0.001,0.000
-90.071,-0.092,41.608,-9.816,0.046,-0.057,0.002,0.001,-0.000
-90.083,-0.107,41.607,-9.801,0.040,-0.031,0.002,0.000,-0.000
-90.110,-0.099,41.606,-9.787,0.005,-0.057,0.003,0.001,-0.001
-90.126,-0.085,41.603,-9.807,-0.006,-0.044,0.004,0.000,-0.000
-90.127,-0.089,41.600,-9.795,0.022,-0.022,0.005,-0.001,0.000
-90.110,-0.106,41.596,-9.823,0.042,0.005,0.006,0.000,0.001
-90.126,-0.106,41.593,-9.802,0.019,-0.045,0.005,0.001,0.000
-90.154,-0.079,41.589,-9.784,-0.023,-0.065,0.007,0.001,0.001
-90.220,-0.066,41.584,-9.790,-0.006,-0.129,0.008,-0.000,0.001
-90.317,-0.062,41.578,-9.808,0.005,-0.189,0.011,0.001,-0.000
-90.547,-0.056,41.568,-9.804,0.001,-0.414,0.015,0.002,0.000
-90.893,-0.017,41.555,-9.807,-0.050,-0.637,0.021,0.003,0.000
-91.332,0.002,41.535,-9.808,-0.027,-0.841,0.032,0.002,0.001
-91.741,0.009,41.508,-9.821,-0.013,-0.868,0.043,0.000,-0.001
-92.052,0.000,41.474,-9.817,0.010,-0.782,0.054,-0.001,-0.000
-92.244,0.003,41.438,-9.836,-0.007,-0.681,0.064,-0.003,0.000
-92.308,0.020,41.393,-9.780,-0.031,-0.480,0.072,-0.003,-0.000
-92.287,0.033,41.344,-9.796,-0.026,-0.359,0.078,-0.003,0.001
-92.280,0.028,41.291,-9.794,-0.001,-0.381,0.084,0.001,0.000
-92.330,0.029,41.235,-9.788,-0.009,-0.469,0.089,0.001,-0.000
-92.524,0.030,41.173,-9.821,-0.012,-0.703,0.097,0.002,-0.001
-92.752,0.029,41.111,-9.825,-0.010,-0.826,0.109,0.000,-0.001
-93.051,0.023,41.035,-9.816,-0.002,-0.940,0.119,-0.001,-0.001
-93.332,0.028,40.952,-9.810,-0.019,-0.961,0.132,-0.002,-0.001
-93.589,0.039,40.861,-9.804,-0.032,-0.972,0.145,-0.001,-0.000
-93.831,0.049,40.761,-9.802,-0.032,-0.992,0.159,-0.002,-0.001
-94.052,0.043,40.652,-9.808,-0.012,-1.003,0.172,0.000,0.000
-94.290,0.021,40.535,-9.835,0.014,-1.072,0.186,0.000,-0.001
-94.555,0.012,40.409,-9.826,-0.005,-1.154,0.201,-0.000,-0.001
-94.826,0.006,40.272,-9.825,-0.012,-1.208,0.217,-0.001,-0.002
-95.070,-0.003,40.138,-9.814,-0.007,-1.248,0.235,-0.002,-0.002
-95.320,-0.031,39.965,-9.810,0.017,-1.229,0.252,-0.003,-0.001
-95.520,-0.066,39.797,-9.805,0.032,-1.226,0.269,-0.003,-0.002
-95.711,-0.082,39.617,-9.792,0.007,-1.246,0.287,-0.002,-0.002
-95.909,-0.096,39.427,-9.799,0.005,-1.289,0.304,-0.002,-0.002
-96.091,-0.134,39.225,-9.823,0.041,-1.303,0.322,-0.002,-0.001
-96.268,-0.188,39.012,-9.840,0.071,-1.330,0.340,-0.002,-0.002
-96.424,-0.232,38.789,-9.814,0.059,-1.323,0.358,-0.003,-0.003
-96.588,-0.261,38.553,-9.809,0.040,-1.362,0.378,-0.003,-0.003
-96.755,-0.297,38.306,-9.792,0.054,-1.393,0.396,-0.003,-0.003
-96.907,-0.352,38.047,-9.823,0.086,-1.404,0.415,-0.003,-0.003
-97.065,-0.430,37.751,-9.825,0.118,-1.420,0.436,-0.003,-0.003
-97.175,-0.479,37.467,-9.820,0.093,-1.391,0.456,-0.004,-0.003
-97.263,-0.536,37.171,-9.801,0.110,-1.372,0.475,-0.005,-0.004
-97.312,-0.608,36.863,-9.808,0.141,-1.328,0.494,-0.005,-0.003
-97.360,-0.680,36.544,-9.792,0.150,-1.333,0.512,-0.005,-0.003
-97.431,-0.790,36.213,-9.841,0.218,-1.389,0.531,-0.003,-0.004
-97.525,-0.872,35.871,-9.811,0.192,-1.433,0.550,-0.003,-0.004
-97.628,-0.952,35.517,-9.818,0.199,-1.465,0.570,-0.005,-0.004
-97.672,-1.042,35.150,-9.839,0.226,-1.390,0.589,-0.007,-0.004
-97.649,-1.141,34.770,-9.805,0.251,-1.289,0.608,-0.008,-0.004
-97.574,-1.255,34.378,-9.810,0.290,-1.205,0.625,-0.006,-0.003
-97.463,-1.364,33.938,-9.800,0.286,-1.150,0.643,-0.005,-0.004
-97.379,-1.452,33.525,-9.798,0.284,-1.163,0.658,-0.005,-0.004
-97.300,-1.558,33.102,-9.823,0.327,-1.161,0.675,-0.004,-0.005
-97.223,-1.664,32.669,-9.832,0.345,-1.149,0.689,-0.007,-0.005
-97.120,-1.766,32.226,-9.805,0.354,-1.091,0.704,-0.009,-0.005
-96.996,-1.868,31.773,-9.805,0.371,-1.045,0.719,-0.007,-0.005
-96.862,-1.972,31.310,-9.808,0.393,-1.009,0.733,-0.007,-0.005
-96.739,-2.077,30.839,-9.805,0.411,-1.006,0.747,-0.007,-0.005
-96.597,-2.187,30.358,-9.819,0.437,-0.959,0.760,-0.006,-0.006
-96.444,-2.285,29.870,-9.813,0.438,-0.916,0.772,-0.008,-0.005
-96.244,-2.386,29.371,-9.808,0.461,-0.815,0.784,-0.009,-0.005
-96.006,-2.500,28.818,-9.795,0.484,-0.755,0.796,-0.009,-0.005
-95.778,-2.597,28.304,-9.799,0.493,-0.702,0.805,-0.008,-0.006
-95.569,-2.686,27.785,-9.797,0.500,-0.693,0.813,-0.007,-0.005
-95.394,-2.777,27.261,-9.806,0.521,-0.714,0.824,-0.006,-0.006
-95.217,-2.869,26.730,-9.813,0.539,-0.682,0.833,-0.008,-0.006
-95.061,-2.957,26.195,-9.815,0.549,-0.685,0.841,-0.009,-0.006
-94.858,-3.039,25.651,-9.801,0.557,-0.585,0.850,-0.009,-0.006
-94.641,-3.113,25.102,-9.788,0.560,-0.530,0.858,-0.008,-0.006
-94.418,-3.182,24.547,-9.786,0.568,-0.485,0.864,-0.008,-0.006
-94.190,-3.258,23.989,-9.800,0.594,-0.441,0.869,-0.008,-0.006
-93.978,-3.333,23.429,-9.809,0.610,-0.429,0.874,-0.008,-0.005
-93.737,-3.403,22.813,-9.817,0.608,-0.380,0.879,-0.009,-0.006
-93.479,-3.462,22.242,-9.807,0.614,-0.280,0.884,-0.010,-0.006
-93.186,-3.524,21.668,-9.798,0.633,-0.182,0.886,-0.010,-0.006
-92.825,-3.577,21.088,-9.802,0.633,-0.028,0.888,-0.010,-0.006
-92.442,-3.621,20.507,-9.794,0.634,0.068,0.886,-0.010,-0.006
-92.013,-3.655,19.924,-9.800,0.634,0.204,0.884,-0.009,-0.006
-91.586,-3.678,19.342,-9.796,0.627,0.274,0.881,-0.009,-0.006
-91.169,-3.691,18.765,-9.805,0.622,0.331,0.875,-0.009,-0.006
-90.784,-3.697,18.193,-9.810,0.621,0.352,0.871,-0.008,-0.006
-90.364,-3.700,17.622,-9.806,0.625,0.474,0.864,-0.008,-0.006
-89.962,-3.688,17.057,-9.797,0.605,0.517,0.857,-0.009,-0.006
-89.542,-3.663,16.497,-9.783,0.590,0.615,0.848,-0.009,-0.006
-89.063,-3.640,15.938,-9.783,0.594,0.782,0.839,-0.010,-0.006
-88.617,-3.604,15.389,-9.783,0.578,0.812,0.828,-0.009,-0.005
-88.171,-3.553,14.849,-9.790,0.556,0.889,0.813,-0.007,-0.006
-87.800,-3.497,14.322,-9.793,0.543,0.850,0.802,-0.007,-0.005
-87.442,-3.442,13.804,-9.807,0.542,0.895,0.789,-0.007,-0.005
-87.092,-3.381,13.295,-9.808,0.529,0.949,0.777,-0.008,-0.005
-86.726,-3.312,12.794,-9.777,0.506,1.033,0.763,-0.009,-0.006
-86.357,-3.238,12.303,-9.795,0.493,1.104,0.747,-0.008,-0.006
-85.989,-3.163,11.823,-9.789,0.481,1.167,0.731,-0.008,-0.006
-85.680,-3.093,11.398,-9.782,0.470,1.186,0.714,-0.006,-0.005
-85.400,-3.011,10.945,-9.781,0.451,1.144,0.697,-0.004,-0.005
-85.171,-2.923,10.506,-9.798,0.432,1.118,0.681,-0.004,-0.004
-84.979,-2.825,10.079,-9.801,0.402,1.101,0.664,-0.005,-0.005
-84.826,-2.730,9.665,-9.798,0.390,1.076,0.648,-0.006,-0.004
-84.686,-2.630,9.261,-9.797,0.368,1.083,0.633,-0.006,-0.003
-84.575,-2.537,8.868,-9.791,0.359,1.063,0.618,-0.005,-0.004
-84.486,-2.443,8.487,-9.784,0.343,1.046,0.602,-0.003,-0.004
-84.456,-2.358,8.149,-9.789,0.326,0.976,0.590,-0.003,-0.004
-84.477,-2.266,7.789,-9.793,0.312,0.899,0.576,-0.005,-0.004
-84.527,-2.169,7.437,-9.805,0.286,0.851,0.563,-0.002,-0.004
-84.613,-2.074,7.095,-9.802,0.272,0.789,0.551,-0.005,-0.004
-84.702,-1.997,6.789,-9.808,0.269,0.758,0.541,-0.006,-0.004
-84.809,-1.915,6.460,-9.800,0.259,0.727,0.530,-0.005,-0.004
-84.916,-1.836,6.137,-9.793,0.248,0.710,0.520,-0.004,-0.003
-84.998,-1.767,5.820,-9.796,0.248,0.731,0.510,-0.004,-0.003
-85.068,-1.711,5.536,-9.806,0.246,0.728,0.499,-0.005,-0.003
-85.133,-1.640,5.231,-9.796,0.220,0.733,0.489,-0.004,-0.004
-85.203,-1.571,4.933,-9.785,0.209,0.715,0.478,-0.004,-0.004
-85.295,-1.517,4.641,-9.803,0.221,0.669,0.469,-0.003,-0.003
-85.399,-1.470,4.381,-9.802,0.212,0.619,0.460,-0.003,-0.003
-85.526,-1.406,4.101,-9.794,0.186,0.582,0.451,-0.004,-0.003
-85.673,-1.346,3.826,-9.804,0.177,0.532,0.443,-0.003,-0.003
-85.814,-1.292,3.555,-9.810,0.175,0.517,0.436,-0.005,-0.003
-85.953,-1.239,3.314,-9.792,0.157,0.472,0.428,-0.004,-0.003
-86.134,-1.183,3.053,-9.805,0.151,0.405,0.421,-0.002,-0.003
-86.330,-1.141,2.795,-9.817,0.161,0.351,0.416,-0.003,-0.003
-86.538,-1.101,2.540,-9.820,0.155,0.300,0.412,-0.003,-0.003
-86.702,-1.059,2.310,-9.792,0.136,0.306,0.408,-0.003,-0.003
-86.886,-1.012,2.060,-9.759,0.127,0.275,0.403,-0.006,-0.003
-86.452,-0.962,1.807,-9.629,0.115,1.188,0.391,-0.001,-0.001
-85.706,-0.947,1.580,-9.683,0.162,1.866,0.375,0.015,-0.001
-84.836,-0.926,1.345,-9.547,0.156,2.031,0.351,0.032,-0.001
-84.385,-0.915,1.136,-10.038,0.177,1.601,0.323,0.031,0.001
-83.959,-0.917,0.957,-9.886,0.194,1.684,0.302,0.031,0.000
-83.339,-0.901,0.776,-9.910,0.165,2.040,0.274,0.005,-0.001
-82.552,-0.916,0.611,-9.919,0.215,2.445,0.243,-0.006,-0.000
-81.977,-0.900,0.482,-9.743,0.159,2.297,0.211,-0.015,-0.001
-81.807,-0.845,0.364,-9.864,0.095,1.671,0.185,-0.010,-0.001
-81.830,-0.787,0.260,-9.734,0.077,1.371,0.166,-0.008,-0.001
-82.026,-0.718,0.171,-9.808,0.047,1.096,0.148,0.000,-0.001
-82.492,-0.651,0.100,-9.776,0.023,0.563,0.135,-0.000,-0.001
-83.489,-0.576,0.028,-9.899,0.008,-0.274,0.131,-0.003,-0.001
-84.435,-0.512,-0.049,-9.825,0.011,-0.354,0.137,-0.011,-0.001
-85.386,-0.438,-0.129,-9.824,-0.018,-0.522,0.140,-0.014,-0.002
-86.227,-0.376,-0.215,-9.757,-0.014,-0.509,0.146,-0.013,-0.002
-87.132,-0.310,-0.306,-9.814,-0.032,-0.763,0.153,-0.008,-0.003
-88.242,-0.259,-0.408,-9.833,-0.023,-1.250,0.170,-0.005,-0.002
-89.523,-0.174,-0.532,-9.855,-0.077,-1.557,0.187,-0.002,-0.002
-90.679,-0.131,-0.662,-9.914,-0.042,-1.746,0.211,-0.017,-0.003
-91.632,-0.077,-0.807,-9.868,-0.071,-1.612,0.233,-0.018,-0.003
-92.130,-0.048,-0.965,-9.867,-0.046,-1.055,0.252,-0.011,-0.005
-91.960,-0.117,-1.131,-9.700,0.100,-0.097,0.264,-0.003,-0.006
-86.706,-0.209,-1.244,-9.303,0.246,12.780,0.156,0.062,-0.005
-83.440,-0.616,-1.293,-9.996,0.829,6.891,0.040,0.001,-0.001
-81.670,-0.722,-1.295,-9.949,0.291,4.238,-0.031,-0.033,0.002
-80.690,-0.764,-1.264,-9.617,0.184,3.036,-0.071,-0.041,0.001
-82.275,-0.583,-1.188,-9.515,-0.164,-0.891,-0.091,0.017,0.000
-84.804,-0.370,-1.123,-9.852,-0.260,-2.859,-0.070,0.039,-0.001
-87.526,-0.245,-1.084,-10.038,-0.150,-3.739,-0.039,0.005,0.001
-89.296,-0.117,-1.077,-9.810,-0.145,-2.158,-0.002,-0.007,0.001
-90.063,-0.035,-1.091,-9.922,-0.108,-1.077,0.024,-0.015,0.000
-91.382,0.046,-1.133,-9.713,-0.125,-2.090,0.067,-0.000,-0.002
-90.876,0.039,-1.181,-9.720,0.001,0.531,0.077,0.017,-0.002
-89.271,-0.017,-1.205,-9.717,0.090,2.635,0.042,0.037,-0.001
-88.037,-0.074,-1.215,-9.768,0.093,2.100,0.015,-0.019,0.000
-88.275,-0.027,-1.220,-9.922,-0.060,-0.031,0.008,-0.004,0.000
-87.898,-0.163,-1.227,-9.820,0.217,0.873,0.010,0.014,-0.000
-87.499,-0.168,-1.226,-9.857,0.036,0.985,-0.004,0.005,0.000
-87.673,-0.150,-1.214,-9.792,0.002,0.170,-0.018,-0.013,0.001
-88.587,-0.036,-1.203,-9.792,-0.152,-1.027,-0.015,-0.006,0.001
-89.634,0.014,-1.208,-9.748,-0.073,-1.399,0.008,0.004,0.000
-89.656,0.020,-1.218,-9.828,-0.012,0.019,0.016,0.009,-0.001
-89.217,-0.042,-1.221,-9.849,0.093,0.743,0.006,0.005,-0.000
-88.724,-0.078,-1.218,-9.831,0.064,0.906,-0.006,-0.000,0.001
-88.676,-0.069,-1.213,-9.801,-0.001,0.306,-0.009,-0.005,0.000
-89.456,-0.033,-1.210,-9.795,-0.039,-0.887,-0.003,-0.003,0.001
-90.046,-0.008,-1.212,-9.813,-0.034,-0.828,0.004,-0.001,0.001
-89.873,-0.013,-1.212,-9.816,0.009,0.259,-0.000,0.003,-0.001
-89.495,-0.022,-1.211,-9.819,0.015,0.610,-0.002,0.002,-0.000
-89.261,-0.024,-1.210,-9.809,0.007,0.454,-0.002,-0.003,0.000
-89.494,-0.010,-1.209,-9.820,-0.017,-0.233,-0.003,-0.004,0.001
-89.980,0.011,-1.206,-9.789,-0.030,-0.668,-0.004,-0.002,0.001
-89.982,0.019,-1.206,-9.802,-0.015,0.001,-0.001,-0.001,0.000
-89.745,0.014,-1.205,-9.811,0.006,0.373,-0.001,-0.000,0.001
-89.613,0.007,-1.205,-9.824,0.010,0.272,-0.001,-0.002,0.001
-89.759,0.004,-1.204,-9.813,0.004,-0.156,-0.001,-0.005,0.001
-90.019,0.010,-1.202,-9.805,-0.010,-0.363,-0.004,-0.001,0.000
-90.106,0.019,-1.201,-9.807,-0.016,-0.140,-0.001,0.001,-0.000
-89.873,0.011,-1.201,-9.808,0.009,0.346,-0.000,-0.000,0.000
-89.730,0.005,-1.199,-9.821,0.008,0.244,-0.003,0.000,-0.000
-89.883,0.011,-1.197,-9.800,-0.011,-0.212,-0.003,-0.002,0.000
-90.105,0.021,-1.195,-9.795,-0.018,-0.320,-0.003,-0.005,0.000
-90.149,0.029,-1.194,-9.811,-0.016,-0.086,-0.002,-0.001,0.001
-90.003,0.026,-1.194,-9.802,-0.001,0.200,-0.000,0.002,-0.001
-89.899,0.013,-1.193,-9.810,0.016,0.160,-0.001,0.001,-0.000
-90.005,0.007,-1.192,-9.817,0.006,-0.147,-0.002,-0.001,-0.000
-90.177,0.018,-1.191,-9.802,-0.018,-0.267,-0.002,-0.001,-0.001
-90.138,0.020,-1.190,-9.802,-0.007,0.030,-0.001,0.000,0.000
-89.925,0.030,-1.189,-9.849,-0.020,0.342,-0.002,0.001,0.000
-89.904,0.038,-1.187,-9.862,-0.018,0.048,-0.003,-0.002,0.000
-90.018,0.034,-1.185,-9.740,0.001,-0.158,-0.004,-0.002,0.001
-90.310,0.059,-1.184,-9.801,-0.044,-0.459,-0.002,0.001,-0.000
-90.339,0.054,-1.183,-9.810,-0.004,-0.097,-0.001,-0.002,-0.000
-90.198,0.052,-1.183,-9.826,-0.005,0.160,0.000,0.002,0.000
-90.238,0.046,-1.183,-9.855,0.002,-0.105,-0.000,0.002,0.001
-90.242,0.052,-1.182,-9.815,-0.017,-0.045,-0.001,-0.001,0.000
-90.331,0.050,-1.182,-9.795,-0.005,-0.178,-0.001,-0.002,0.001
-90.395,0.054,-1.183,-9.785,-0.014,-0.158,0.001,0.002,0.000
-90.296,0.058,-1.183,-9.801,-0.016,0.084,0.001,0.003,-0.000
-90.276,0.047,-1.184,-9.802,0.007,-0.022,0.001,0.002,0.000
-90.254,0.017,-1.185,-9.858,0.044,-0.008,0.001,-0.001,0.000
-90.213,0.006,-1.185,-9.799,0.014,0.021,-0.000,-0.001,0.000
-90.238,0.013,-1.185,-9.772,-0.012,-0.078,0.000,0.002,0.000
-90.150,0.018,-1.185,-9.792,-0.011,0.109,0.001,0.001,0.000
-90.107,0.019,-1.186,-9.798,-0.004,0.042,0.001,0.000,0.000
-90.185,0.017,-1.186,-9.822,-0.001,-0.138,0.001,-0.002,0.000
-90.239,0.019,-1.187,-9.792,-0.005,-0.114,0.001,-0.001,0.000
-90.243,0.023,-1.187,-9.798,-0.010,-0.050,0.001,0.001,-0.000
-90.151,0.021,-1.188,-9.819,-0.002,0.101,0.002,0.002,0.000
-90.051,0.015,-1.188,-9.825,0.007,0.128,0.000,0.002,0.000
-90.077,0.019,-1.188,-9.810,-0.010,-0.053,-0.001,0.000,0.000
-90.171,0.024,-1.188,-9.799,-0.011,-0.159,0.001,-0.001,0.001
-90.205,0.030,-1.189,-9.801,-0.013,-0.081,0.001,-0.000,0.000
-90.139,0.032,-1.190,-9.815,-0.010,0.067,0.002,0.001,-0.001
-90.047,0.032,-1.190,-9.821,-0.005,0.119,0.000,0.000,0.000
-90.061,0.031,-1.190,-9.814,-0.002,-0.031,-0.001,-0.001,0.000
-90.140,0.038,-1.190,-9.809,-0.017,-0.134,-0.000,0.000,-0.000
-90.162,0.033,-1.190,-9.806,0.002,-0.059,0.000,0.002,0.000
-90.106,0.035,-1.190,-9.813,-0.009,0.057,0.001,0.002,0.000
-90.042,0.031,-1.190,-9.818,0.001,0.084,0.000,-0.001,0.000
-90.062,0.029,-1.190,-9.816,-0.002,-0.041,-0.000,-0.001,-0.000
-90.135,0.032,-1.190,-9.808,-0.010,-0.124,-0.000,-0.001,0.000
-90.142,0.028,-1.190,-9.810,0.001,-0.032,0.001,-0.001,0.000
-90.101,0.023,-1.191,-9.808,0.003,0.039,0.001,0.001,0.001
-90.057,0.011,-1.191,-9.812,0.016,0.050,0.000,0.001,0.000
-90.061,0.005,-1.191,-9.805,0.007,-0.016,-0.001,-0.000,-0.000
-90.132,0.008,-1.191,-9.808,-0.005,-0.121,0.000,0.000,-0.001
-90.145,0.004,-1.191,-9.814,0.005,-0.045,0.001,0.002,0.000
-90.088,0.001,-1.191,-9.816,0.004,0.073,0.000,0.001,0.001
-90.045,0.003,-1.191,-9.811,-0.002,0.051,-0.001,0.001,0.000
-90.075,0.009,-1.191,-9.804,-0.010,-0.054,-0.000,0.000,0.001
-90.145,0.021,-1.191,-9.810,-0.020,-0.123,0.000,0.001,0.000
-90.167,0.022,-1.191,-9.802,-0.006,-0.065,0.000,0.001,-0.001
-90.109,0.021,-1.191,-9.805,-0.001,0.062,0.000,-0.000,0.001
-90.050,0.022,-1.191,-9.807,-0.004,0.074,0.000,-0.001,0.001
-90.067,0.024,-1.191,-9.803,-0.008,-0.034,0.000,-0.001,-0.000
-90.122,0.024,-1.192,-9.804,-0.004,-0.096,0.001,0.000,0.001
-90.135,0.021,-1.192,-9.804,0.002,-0.045,0.001,0.001,-0.001
-90.099,0.023,-1.192,-9.807,-0.007,0.033,0.000,0.000,0.000
-90.063,0.022,-1.193,-9.797,-0.002,0.040,0.001,0.000,0.000
-90.066,0.022,-1.193,-9.809,-0.004,-0.015,0.001,-0.000,-0.000
-90.114,0.023,-1.194,-9.807,-0.005,-0.087,0.001,0.000,0.000
-90.134,0.032,-1.194,-9.802,-0.018,-0.051,0.001,0.000,-0.000
-90.093,0.033,-1.194,-9.801,-0.009,0.041,0.000,0.001,-0.001
-90.046,0.028,-1.194,-9.804,0.004,0.056,0.000,0.001,0.000
-90.049,0.028,-1.195,-9.804,-0.006,-0.014,0.001,0.001,-0.000
-90.073,0.028,-1.195,-9.800,-0.004,-0.045,0.000,0.001,0.001
-90.085,0.027,-1.195,-9.810,-0.002,-0.031,-0.000,0.000,0.000
-90.075,0.020,-1.195,-9.820,0.006,0.000,0.000,0.001,0.000
-90.072,0.017,-1.195,-9.825,0.003,-0.008,0.000,0.001,0.000
-90.078,0.018,-1.195,-9.808,-0.005,-0.023,0.001,0.001,-0.000
-90.092,0.020,-1.195,-9.802,-0.007,-0.035,0.000,-0.000,0.000
-90.085,0.023,-1.195,-9.814,-0.007,-0.005,0.000,0.000,0.000
-90.070,0.021,-1.196,-9.820,-0.001,0.012,0.001,0.000,0.000
-90.083,0.022,-1.196,-9.811,-0.004,-0.033,0.001,0.000,0.000
-90.107,0.023,-1.197,-9.802,-0.005,-0.051,0.000,-0.000,0.000
-90.121,0.026,-1.197,-9.811,-0.009,-0.041,0.000,0.000,0.001
-90.097,0.025,-1.197,-9.809,-0.003,0.020,0.000,0.001,-0.000
-90.066,0.016,-1.197,-9.804,0.010,0.031,0.000,0.000,-0.000
-90.074,0.016,-1.197,-9.807,-0.002,-0.024,0.000,0.001,0.000
-90.106,0.018,-1.197,-9.816,-0.007,-0.068,0.000,0.000,-0.001
-90.125,0.019,-1.197,-9.805,-0.005,-0.047,0.001,0.000,0.000
-90.098,0.018,-1.198,-9.822,0.000,0.020,0.001,-0.001,0.001
-90.057,0.020,-1.198,-9.814,-0.006,0.049,-0.000,-0.001,0.001
-90.053,0.023,-1.197,-9.803,-0.007,-0.004,-0.000,-0.000,0.000
-90.080,0.027,-1.198,-9.803,-0.012,-0.056,0.001,0.001,-0.000
-90.112,0.028,-1.198,-9.815,-0.005,-0.064,0.000,0.000,0.000
-90.124,0.029,-1.198,-9.794,-0.005,-0.037,-0.000,0.000,0.000
-90.097,0.019,-1.198,-9.801,0.010,0.021,0.000,-0.000,0.000
-90.082,0.020,-1.198,-9.809,-0.004,0.006,0.000,0.001,0.000
-90.077,0.013,-1.198,-9.811,0.009,-0.006,-0.000,0.001,0.000
-90.090,0.013,-1.198,-9.807,-0.003,-0.034,0.000,0.001,0.000
-90.110,0.020,-1.198,-9.805,-0.013,-0.047,0.000,-0.000,-0.000
-90.101,0.026,-1.198,-9.805,-0.012,-0.004,0.000,-0.001,0.000
-90.086,0.023,-1.198,-9.817,-0.001,0.008,0.000,0.000,0.000
-90.081,0.018,-1.199,-9.805,0.005,-0.007,0.000,0.000,0.000
-90.089,0.019,-1.199,-9.802,-0.005,-0.028,0.001,0.000,-0.000
-90.103,0.021,-1.200,-9.817,-0.007,-0.036,0.001,0.000,0.000
-90.101,0.021,-1.199,-9.826,-0.002,-0.014,-0.000,-0.000,0.000
-90.099,0.024,-1.200,-9.814,-0.010,-0.016,0.000,0.000,-0.000
-90.091,0.028,-1.200,-9.799,-0.010,-0.005,0.000,0.001,0.000
-90.082,0.032,-1.200,-9.803,-0.010,-0.002,0.001,0.001,0.000
-90.082,0.037,-1.200,-9.803,-0.013,-0.014,0.000,0.001,0.000
-90.081,0.035,-1.201,-9.806,-0.002,-0.013,0.001,0.001,0.000
-90.086,0.037,-1.201,-9.801,-0.009,-0.021,0.000,-0.000,0.000
-90.088,0.041,-1.201,-9.805,-0.012,-0.019,0.001,0.000,0.001
-90.077,0.040,-1.202,-9.807,-0.005,0.002,0.001,0.000,0.001
-90.066,0.036,-1.202,-9.817,0.000,0.004,0.001,0.001,0.001
-90.061,0.036,-1.202,-9.808,-0.006,-0.004,-0.000,0.000,0.000
-90.069,0.035,-1.202,-9.808,-0.004,-0.023,0.000,0.001,0.000
-90.079,0.029,-1.202,-9.806,0.003,-0.028,0.000,0.001,-0.000
-90.079,0.032,-1.202,-9.807,-0.010,-0.014,0.000,0.000,-0.001
-90.067,0.034,-1.202,-9.812,-0.009,0.004,-0.000,0.000,0.000
-90.062,0.035,-1.203,-9.817,-0.006,-0.004,0.001,-0.000,0.001
-90.070,0.037,-1.203,-9.812,-0.009,-0.023,0.000,0.000,0.000
-90.076,0.036,-1.203,-9.799,-0.005,-0.022,0.000,0.000,0.000
-90.074,0.035,-1.203,-9.804,-0.005,-0.010,0.000,0.001,0.001
-90.066,0.034,-1.203,-9.802,-0.004,-0.002,0.001,0.000,-0.000
-90.060,0.028,-1.203,-9.808,0.002,-0.002,0.001,0.000,-0.000
-90.062,0.031,-1.204,-9.811,-0.009,-0.013,0.000,0.000,0.000
-90.072,0.031,-1.204,-9.808,-0.004,-0.028,0.000,0.000,0.001
-90.077,0.035,-1.204,-9.811,-0.012,-0.020,0.000,-0.000,-0.000
-90.072,0.036,-1.204,-9.803,-0.007,-0.007,0.001,0.001,0.000
-90.065,0.041,-1.205,-9.799,-0.014,-0.002,0.001,0.000,0.000
-90.063,0.041,-1.205,-9.800,-0.006,-0.009,0.000,0.001,0.001
-90.074,0.040,-1.205,-9.801,-0.005,-0.028,0.000,0.000,0.000
-90.079,0.037,-1.205,-9.800,-0.002,-0.020,-0.001,0.000,-0.000
-90.074,0.043,-1.204,-9.806,-0.017,-0.007,-0.001,0.001,-0.000
-90.068,0.040,-1.204,-9.796,-0.002,-0.003,-0.000,0.001,-0.000
-90.066,0.037,-1.204,-9.813,-0.003,-0.008,0.001,-0.000,-0.000
-90.061,0.037,-1.205,-9.811,-0.005,-0.004,0.000,-0.000,0.000
-90.059,0.032,-1.205,-9.811,0.001,-0.007,0.000,0.000,-0.000
-90.060,0.030,-1.204,-9.814,-0.004,-0.012,-0.001,0.001,-0.000
-90.063,0.029,-1.205,-9.801,-0.003,-0.015,0.000,0.000,0.000
-90.066,0.033,-1.205,-9.823,-0.011,-0.016,0.001,0.000,-0.001
-90.068,0.033,-1.206,-9.811,-0.007,-0.014,0.001,-0.000,-0.000
-90.054,0.041,-1.206,-9.813,-0.019,0.010,0.001,-0.000,0.000
-90.044,0.045,-1.206,-9.805,-0.014,0.010,0.001,-0.001,-0.000
-90.046,0.041,-1.207,-9.797,-0.001,-0.011,0.001,-0.000,0.000
-90.053,0.041,-1.208,-9.802,-0.007,-0.018,0.001,0.000,0.001
-90.051,0.040,-1.209,-9.802,-0.004,-0.007,0.001,-0.000,0.001
-90.046,0.035,-1.209,-9.810,0.001,-0.001,0.000,0.000,0.001
-90.045,0.037,-1.209,-9.806,-0.008,-0.007,0.000,0.000,0.000
-90.051,0.042,-1.209,-9.805,-0.014,-0.016,-0.000,-0.000,0.001
-90.064,0.042,-1.209,-9.805,-0.007,-0.029,0.000,-0.000,0.001
-90.074,0.042,-1.209,-9.813,-0.006,-0.026,0.000,0.001,0.001
-90.070,0.042,-1.209,-9.808,-0.007,-0.007,0.000,-0.000,0.000
-90.059,0.040,-1.210,-9.803,-0.004,0.005,0.000,0.001,0.000
-90.075,0.043,-1.209,-9.805,-0.011,-0.038,-0.000,0.000,0.001
-90.091,0.041,-1.210,-9.804,-0.004,-0.038,0.001,0.001,0.001
-90.073,0.041,-1.210,-9.814,-0.008,0.011,0.000,0.001,0.000
-90.068,0.039,-1.210,-9.815,-0.002,-0.004,0.001,0.000,0.001
-90.054,0.039,-1.210,-9.805,-0.008,0.010,0.000,0.000,-0.001
-90.054,0.036,-1.211,-9.810,-0.002,-0.009,0.001,-0.000,-0.000
-90.083,0.037,-1.211,-9.806,-0.008,-0.053,-0.000,-0.001,0.000
-90.090,0.034,-1.211,-9.796,0.000,-0.026,0.000,0.000,0.001
-90.083,0.030,-1.211,-9.799,0.001,-0.004,0.001,0.001,-0.000
-90.075,0.032,-1.211,-9.805,-0.008,-0.002,0.000,-0.000,0.000
-90.073,0.033,-1.212,-9.795,-0.007,-0.010,0.001,0.000,0.000
-90.092,0.035,-1.212,-9.802,-0.009,-0.042,0.001,0.000,0.000
-90.097,0.034,-1.213,-9.805,-0.004,-0.025,0.001,0.000,0.000
-90.097,0.030,-1.213,-9.794,0.000,-0.017,0.001,0.000,0.000
-90.093,0.028,-1.214,-9.794,0.000,-0.010,0.001,0.001,0.001
-90.088,0.026,-1.214,-9.802,-0.002,-0.008,0.000,0.000,0.000
-90.088,0.026,-1.214,-9.798,-0.004,-0.016,0.001,-0.000,0.000
-90.084,0.027,-1.214,-9.804,-0.006,-0.008,-0.000,0.000,0.000
-90.082,0.027,-1.214,-9.810,-0.004,-0.012,-0.000,0.001,0.001
-90.087,0.025,-1.214,-9.811,-0.002,-0.022,0.000,-0.000,-0.000
-90.088,0.026,-1.214,-9.799,-0.007,-0.017,-0.000,-0.000,-0.001
-90.089,0.022,-1.214,-9.803,0.001,-0.016,0.000,0.000,-0.001
-90.091,0.021,-1.215,-9.806,-0.002,-0.019,0.001,-0.000,0.000
-90.089,0.023,-1.215,-9.807,-0.008,-0.013,0.001,0.000,-0.000
-90.093,0.024,-1.215,-9.814,-0.005,-0.021,0.000,0.001,0.000
-90.093,0.024,-1.216,-9.807,-0.002,-0.017,0.001,0.000,0.000
-90.095,0.024,-1.216,-9.804,-0.005,-0.019,0.001,-0.000,0.000
-90.089,0.021,-1.216,-9.817,0.000,-0.007,0.001,0.000,-0.000
-90.082,0.025,-1.217,-9.811,-0.009,-0.004,0.001,0.001,0.000
-90.088,0.026,-1.217,-9.802,-0.007,-0.023,0.001,0.000,0.000
-90.089,0.028,-1.218,-9.804,-0.007,-0.018,0.001,0.001,0.000
-90.090,0.025,-1.218,-9.809,0.000,-0.016,0.001,0.000,0.000
-90.086,0.028,-1.219,-9.804,-0.007,-0.009,0.001,-0.000,0.001
-90.085,0.025,-1.219,-9.806,-0.001,-0.013,0.001,-0.001,0.001
-90.085,0.029,-1.220,-9.816,-0.011,-0.015,0.001,0.000,-0.000
-90.086,0.030,-1.220,-9.814,-0.005,-0.016,0.001,0.000,0.001
-90.085,0.026,-1.220,-9.804,0.001,-0.013,-0.000,0.000,0.000
-90.084,0.022,-1.221,-9.808,0.002,-0.014,0.001,0.000,-0.000
-90.088,0.017,-1.221,-9.814,0.004,-0.021,0.000,0.000,-0.000
-90.089,0.009,-1.221,-9.804,0.008,-0.017,0.000,0.000,-0.000
-90.090,0.002,-1.220,-9.806,0.010,-0.017,-0.000,0.000,-0.000
-90.086,0.003,-1.221,-9.816,-0.002,-0.010,0.000,0.001,-0.000
-90.082,0.001,-1.221,-9.808,0.002,-0.009,0.000,0.001,0.001
-90.084,0.003,-1.221,-9.807,-0.002,-0.017,-0.000,0.000,0.000
-90.081,0.003,-1.221,-9.810,-0.001,-0.010,0.000,0.000,0.000
-90.075,0.006,-1.221,-9.795,-0.005,-0.003,-0.000,0.000,0.000
-90.071,0.007,-1.221,-9.797,-0.003,-0.008,-0.000,0.001,-0.001
-90.064,0.008,-1.221,-9.803,-0.004,-0.002,0.001,0.000,-0.000
-90.062,0.013,-1.221,-9.808,-0.008,-0.007,0.000,-0.001,0.000
-90.059,0.016,-1.222,-9.816,-0.007,-0.005,0.000,0.000,0.000
-90.059,0.020,-1.222,-9.803,-0.010,-0.012,0.000,0.001,-0.000
-90.064,0.025,-1.222,-9.808,-0.013,-0.018,0.000,0.001,0.000
-90.063,0.032,-1.222,-9.811,-0.015,-0.011,0.000,0.001,0.000
-90.066,0.031,-1.222,-9.810,-0.004,-0.016,0.001,0.000,0.000
-90.062,0.026,-1.223,-9.794,0.002,-0.004,0.001,-0.000,-0.000
-90.054,0.022,-1.223,-9.798,0.003,0.002,0.001,0.000,0.001
-90.062,0.030,-1.223,-9.809,-0.016,-0.021,0.001,0.000,-0.000
-90.072,0.034,-1.224,-9.799,-0.012,-0.027,0.001,-0.000,-0.000
-90.084,0.030,-1.225,-9.802,0.001,-0.029,0.001,-0.001,0.000
-90.079,0.024,-1.225,-9.814,0.006,-0.007,0.000,0.000,0.000
-90.067,0.019,-1.225,-9.810,0.003,0.005,0.000,0.001,0.000
-90.064,0.011,-1.225,-9.806,0.009,-0.007,-0.000,0.001,-0.000
-90.067,0.007,-1.224,-9.802,0.005,-0.017,-0.001,0.001,-0.000
-90.071,0.003,-1.224,-9.811,0.005,-0.019,-0.000,0.000,0.000
-90.080,0.005,-1.225,-9.807,-0.005,-0.028,0.001,0.001,-0.001
-90.081,0.005,-1.225,-9.799,-0.001,-0.016,0.001,0.001,-0.001
-90.077,0.010,-1.225,-9.808,-0.009,-0.008,0.000,0.000,-0.000
-90.075,0.013,-1.226,-9.811,-0.007,-0.011,0.002,0.001,-0.000
-90.067,0.013,-1.226,-9.811,-0.002,-0.001,0.000,0.001,0.001
-90.069,0.011,-1.226,-9.810,0.001,-0.015,0.000,0.001,-0.000
-90.072,0.005,-1.226,-9.810,0.007,-0.017,0.000,0.000,-0.001
-90.067,0.009,-1.226,-9.810,-0.007,-0.005,0.000,0.001,0.000
-90.065,0.009,-1.226,-9.800,-0.001,-0.008,-0.001,-0.000,-0.000
-90.053,0.007,-1.226,-9.807,0.000,0.005,-0.000,0.000,-0.000
-90.050,0.005,-1.226,-9.818,0.002,-0.004,0.000,0.000,0.000
-90.063,0.010,-1.226,-9.806,-0.008,-0.029,-0.000,0.000,0.000
-90.068,0.014,-1.226,-9.810,-0.008,-0.018,-0.000,0.000,-0.000
-90.074,0.018,-1.226,-9.814,-0.009,-0.021,0.000,-0.001,-0.000
-90.065,0.019,-1.226,-9.817,-0.004,0.001,0.000,0.000,0.001
-90.063,0.015,-1.226,-9.805,0.004,-0.007,0.001,-0.000,0.000
-90.063,0.013,-1.226,-9.808,0.002,-0.012,-0.000,0.000,0.001
-90.068,0.015,-1.226,-9.808,-0.005,-0.019,0.001,0.001,0.000
-90.066,0.019,-1.227,-9.810,-0.010,-0.007,0.001,0.000,0.001
-90.059,0.028,-1.227,-9.811,-0.017,-0.001,0.000,0.000,0.000
-90.055,0.025,-1.228,-9.811,0.001,-0.005,0.001,0.000,0.000
-90.050,0.019,-1.228,-9.807,0.004,-0.002,0.000,0.001,0.000
-90.048,0.016,-1.228,-9.811,0.003,-0.005,0.000,0.001,0.000
-90.047,0.017,-1.228,-9.810,-0.003,-0.007,0.000,0.000,0.001
-90.043,0.018,-1.228,-9.802,-0.005,-0.002,-0.000,0.000,0.000
-90.043,0.014,-1.228,-9.801,0.004,-0.009,0.001,0.001,0.000
-90.041,0.012,-1.228,-9.807,0.001,-0.004,0.000,0.001,0.000
-90.032,0.012,-1.228,-9.811,-0.001,0.005,-0.000,0.001,0.001
-90.034,0.010,-1.228,-9.811,0.002,-0.008,0.000,0.000,0.000
-90.040,0.010,-1.229,-9.804,-0.002,-0.016,0.001,0.000,0.000
-90.046,0.009,-1.229,-9.808,0.000,-0.017,0.001,0.000,0.000
-90.047,0.008,-1.229,-9.813,0.001,-0.009,0.000,0.000,0.000
-90.033,0.008,-1.230,-9.798,-0.002,0.016,0.001,0.001,-0.000
-90.032,0.012,-1.230,-9.811,-0.008,-0.004,0.001,0.000,-0.001
-90.038,0.011,-1.231,-9.811,-0.001,-0.016,0.001,0.001,-0.000
-90.040,0.015,-1.231,-9.817,-0.007,-0.010,0.001,0.001,0.001
-90.046,0.019,-1.231,-9.795,-0.009,-0.018,-0.000,0.001,-0.000
-90.042,0.022,-1.232,-9.806,-0.007,-0.002,0.001,0.001,0.001
-90.045,0.023,-1.232,-9.819,-0.005,-0.013,0.001,0.001,0.000
-90.044,0.028,-1.232,-9.809,-0.012,-0.007,0.000,0.001,0.000
-90.038,0.029,-1.233,-9.805,-0.005,0.002,0.000,0.001,0.000
-90.036,0.032,-1.233,-9.802,-0.011,-0.005,0.001,0.001,-0.000
-90.037,0.032,-1.233,-9.805,-0.006,-0.008,-0.000,0.000,-0.000
-90.046,0.032,-1.233,-9.805,-0.005,-0.021,0.000,0.000,-0.000
-90.050,0.030,-1.233,-9.812,-0.002,-0.014,0.000,0.001,0.000
-90.047,0.024,-1.233,-9.812,0.005,-0.004,-0.000,0.000,0.001
-90.040,0.020,-1.233,-9.809,0.004,0.003,-0.000,0.000,0.000
-90.042,0.011,-1.233,-9.810,0.010,-0.010,0.000,0.000,0.001
-90.038,0.016,-1.233,-9.804,-0.008,-0.001,0.000,-0.000,0.001
-90.043,0.020,-1.233,-9.816,-0.009,-0.014,0.000,-0.000,0.001
-90.051,0.025,-1.233,-9.813,-0.011,-0.020,-0.000,0.001,0.000
-90.054,0.030,-1.233,-9.818,-0.010,-0.014,0.001,-0.000,0.001
-90.053,0.035,-1.233,-9.814,-0.013,-0.008,0.000,0.000,0.000
-90.049,0.035,-1.234,-9.809,-0.007,-0.001,0.001,-0.001,0.000
-90.052,0.040,-1.234,-9.813,-0.013,-0.014,0.000,0.000,0.000
-90.059,0.042,-1.234,-9.806,-0.011,-0.019,0.000,-0.000,0.000
-90.057,0.042,-1.234,-9.799,-0.007,-0.008,0.000,0.000,0.000
-90.056,0.042,-1.234,-9.809,-0.007,-0.008,0.000,-0.000,0.000
-90.052,0.038,-1.234,-9.815,-0.001,-0.004,-0.000,-0.000,-0.000
-90.051,0.036,-1.234,-9.804,-0.004,-0.005,0.000,-0.001,-0.001
-90.051,0.037,-1.234,-9.805,-0.010,-0.009,-0.000,-0.001,-0.001
-90.049,0.038,-1.235,-9.805,-0.008,-0.005,0.001,-0.000,-0.000
-90.052,0.034,-1.235,-9.813,0.000,-0.014,0.000,0.000,0.000
-90.046,0.035,-1.235,-9.817,-0.007,0.000,0.000,0.001,-0.000
-90.036,0.030,-1.235,-9.803,0.001,0.008,0.001,0.001,-0.000
-90.039,0.034,-1.235,-9.816,-0.011,-0.012,-0.000,0.001,0.001
-90.047,0.038,-1.236,-9.799,-0.010,-0.019,0.001,0.000,0.001
-90.050,0.041,-1.236,-9.810,-0.011,-0.014,0.001,0.000,0.000
-90.057,0.040,-1.237,-9.810,-0.006,-0.020,0.001,0.000,0.000
-90.055,0.035,-1.237,-9.808,0.002,-0.007,0.000,0.000,0.000
-90.047,0.032,-1.237,-9.808,-0.001,0.004,0.001,0.000,0.001
-90.048,0.029,-1.237,-9.807,0.000,-0.010,0.000,0.001,0.001
-90.045,0.029,-1.237,-9.809,-0.005,-0.005,0.001,0.000,0.000
-90.040,0.023,-1.238,-9.804,0.005,0.001,0.000,0.001,0.000
-90.045,0.022,-1.238,-9.804,-0.002,-0.015,0.000,0.001,0.001
-90.047,0.025,-1.238,-9.814,-0.008,-0.013,0.000,0.001,0.000
-90.044,0.029,-1.238,-9.811,-0.011,-0.002,0.000,0.000,0.000
-90.039,0.025,-1.238,-9.809,0.001,0.001,0.001,0.000,-0.000
-90.030,0.026,-1.238,-9.812,-0.006,0.007,0.000,0.000,-0.000
-90.026,0.029,-1.238,-9.802,-0.009,0.002,-0.000,-0.000,-0.000
-90.028,0.027,-1.238,-9.802,-0.001,-0.008,-0.000,0.000,0.000
-90.031,0.026,-1.238,-9.808,-0.004,-0.010,-0.000,0.000,0.000
-90.032,0.027,-1.238,-9.807,-0.005,-0.007,0.000,0.001,0.001
-90.041,0.029,-1.238,-9.806,-0.007,-0.021,0.000,0.001,0.000
-90.044,0.034,-1.238,-9.805,-0.014,-0.012,0.000,0.000,0.000
-90.044,0.034,-1.238,-9.797,-0.005,-0.009,0.000,0.002,0.000
-90.042,0.032,-1.238,-9.802,-0.003,-0.005,0.000,0.001,0.000
-90.037,0.035,-1.238,-9.804,-0.010,-0.001,-0.000,0.001,0.001
-90.033,0.045,-1.238,-9.812,-0.020,0.001,0.000,0.000,0.001
-90.035,0.048,-1.238,-9.806,-0.013,-0.009,-0.001,-0.000,0.000
-90.036,0.045,-1.238,-9.804,-0.004,-0.008,-0.000,0.000,-0.000
-90.031,0.038,-1.238,-9.802,0.003,0.001,0.001,0.001,0.000
-90.031,0.036,-1.238,-9.804,-0.003,-0.005,0.000,0.000,0.001
-90.030,0.037,-1.239,-9.816,-0.008,-0.003,0.001,-0.000,0.000
-90.034,0.035,-1.239,-9.812,-0.002,-0.013,-0.000,0.001,-0.000
-90.038,0.033,-1.239,-9.822,-0.002,-0.013,0.000,0.000,0.000
-90.034,0.024,-1.239,-9.806,0.007,-0.001,0.000,0.000,0.000
-90.028,0.032,-1.239,-9.811,-0.016,0.004,0.000,0.000,0.000
-90.033,0.037,-1.239,-9.811,-0.014,-0.013,-0.000,0.000,-0.001
-90.034,0.035,-1.240,-9.813,-0.002,-0.007,0.001,-0.000,0.000
-90.025,0.027,-1.239,-9.805,0.005,0.008,-0.000,0.000,-0.001
-90.021,0.022,-1.239,-9.809,0.003,0.001,0.000,0.000,-0.000
-90.019,0.021,-1.239,-9.820,-0.002,-0.001,-0.000,0.000,-0.001
-90.026,0.021,-1.239,-9.805,-0.004,-0.014,-0.000,0.001,0.000
-90.024,0.019,-1.239,-9.800,-0.001,-0.001,0.000,-0.000,0.000
-90.020,0.021,-1.239,-9.813,-0.006,0.002,-0.000,0.000,0.001
-90.021,0.027,-1.239,-9.815,-0.011,-0.005,0.001,0.000,0.000
-90.018,0.031,-1.240,-9.803,-0.011,0.002,0.001,-0.000,0.001
-90.020,0.026,-1.241,-9.810,0.003,-0.007,0.002,0.000,-0.000
-90.016,0.031,-1.241,-9.803,-0.013,0.004,0.000,0.000,0.000
-90.021,0.033,-1.241,-9.804,-0.008,-0.010,0.000,0.000,-0.000
-90.022,0.032,-1.241,-9.802,-0.004,-0.006,0.000,0.000,-0.001
-90.023,0.031,-1.241,-9.809,-0.005,-0.006,-0.000,0.000,-0.001
-90.021,0.034,-1.241,-9.805,-0.010,-0.001,0.000,-0.000,0.000
-90.017,0.037,-1.241,-9.813,-0.011,0.003,-0.001,0.001,0.000
-90.012,0.040,-1.241,-9.809,-0.010,0.004,-0.000,0.001,0.000
-90.016,0.037,-1.241,-9.807,-0.002,-0.008,0.000,0.001,0.000
-90.024,0.033,-1.241,-9.811,-0.001,-0.016,0.000,0.000,-0.001
-90.022,0.035,-1.241,-9.808,-0.010,-0.001,0.000,0.000,-0.001
-90.022,0.032,-1.241,-9.811,-0.002,-0.005,-0.000,0.000,-0.001
-90.020,0.027,-1.241,-9.814,0.001,0.000,0.001,0.000,-0.000
-90.020,0.026,-1.242,-9.805,-0.004,-0.004,0.001,0.000,-0.001
-90.030,0.019,-1.242,-9.797,0.007,-0.019,0.001,0.000,0.000
-90.027,0.020,-1.242,-9.801,-0.005,0.000,0.000,-0.000,-0.001
-90.024,0.027,-1.243,-9.799,-0.016,-0.001,0.001,0.000,-0.000
-90.024,0.029,-1.243,-9.811,-0.007,-0.004,0.000,-0.000,0.000
-90.024,0.033,-1.243,-9.802,-0.011,-0.004,0.001,0.000,0.000
-90.028,0.033,-1.244,-9.799,-0.005,-0.010,0.000,0.000,0.000
-90.026,0.035,-1.244,-9.807,-0.009,-0.003,0.001,0.000,0.000
-90.023,0.039,-1.244,-9.810,-0.013,0.001,0.000,0.000,0.000
-90.027,0.042,-1.244,-9.807,-0.013,-0.011,0.000,0.000,-0.000
-90.033,0.044,-1.244,-9.820,-0.011,-0.014,-0.000,0.000,-0.001
-90.035,0.049,-1.245,-9.813,-0.015,-0.008,0.001,0.000,0.000
-90.029,0.049,-1.246,-9.808,-0.008,0.002,0.001,0.001,-0.000
-90.037,0.049,-1.246,-9.818,-0.008,-0.017,0.000,0.000,0.001
-90.034,0.044,-1.246,-9.801,0.001,-0.002,0.000,0.000,0.000
-90.027,0.039,-1.247,-9.803,0.001,0.007,0.001,-0.000,-0.000
-90.029,0.034,-1.247,-9.804,0.000,-0.008,0.000,0.000,-0.001
-90.031,0.034,-1.247,-9.817,-0.007,-0.008,0.000,-0.000,-0.000
-90.029,0.037,-1.247,-9.806,-0.011,-0.001,-0.000,-0.001,-0.000
-90.039,0.039,-1.247,-9.805,-0.008,-0.021,0.000,0.000,-0.000
-90.033,0.036,-1.247,-9.810,-0.002,0.004,0.001,-0.000,0.000
-90.024,0.037,-1.248,-9.811,-0.007,0.007,0.001,0.000,0.001
-90.018,0.033,-1.248,-9.804,0.001,0.005,0.000,0.001,0.001
-90.017,0.026,-1.248,-9.810,0.006,-0.002,-0.001,0.001,0.001
-90.028,0.033,-1.248,-9.809,-0.016,-0.022,0.000,0.000,-0.000
-90.035,0.035,-1.248,-9.814,-0.009,-0.015,0.001,0.000,0.000
-90.028,0.035,-1.248,-9.816,-0.006,0.005,0.000,0.000,0.000
-90.026,0.036,-1.248,-9.811,-0.008,-0.002,-0.000,0.000,0.000
-90.029,0.026,-1.248,-9.808,0.010,-0.009,0.000,0.001,0.000
-90.033,0.024,-1.248,-9.795,-0.002,-0.013,0.000,0.000,-0.000
-90.042,0.020,-1.249,-9.804,0.002,-0.020,0.001,0.000,0.000
-90.040,0.013,-1.249,-9.807,0.008,-0.003,0.000,-0.000,0.000
-90.034,0.011,-1.249,-9.817,0.001,0.002,0.000,0.000,0.000
-90.034,0.008,-1.249,-9.810,0.004,-0.004,0.000,-0.001,0.000
-90.042,0.012,-1.249,-9.810,-0.008,-0.019,0.000,0.000,0.000
-90.039,0.014,-1.249,-9.811,-0.005,-0.001,0.000,-0.001,-0.000
-90.035,0.017,-1.250,-9.813,-0.008,0.000,0.001,-0.000,-0.000
-90.031,0.025,-1.250,-9.811,-0.016,0.000,0.000,0.000,0.000
-90.026,0.026,-1.249,-9.806,-0.005,0.002,-0.001,0.000,0.000
-90.023,0.028,-1.250,-9.810,-0.008,0.000,0.000,0.000,0.000
-90.024,0.031,-1.250,-9.804,-0.008,-0.005,0.000,-0.000,0.001
-90.013,0.026,-1.250,-9.799,0.003,0.012,0.001,0.000,0.001
-90.022,0.029,-1.251,-9.800,-0.008,-0.016,0.001,0.000,0.001
-90.025,0.027,-1.251,-9.803,-0.001,-0.009,0.000,0.000,0.000
-90.022,0.025,-1.251,-9.808,-0.002,-0.001,0.000,0.001,-0.000
-90.024,0.024,-1.251,-9.814,-0.002,-0.007,0.000,0.001,0.000
-90.023,0.023,-1.250,-9.809,-0.003,-0.002,-0.001,0.000,0.000
-90.023,0.022,-1.251,-9.793,-0.002,-0.005,0.001,0.001,0.000
-90.026,0.020,-1.251,-9.807,0.001,-0.010,0.001,0.001,0.000
-90.014,0.015,-1.251,-9.808,0.004,0.014,0.001,0.000,0.000
-90.013,0.015,-1.251,-9.813,-0.001,-0.002,0.000,-0.000,0.000
-90.017,0.010,-1.252,-9.811,0.005,-0.009,0.000,0.000,-0.000
-90.023,0.012,-1.252,-9.814,-0.005,-0.012,0.000,0.001,0.000
-90.024,0.018,-1.252,-9.816,-0.011,-0.007,0.000,0.000,-0.000
-90.015,0.020,-1.252,-9.813,-0.007,0.011,0.001,0.000,-0.001
-90.010,0.021,-1.252,-9.813,-0.005,0.005,0.000,0.000,-0.000
-90.013,0.024,-1.253,-9.808,-0.009,-0.006,0.000,0.000,-0.000
-90.019,0.024,-1.253,-9.805,-0.004,-0.013,0.001,-0.000,0.000
-90.022,0.019,-1.254,-9.799,0.005,-0.007,0.000,0.000,0.001
-90.017,0.022,-1.254,-9.804,-0.008,0.002,0.001,0.001,0.000
-90.012,0.022,-1.254,-9.810,-0.004,0.007,0.000,0.000,-0.000
-90.012,0.014,-1.254,-9.811,0.009,-0.002,-0.000,0.000,0.001
-90.006,0.019,-1.254,-9.815,-0.010,0.007,0.001,-0.000,0.000
-90.008,0.018,-1.254,-9.817,-0.001,-0.004,-0.000,0.001,0.001
-90.006,0.017,-1.254,-9.809,-0.001,0.002,0.000,0.000,0.001
-90.003,0.017,-1.255,-9.807,-0.001,0.004,0.001,-0.000,0.001
-90.012,0.012,-1.255,-9.811,0.004,-0.015,-0.000,0.000,0.000
-90.013,0.014,-1.255,-9.807,-0.005,-0.005,0.001,0.000,0.001
-90.013,0.018,-1.256,-9.810,-0.008,-0.002,0.001,0.000,0.000
-90.011,0.020,-1.256,-9.812,-0.005,0.001,0.001,0.000,0.000
-90.013,0.018,-1.256,-9.805,0.000,-0.005,-0.000,0.000,0.000
-90.021,0.019,-1.256,-9.804,-0.004,-0.016,-0.001,0.000,0.001
-90.024,0.018,-1.256,-9.800,-0.002,-0.008,0.000,-0.001,-0.000
-90.019,0.018,-1.256,-9.807,-0.002,0.004,0.001,-0.001,0.000
-90.019,0.021,-1.256,-9.801,-0.007,-0.003,-0.000,-0.001,0.001
-90.020,0.021,-1.256,-9.808,-0.004,-0.004,0.000,-0.000,0.000
-90.019,0.018,-1.256,-9.817,0.001,-0.003,-0.001,0.001,0.000
-90.015,0.016,-1.256,-9.798,0.000,0.002,0.000,0.001,0.000
-90.008,0.011,-1.256,-9.801,0.004,0.010,-0.000,-0.000,-0.000
-90.007,0.006,-1.256,-9.805,0.007,-0.001,0.001,0.001,0.000
-90.012,0.011,-1.256,-9.805,-0.010,-0.011,-0.001,0.000,0.001
-90.020,0.018,-1.256,-9.812,-0.012,-0.016,-0.001,0.001,0.000
-90.018,0.018,-1.256,-9.805,-0.004,0.000,-0.000,0.000,0.001
-90.013,0.024,-1.256,-9.808,-0.012,0.005,0.000,-0.000,0.001
-90.017,0.027,-1.256,-9.813,-0.009,-0.010,0.001,0.000,-0.000
-90.021,0.032,-1.256,-9.804,-0.012,-0.010,0.000,0.001,0.000
-90.016,0.030,-1.257,-9.816,-0.003,0.004,0.001,0.000,0.000
-90.014,0.027,-1.257,-9.802,0.000,0.001,0.001,0.000,-0.000
-90.014,0.029,-1.257,-9.817,-0.007,-0.003,0.000,0.001,0.001
-90.015,0.035,-1.257,-9.804,-0.013,-0.005,0.000,0.001,0.001
-90.018,0.033,-1.258,-9.802,-0.004,-0.007,0.001,0.000,0.000
-90.016,0.029,-1.258,-9.799,0.001,0.000,0.000,0.000,0.001
-90.016,0.024,-1.258,-9.798,0.005,-0.002,0.001,0.000,0.000
-90.018,0.025,-1.258,-9.805,-0.007,-0.007,-0.001,0.000,-0.001
-90.022,0.026,-1.258,-9.810,-0.006,-0.010,0.000,0.000,-0.000
-90.023,0.034,-1.259,-9.811,-0.017,-0.005,0.001,0.001,-0.000
-90.029,0.033,-1.259,-9.796,-0.004,-0.014,0.001,0.000,0.000
-90.029,0.038,-1.259,-9.799,-0.013,-0.005,0.000,0.000,0.000
-90.025,0.033,-1.259,-9.803,0.002,0.001,0.000,0.000,-0.000
-90.028,0.032,-1.260,-9.804,-0.005,-0.008,0.001,-0.001,-0.000
-90.022,0.032,-1.259,-9.807,-0.005,0.004,-0.000,0.001,0.000
-90.024,0.036,-1.260,-9.802,-0.013,-0.008,0.000,0.001,0.000
-90.026,0.039,-1.260,-9.801,-0.010,-0.007,0.001,-0.000,0.000
-90.028,0.046,-1.261,-9.808,-0.019,-0.008,0.001,0.000,-0.000
-90.029,0.048,-1.261,-9.816,-0.010,-0.007,0.000,0.001,0.000
-90.031,0.043,-1.260,-9.802,-0.001,-0.010,-0.000,0.000,-0.001
-90.038,0.044,-1.260,-9.812,-0.009,-0.016,-0.000,0.000,-0.000
-90.040,0.046,-1.260,-9.806,-0.011,-0.009,0.001,0.000,-0.000
-90.038,0.049,-1.261,-9.808,-0.011,-0.004,0.000,0.000,0.001
-90.030,0.047,-1.261,-9.801,-0.006,0.005,0.000,0.000,-0.001
-90.026,0.042,-1.261,-9.802,-0.001,0.001,0.000,-0.000,-0.000
-90.027,0.043,-1.261,-9.805,-0.008,-0.005,0.000,-0.001,0.000
-90.028,0.045,-1.261,-9.811,-0.011,-0.007,0.000,0.001,0.000
-90.030,0.046,-1.261,-9.808,-0.009,-0.007,-0.000,0.000,0.000
-90.026,0.046,-1.261,-9.807,-0.007,0.001,0.001,0.000,0.000
-90.021,0.035,-1.262,-9.815,0.008,0.003,0.001,0.000,0.000
-90.015,0.029,-1.261,-9.806,0.005,0.007,-0.000,0.000,0.001
-90.017,0.026,-1.262,-9.813,-0.001,-0.006,0.001,0.000,-0.000
-90.011,0.020,-1.262,-9.809,0.005,0.006,0.001,0.000,-0.000
-90.018,0.017,-1.262,-9.807,0.002,-0.014,0.000,0.001,-0.000
-90.021,0.015,-1.263,-9.802,0.001,-0.008,0.001,0.000,0.000
-90.015,0.015,-1.263,-9.809,-0.004,0.004,0.000,0.001,0.000
-90.010,0.017,-1.263,-9.810,-0.007,0.007,0.000,-0.000,-0.000
-90.006,0.015,-1.263,-9.821,0.001,0.004,-0.000,0.000,0.000
-90.010,0.015,-1.263,-9.821,-0.002,-0.007,-0.000,0.000,-0.000
-90.022,0.013,-1.263,-9.811,0.001,-0.020,0.000,-0.000,-0.000
-90.020,0.009,-1.263,-9.806,0.002,-0.002,0.000,0.001,-0.000
-90.021,0.011,-1.263,-9.811,-0.004,-0.004,0.000,-0.000,0.000
-90.020,0.007,-1.263,-9.805,0.004,-0.001,0.000,-0.001,-0.001
-90.020,0.011,-1.263,-9.808,-0.008,-0.004,0.001,-0.000,-0.001
-90.032,0.018,-1.263,-9.799,-0.014,-0.021,-0.000,-0.000,-0.000
-90.037,0.019,-1.263,-9.813,-0.004,-0.014,0.000,0.000,0.000
-90.036,0.021,-1.264,-9.805,-0.006,-0.006,0.001,0.000,-0.000
-90.037,0.015,-1.264,-9.814,0.004,-0.008,0.001,0.000,-0.000
-90.034,0.012,-1.264,-9.817,0.004,0.000,0.000,0.000,-0.000
-90.035,0.019,-1.265,-9.808,-0.014,-0.008,0.001,0.001,0.000
-90.033,0.019,-1.264,-9.811,-0.002,-0.004,-0.000,0.000,-0.000
-90.033,0.017,-1.265,-9.814,0.000,-0.005,0.000,-0.001,0.001
-90.038,0.020,-1.265,-9.807,-0.007,-0.016,0.001,0.001,0.000
-90.042,0.016,-1.265,-9.811,0.002,-0.013,0.000,0.000,0.000
-90.044,0.020,-1.266,-9.811,-0.009,-0.011,0.000,0.001,-0.000
-90.043,0.021,-1.266,-9.812,-0.004,-0.007,0.000,0.001,0.000
-90.048,0.021,-1.265,-9.816,-0.004,-0.016,-0.000,0.000,0.000
-90.050,0.020,-1.266,-9.804,-0.003,-0.011,0.001,-0.000,-0.001
-90.051,0.016,-1.267,-9.810,0.003,-0.010,0.001,0.000,-0.000
-90.050,0.014,-1.267,-9.801,0.001,-0.007,0.000,0.000,0.001
-90.047,0.016,-1.267,-9.801,-0.005,-0.004,0.000,-0.000,0.000
-90.041,0.015,-1.267,-9.808,-0.002,0.002,0.001,0.000,-0.000
-90.045,0.016,-1.267,-9.808,-0.004,-0.014,0.000,0.000,0.000
-90.046,0.010,-1.267,-9.804,0.007,-0.008,0.000,0.000,0.001
-90.037,0.016,-1.268,-9.806,-0.011,0.005,0.000,0.001,-0.000
-90.029,0.018,-1.268,-9.805,-0.006,0.007,0.000,0.000,0.000
-90.033,0.020,-1.268,-9.817,-0.005,-0.010,0.000,-0.001,0.001
-90.040,0.023,-1.268,-9.809,-0.008,-0.017,0.000,-0.000,0.000
-90.043,0.020,-1.268,-9.810,0.002,-0.011,0.000,-0.000,0.001
-90.034,0.018,-1.267,-9.807,-0.001,0.008,-0.001,0.001,0.001
-90.027,0.014,-1.267,-9.816,0.004,0.004,0.000,0.001,0.000
-90.025,0.016,-1.268,-9.811,-0.005,-0.002,0.001,-0.000,0.000
-90.027,0.014,-1.268,-9.817,-0.001,-0.007,0.001,-0.001,-0.001
-90.027,0.012,-1.269,-9.815,0.001,-0.005,0.001,0.000,-0.000
-90.025,0.009,-1.269,-9.810,0.003,-0.001,0.001,0.000,-0.000
-90.021,0.010,-1.269,-9.802,-0.002,0.002,-0.000,-0.001,0.001
-90.023,0.011,-1.269,-9.809,-0.003,-0.007,0.000,-0.000,-0.000
-90.018,0.016,-1.270,-9.802,-0.011,0.004,0.001,0.000,0.000
-90.017,0.022,-1.270,-9.801,-0.012,-0.002,0.000,0.001,0.000
-90.015,0.020,-1.270,-9.813,-0.001,0.001,0.001,-0.000,-0.000
-90.018,0.016,-1.270,-9.810,0.002,-0.009,0.000,0.001,-0.000
-90.021,0.015,-1.271,-9.821,-0.001,-0.009,0.000,0.001,0.000
-90.018,0.016,-1.271,-9.814,-0.005,0.002,0.000,-0.000,-0.001
-90.014,0.020,-1.271,-9.810,-0.008,0.002,0.001,0.001,0.001
-90.012,0.022,-1.271,-9.805,-0.005,0.001,0.000,-0.000,0.000
-90.009,0.023,-1.271,-9.815,-0.005,0.002,0.000,0.000,0.001
-90.016,0.026,-1.271,-9.817,-0.010,-0.013,0.000,0.001,0.000
-90.017,0.031,-1.271,-9.817,-0.013,-0.007,-0.000,0.001,-0.001
-90.018,0.032,-1.271,-9.814,-0.006,-0.005,0.000,0.000,-0.000
-90.020,0.029,-1.272,-9.811,-0.001,-0.007,0.000,0.000,0.000
-90.020,0.028,-1.271,-9.806,-0.003,-0.003,-0.001,0.000,0.000
-90.022,0.031,-1.271,-9.804,-0.011,-0.008,-0.000,0.000,-0.000
-90.027,0.035,-1.271,-9.805,-0.010,-0.010,0.000,-0.001,0.000
-90.022,0.039,-1.271,-9.808,-0.012,0.004,0.000,-0.000,0.000
-90.015,0.032,-1.272,-9.806,0.003,0.007,0.001,0.000,0.000
-90.017,0.032,-1.272,-9.811,-0.004,-0.007,0.000,0.000,0.000
-90.022,0.030,-1.272,-9.812,-0.002,-0.012,0.000,0.001,0.001
-90.018,0.032,-1.272,-9.803,-0.008,0.003,0.000,0.000,0.000
-90.019,0.029,-1.272,-9.805,-0.001,-0.004,-0.000,-0.000,0.000
-90.027,0.027,-1.272,-9.793,-0.002,-0.016,-0.000,-0.000,-0.001
-90.029,0.027,-1.271,-9.805,-0.004,-0.008,-0.000,0.000,0.000
-90.028,0.027,-1.271,-9.808,-0.004,-0.002,-0.000,0.001,0.001
-90.028,0.027,-1.271,-9.811,-0.005,-0.005,-0.000,-0.001,-0.000
-90.027,0.033,-1.271,-9.816,-0.014,-0.004,0.000,0.001,0.000
-90.026,0.033,-1.271,-9.808,-0.007,-0.004,0.001,0.000,-0.001
-90.027,0.036,-1.272,-9.811,-0.009,-0.007,0.000,0.000,0.001
-90.022,0.038,-1.271,-9.810,-0.010,0.004,-0.000,0.000,-0.000
-90.025,0.040,-1.271,-9.820,-0.009,-0.009,-0.000,0.000,0.000
-90.028,0.035,-1.271,-9.813,0.001,-0.010,0.000,-0.001,0.000
-90.029,0.031,-1.272,-9.805,0.002,-0.006,0.001,0.000,0.001
-90.028,0.026,-1.272,-9.801,0.002,-0.003,0.000,-0.000,0.000
-90.027,0.029,-1.272,-9.804,-0.011,-0.003,0.000,0.000,-0.001
-90.025,0.028,-1.272,-9.807,-0.004,-0.001,0.000,0.000,-0.000
-90.032,0.023,-1.272,-9.802,0.003,-0.016,0.000,0.000,0.000
-90.030,0.025,-1.273,-9.801,-0.007,-0.001,0.001,-0.000,0.000
-90.026,0.023,-1.273,-9.814,-0.001,0.001,0.000,-0.000,0.001
-90.023,0.029,-1.273,-9.811,-0.013,0.001,0.001,0.000,0.001
-90.015,0.023,-1.273,-9.808,0.005,0.007,0.000,0.001,0.000
-90.019,0.022,-1.273,-9.818,-0.002,-0.010,0.000,0.001,0.000
-90.025,0.022,-1.273,-9.808,-0.004,-0.013,0.000,0.000,0.000
-90.017,0.021,-1.274,-9.814,-0.002,0.008,0.001,0.000,-0.000
-90.015,0.016,-1.274,-9.818,0.004,0.000,0.000,0.000,-0.000
-90.014,0.016,-1.274,-9.814,-0.002,-0.001,0.000,0.001,0.000
-90.021,0.014,-1.274,-9.816,0.001,-0.016,-0.001,0.000,-0.000
-90.024,0.016,-1.274,-9.811,-0.007,-0.009,-0.000,0.000,-0.001
-90.024,0.021,-1.273,-9.802,-0.010,-0.004,-0.001,0.000,0.000
-90.026,0.020,-1.273,-9.804,-0.002,-0.009,0.000,0.001,-0.000
-90.020,0.022,-1.273,-9.813,-0.007,0.005,-0.000,0.001,0.000
-90.014,0.023,-1.273,-9.802,-0.005,0.007,-0.001,-0.000,-0.000
-90.011,0.031,-1.273,-9.802,-0.017,0.002,-0.001,0.000,-0.000
-90.014,0.036,-1.272,-9.805,-0.012,-0.006,-0.001,-0.000,0.000
-90.025,0.034,-1.272,-9.806,-0.004,-0.019,0.000,-0.000,0.000
-90.018,0.034,-1.273,-9.802,-0.005,0.006,0.001,0.000,0.000
-90.014,0.030,-1.273,-9.814,-0.001,0.002,0.000,0.001,-0.000
-90.019,0.030,-1.273,-9.802,-0.004,-0.011,0.000,0.000,0.000
-90.021,0.037,-1.273,-9.820,-0.016,-0.006,0.001,-0.000,0.001
-90.027,0.038,-1.273,-9.804,-0.006,-0.014,0.000,0.000,0.001
-90.033,0.030,-1.274,-9.804,0.005,-0.013,0.001,-0.000,-0.000
-90.029,0.031,-1.273,-9.807,-0.006,0.001,-0.000,0.000,0.000
-90.029,0.033,-1.274,-9.805,-0.008,-0.005,0.000,0.000,0.001
-90.026,0.031,-1.274,-9.798,-0.002,-0.001,0.000,-0.000,0.001
-90.027,0.032,-1.274,-9.810,-0.006,-0.006,0.000,0.000,0.000
-90.031,0.030,-1.274,-9.813,-0.002,-0.011,0.001,-0.000,0.001
-90.032,0.022,-1.275,-9.808,0.007,-0.007,0.001,0.000,0.001
-90.036,0.027,-1.275,-9.816,-0.013,-0.014,0.000,0.001,0.000
-90.039,0.038,-1.275,-9.815,-0.022,-0.010,0.001,-0.000,0.001
-90.037,0.043,-1.275,-9.796,-0.015,-0.004,0.000,0.001,-0.001
-90.037,0.042,-1.276,-9.804,-0.004,-0.007,0.001,0.000,0.001
-90.041,0.041,-1.276,-9.805,-0.004,-0.013,-0.000,-0.000,0.001
-90.048,0.037,-1.275,-9.815,-0.001,-0.017,-0.000,-0.000,0.000
-90.051,0.039,-1.276,-9.819,-0.010,-0.014,0.001,0.001,0.000
-90.048,0.039,-1.277,-9.805,-0.007,-0.004,0.001,0.000,0.000
-90.042,0.039,-1.277,-9.805,-0.006,0.001,0.001,0.000,-0.000
-90.039,0.037,-1.277,-9.812,-0.005,-0.003,0.000,0.001,-0.000
-90.042,0.035,-1.277,-9.808,-0.004,-0.010,0.000,0.000,-0.000
-90.049,0.034,-1.278,-9.805,-0.004,-0.018,0.001,-0.000,0.000
-90.042,0.027,-1.278,-9.813,0.005,0.002,0.000,-0.000,0.001