0.237026
0.365567
0.410043
0.241222
0.063160
0.121417
0.114963
0.001277
0.658873
0.980288
0.127336
1.124574
0.868422
0.607266
0.546267
0.314127
0.113235
0.055673
0.526106
0.482389
0.861287
0.896599
0.068222
0.065083
0.174823
0.650073
0.190259
0.535021
0.473230
0.469793
0.464471
0.318616
0.589697
0.112616
0.593816
0.231682
0.537399
0.419632
0.004196
0.119901
0.009481
0.059351
0.451100
0.173710
0.133611
0.242982
0.054528
0.131075
0.890027
0.664289
0.378682
0.173095
0.200852
0.116705
0.007176
0.599162
0.350147
0.003501
0.065879
0.050272
0.141564
0.543980
1.250892
1.171231
0.577023
0.598335
0.054109
0.295795
0.138969
0.288016
0.469916
0.202743
0.238851
0.405403
0.070345
0.532675
0.206115
0.426001
0.843201
0.076328
0.059943
0.589585
0.186994
0.369227
0.418488
0.075624
0.546979
0.203599
0.301527
0.115498
0.330486
0.121487
0.055623
0.065223
0.122631
0.256772
0.009469
0.485926
0.597964
0.420177
0.186582
0.133754
0.117309
0.274003
0.358005
0.540360
0.718242
0.112049
0.235906
0.122356
0.184904
0.274567
0.109050
0.065157
0.860548
0.525564
0.005256
0.009370
0.008296
0.263270
0.056887
0.000569
0.005314
0.232286
0.412473
0.728829
0.044401
0.658899
0.598495
0.457624
0.019819
0.236848
0.404260
0.390461
0.233430
0.258056
0.234703
0.286849
0.984421
1.081520
0.427743
0.456131
0.065839
0.063820
0.000574
0.118507
0.262045
0.350810
0.114934
0.001356
0.533321
0.541036
0.008500
0.237102
0.063206
0.243592
0.477613
0.467441
0.065727
0.237683
0.458243
0.825467
0.188350
0.311180
0.365630
0.201584
0.353725
0.251409
0.188265
0.413101
0.127091
0.009547
0.169462
0.265245
0.530921
0.538618
0.191537
0.772058
0.847349
0.584939
0.065106
0.264086
0.002377
0.355515
0.464834
0.647638
0.651210
0.290422
0.107170
0.318636
0.293415
0.422576
0.007210
0.118578
0.067158
0.005369
0.000054
0.125163
0.350798
0.052134
0.208754
0.057378
0.335043
0.293267
0.051476
1.256929
1.292331
0.576986
0.598976
0.127317
0.067255
0.237631
0.175393
0.462833
0.469886
0.419578
0.794749
0.465809
0.226288
0.075110
0.591889
0.388467
0.477548
0.113738
0.083091
0.013640
0.236890
1.248338
0.699843
0.584789
1.061354
0.069870
0.264139
0.116088
0.001209
0.526738
0.587824
0.454352
0.351450
0.232243
0.859917
0.229287
0.552407
0.137819
0.421793
0.202208
0.590745
0.044850
0.075782
0.593247
0.942171
0.582096
0.468813
0.071050
0.178409
0.650001
0.453622
0.241109
0.412336
0.192940
0.235290
0.279052
0.471541
0.350824
0.983710
0.287429
0.292032
0.603726
0.551707
0.388913
0.542606
0.527882
0.250728
0.110164
0.415897
0.126967
0.532166
0.715700
0.704637
0.599741
0.009139
0.061567
0.711694
0.402951
0.047488
0.057322
0.059772
0.119111
0.451751
0.232960
0.357869
0.603140
0.053828
0.059795
0.133637
0.233465
0.666293
0.468055
0.253772
0.260543
0.123158
0.297514
0.003306
0.425539
0.136409
0.176542
0.408312
0.127144
0.887621
0.107266
0.396235
0.470486
0.389816
0.418304
0.351356
0.588661
0.348937
0.003489
0.254198
0.175482
0.191530
0.001724
0.247603
0.721495
0.289789
0.002898
0.395011
0.409971
1.454457
1.231296
0.224713
0.853430
0.525472
0.053847
0.142932
0.126814
0.393634
0.290274
0.234123
0.054049
0.012467
0.462196
0.192386
0.176038
0.067797
0.175950
0.174801
0.128370
0.175382
0.472298
0.389796
0.408822
0.336484
0.589537
0.129316
0.135697
0.114971
0.413646
0.316759
0.249511
0.180265
0.138844
0.117263
0.076481
0.126228
0.235764
0.189529
0.297988
0.716346
0.537226
0.054421
0.190410
0.469909
0.244154
0.326490
0.417734
0.052601
0.132266
0.415986
0.005900
0.128036
0.719373
1.135077
0.425982
0.005231
0.142168
0.176490
0.397004
0.054414
1.364713
0.511561
0.597169
0.400323
0.794535
0.305638
0.266758
0.412395
0.122637
0.004050
0.120895
0.238235
0.392396
0.174238
0.063905
0.295707
0.471095
0.258128
0.122128
0.597282
0.454247
0.307636
1.058103
0.820068
0.817633
0.974349
0.070597
1.424021
1.630191
0.814919
0.385989
0.190890
0.653730
0.644665
0.309384
0.004206
0.065887
0.117920
0.058053
0.262717
0.174220
0.327267
0.064631
0.347865
0.391178
0.062847
0.112030
0.262117
0.891206
0.339105
1.419104
0.041187
0.399810
0.067557
0.663044
0.150767
0.451601
0.136699
0.188601
0.057370
0.198159
0.238809
1.069005
0.642669
0.598349
0.388395
0.301096
0.062267
0.398276
0.003584
0.177734
0.397018
0.114940
0.591208
0.466360
0.008349
0.395136
0.244101
0.180211
0.677645
0.105495
0.067013
0.947501
0.842669
0.009363
0.000084
0.296283
0.332495
0.109713
0.001219
0.474041
0.050925
0.314112
0.293455
0.056322
0.198147
0.061040
0.009002
0.394943
0.181324
0.194281
0.176021
0.057496
0.591926
0.646494
0.229233
0.004022
0.474088
0.802004
0.481270
0.124356
0.198903
0.709288
0.407703
0.267892
0.309385
0.408843
0.299962
0.352539
0.464801
0.588382
0.705194
0.387208
0.121998
0.198877
0.845721
0.602028
0.666212
0.184820
0.235178
0.063175
0.295714
0.390441
0.589051
0.171879
0.396953
0.707505
0.541653
1.520351
1.344630
0.643465
0.290491
0.428533
0.004761
0.651779
0.465187
0.324034
0.589649
0.454200
0.300370
0.064548
0.065123
0.059843
0.827783
0.450343
0.359592
0.651669
0.406464
0.122578
0.137061
0.417178
0.241198
0.858607
1.177402
0.711164
0.586164
0.053395
0.790680
0.940988
0.072448
0.988413
0.248254
0.767852
0.140213
0.186240
0.532664
0.054463
0.119058
0.722923
0.349033
0.552432
0.406275
0.114856
0.011943
0.296175
0.065680
0.527454
0.232279
0.248973
0.134447
0.349685
0.061955
0.119071
0.234649
0.134288
0.052205
0.123834
0.133057
0.299802
0.457553
0.232908
0.175440
0.853978
0.840903
0.188359
0.070356
0.117880
0.064531
0.357282
0.714651
0.782146
0.244065
0.175329
0.203515
0.238858
0.138206
0.416039
0.173609
0.348462
0.283821
0.121351
0.067189
0.532692
0.323284
0.773244
0.719831
0.733378
0.362139
0.302120
0.003357
0.000030
0.544015
0.010666
0.183646
0.597173
0.540993
0.005410
0.790027
0.718188
0.184951
1.189634
0.522602
0.024546
0.812947
0.821297
0.140989
0.532040
0.013808
0.122404
0.297384
1.445121
0.223960
0.002240
0.658430
0.361465
0.062871
0.524682
0.171838
0.265271
0.113683
0.174190
0.128376
0.120901
0.295073
0.128336
0.058101
0.262717
0.112617
0.111379
0.387130
0.469300
0.527348
0.652546
0.242899
0.134380
0.709869
0.184868
0.002054
0.177751
0.234051
0.002601
0.109103
0.075058
0.236350
0.714568
0.255423
0.768036
0.999680
0.054733
0.236533
0.068469
0.354923
0.241785
0.059296
0.117979
0.351954
0.069751
0.070432
0.591782
0.113187
0.475184
0.056596
0.341957
0.352119
0.325290
0.248392
0.065211
0.329927
0.051512
0.053364
0.295802
0.589607
0.006551
0.118572
1.003757
0.669558
0.516841
0.323460
0.293371
0.885914
0.319359
0.595439
0.527234
0.203380
0.001830
0.058038
0.117991
0.058077
0.395689
0.003561
0.355503
0.333154
0.773333
0.319372
0.132219
0.354217
1.190291
1.055904
0.165800
0.266772
0.412395
0.653823
0.242910
0.708649
0.012023
0.533417
0.242360
0.276432
0.545136
0.207370
0.594431
0.823647
1.107293
0.994834
0.165226
0.199357
0.712872
0.666326
0.183766
0.298120
0.927622
0.761986
0.525689
0.187519
0.398849
0.070272
0.591933
0.645902
0.204698
0.179612
0.175937
0.524770
0.228748
0.331744
0.174784
0.120261
0.321255
0.403549
0.049154
0.256075
0.587820
0.702759
0.584599
0.123774
0.450409
0.469998
0.528527
1.102882
0.108387
0.413712
0.004597
0.167168
0.009876
0.289155
0.351392
0.466183
0.647626
0.052780
0.004722
0.538044
0.323224
0.012545
0.355414
0.072319
0.058606
0.119099
0.196172
0.001766
0.855947
0.107290
0.117440
0.725551
1.474882
0.101072
0.399158
0.122105
0.541302
0.597437
0.581993
0.143599
0.596179
0.124475
0.261979
0.180127
0.143034
0.007129
0.651893
0.321960
0.253150
1.373594
1.894114
0.042209
0.131212
0.001181
0.237014
0.063207
0.888278
0.109630
0.944292
0.304781
0.137488
0.297520
0.530333
0.269255
0.056833
0.057442
0.855289
0.522079
0.125880
0.413663
0.410659
0.534040
0.242911
0.292775
0.260109
0.637689
0.226929
0.256707
0.061567
0.196838
1.062439
1.314267
0.147299
0.294044
0.417736
0.269216
0.589051
0.533269
0.605483
0.467997
0.334403
0.352529
1.010886
0.880381
0.643898
0.186598
0.001679
0.533292
0.071766
0.000646
0.533302
0.071766
0.177111
0.327235
0.539809
0.290884
0.661638
0.347070
0.005985
0.076414
0.058569
0.732707
0.184364
1.064773
0.580734
0.172543
0.129850
0.009237
0.066354
0.196784
0.114430
0.532141
0.520786
0.171791
0.115503
0.786117
0.405303
0.211427
0.238929
0.120902
0.262019
0.478710
0.182557
0.590537
0.242341
0.524032
0.113797
0.238164
0.458238
0.052690
0.414269
0.926371
0.189462
0.294388
0.324536
0.293362
0.120535
0.238111
0.298664
0.523339
0.291572
0.639425
0.782982
0.822544
0.319879
0.174891
0.110840
0.396275
0.233387
0.293949
0.332469
0.007627
0.136915
1.010915
0.664253
0.114016
0.060283
0.184370
0.127066
0.650655
0.453629
0.173687
0.416532
0.192894
0.311222
0.417908
0.646008
0.464529
0.334364
0.167779
0.179447
0.327169
0.180714
0.004118
0.063227
0.115551
0.196238
0.238792
0.170629
0.660301
0.183712
0.358432
0.325220
0.708151
0.518856
0.300952
0.945094
1.069338
0.365163
0.185924
0.722180
0.823091
0.912622
0.937330
0.876914
0.315272
0.125119
0.235775
0.274016
0.834355
1.044178
0.227439
0.061721
0.196836
0.235254
0.293930
0.128415
0.061669
0.417747
0.138917
0.354289
0.003937
0.948069
0.641167
0.585441
0.528039
0.360819
0.325194
0.174843
0.070483
0.653617
0.052720
0.132267
0.238216
0.067672
0.257410
0.412432
0.860562
0.067002
0.710408
0.007893
0.463206
0.774966
0.249707
0.057009
0.000684
0.475231
0.410043
0.124373
0.176650
0.408313
0.192985
0.416532
0.403623
0.228772
0.002288
0.263336
0.175399
0.176015
0.063885
0.000575
0.263356
0.239396
0.175376
0.473513
0.537570
0.231650
0.792661
0.658955
0.402365
0.367302
0.071072
0.723456
0.243537
0.062736
0.336472
0.715220
0.667589
0.480060
0.478853
0.400364
0.174166
0.120255
0.644058
0.705281
0.732213
0.480642
0.290433
0.128454
0.060413
0.000604
0.206826
0.238887
0.066302
0.383824
0.519094
0.005768
0.236974
0.120883
0.064497
0.354959
0.707528
1.243109
1.173942
0.150309
0.001353
0.476385
0.202815
0.547009
0.010055
0.784880
0.462202
0.400179
0.233424
0.123314
0.059282
0.063392
0.536277
0.074393
0.190160
0.524612
0.241747
0.530891
0.402326
0.122134
0.053413
0.066434
0.183168
0.464183
0.300460
0.240031
0.853260
0.126192
0.648140
0.055950
0.000504
0.526730
0.523684
0.286161
0.128501
0.058100
0.059837
0.000665
0.286700
0.529910
0.306824
0.003068
0.395009
0.067672
0.296959
0.069140
0.059879
0.009778
0.059168
0.305266
0.125749
0.769203
0.525616
0.125841
0.415928
0.469893
0.192301
0.294552
1.050176
0.605667
0.016497
0.209306
0.057373
0.948678
0.443837
0.494887
0.184309
0.123797
0.891234
0.977706
0.404621
1.012782
1.437239
0.401860
0.333668
0.174766
0.116765
0.591268
0.248440
0.122122
0.196165
0.294517
0.589253
0.775638
0.838367
0.912452
0.288070
0.115632
0.130396
0.176596
0.454892
0.063351
0.236392
0.529351
0.226442
0.417060
0.061207
0.177219
0.590556
0.479367
0.479924
0.389711
0.170600
0.350171
0.456914
0.055074
0.262750
0.246584
0.002466
0.131708
0.178955
0.057467
0.009804
0.355451
0.717557
0.287358
0.121387
0.459535
0.055121
0.415347
0.143040
1.186417
0.838862
0.375212
0.003752
0.060666
0.059802
0.059855
0.063832
0.001784
0.590189
0.404261
0.965940
0.118553
0.709989
0.362639
0.251590
0.002264
0.533286
0.269288
0.043773
0.790573
0.170654
0.060963
0.855250
0.049200
0.593057
0.269952
0.767856
0.798618
0.066444
1.009056
1.133123
0.308625
0.233940
0.002599
0.233411
0.260769
0.306889
0.589496
0.586015
0.123787
0.117275
0.132984
0.490835
0.472748
0.187794
0.604966
1.203544
0.011791
0.000118
0.393715
0.122056
0.189673
0.057549
0.003004
0.925712
0.423127
0.706847
0.239388
0.891002
0.207422
0.057390
0.532735
0.777636
0.464518
0.125694
0.528121
0.241779
1.511646
0.044180
0.831505
0.736102
0.184394
0.238870
0.255546
0.056910
0.119129
0.068481
0.239977
0.071101
0.954598
0.997814
0.115050
0.124538
0.295037
0.321868
0.348991
0.917890
0.584304
0.342395
0.053924
0.356024
0.174209
0.393108
0.589027
0.601849
0.305112
0.233975
0.589965
0.128658
0.459884
0.075044
0.121522
0.325260
0.121440
0.068661
0.394280
0.122062
0.176524
0.397032
0.055683
0.066459
0.186759
0.175902
0.464103
0.596742
0.468085
0.413650
0.956447
0.647778
0.171939
0.949823
1.278777
0.344030
0.240466
0.189710
0.001707
0.256692
0.417106
0.006435
0.065769
0.177178
0.116741
0.069824
0.652450
0.073090
0.296940
0.517445
0.212698
0.057342
0.059830
0.132346
0.238217
0.116131
0.188356
0.116818
0.403030
0.301011
0.174759
0.137652
0.475291
0.419548
0.073017
0.237683
0.726887
0.539850
1.416757
0.379302
0.529895
1.298237
0.512181
0.715688
0.713473
0.346579
0.470586
0.475501
0.191351
0.307498
0.120509
0.472967
0.734846
1.013974
0.877665
0.051901
0.122749
0.302213
0.398401
0.004699
0.254105
0.594852
0.065205
0.923665
0.167097
0.571908
0.006355
0.948047
1.372118
0.283933
0.293443
0.715599
0.344251
0.488338
0.862549
0.821828
0.009131
0.296199
0.411834
0.581405
0.168840
0.887159
0.640688
0.196820
0.275936
0.649338
0.408302
0.258825
0.116184
0.475214
0.192241
0.238756
0.134334
0.125732
0.173017
0.001922
0.177752
0.057479
0.333792
0.352535
0.122038
0.064485
0.175967
0.133636
0.182469
0.301604
0.003351
0.001144
1.006175
0.645896
0.103006
0.130537
0.012929
0.310516
0.259912
0.594904
0.405373
0.785582
0.822521
0.206661
0.174675
0.174788
0.985666
0.484155
0.459919
0.192411
0.535040
0.059896
0.119052
0.486040
0.466284
0.350265
0.065224
0.397057
0.360273
0.004003
0.355503
0.597294
0.072477
0.769682
1.171292
0.309365
0.536093
0.203478
0.166324
0.403518
0.450989
0.122572
0.472826
0.269816
0.648313
0.644606
0.231224
0.120825
0.672997
0.183826
0.179608
0.265358
0.590177
1.331244
1.232405
0.664145
0.139061
0.060508
0.353725
0.333133
0.301568
0.003016
0.254086
0.522643
0.784280
0.407737
0.114436
0.196250
0.168785
0.838497
1.044132
0.305680
0.062444
0.711640
0.247722
0.378004
0.648419
0.645337
0.073011
0.295625
0.200806
0.308804
0.840832
0.780744
0.456109
0.399319
0.136118
0.058031
0.340516
0.126211
0.235764
0.134301
0.591356
0.183707
0.318076
0.471189
0.192286
0.001731
0.177787
0.261387
1.068969
0.996671
0.023269
0.226260
0.265876
0.471659
0.410079
0.136238
0.472801
0.113785
0.011798
0.237132
0.674339
1.373542
1.289907
0.578233
0.781785
0.481870
0.335689
0.428473
0.803879
1.022724
0.128740
0.525294
0.656549
0.243591
0.589858
0.403572
0.173734
0.462814
0.173604
0.462813
0.224397
0.535552
0.864367
0.821812
0.228808
0.858469
0.407069
0.399566
0.464398
0.597209
0.998024
0.723462
0.222894
0.521537
0.066390
0.066578
0.710479
0.585460
0.586060
0.052678
0.116683
0.525402
0.419524
0.071713
0.650086
0.405913
0.275944
0.061740
0.174854
0.788105
0.170676
0.443186
0.309929
0.006558
0.197449
0.946327
0.464589
0.192360
0.011402
0.117215
0.354484
0.470507
0.455656
0.664397
0.184413
0.261313
0.049828
0.527278
0.349501
0.359034
0.400257
0.123218
0.052182
0.065261
0.053870
0.196923
0.287459
0.115638
0.067125
0.466288
0.757304
0.913353
0.169549
0.528608
0.301040
0.352529
0.127764
0.001150
0.232226
0.255461
0.007134
0.004764
0.587298
0.657107
0.404807
0.174126
0.057515
0.336531
0.300425
0.121517
0.470147
0.834912
0.208009
0.102597
0.178795
0.186184
0.108421
0.366222
0.333272
0.479326
0.587239
0.012575
0.052093
0.065262
0.119100
0.119704
0.538669
0.184868
1.187184
1.115189
0.462900
0.669120
0.067506
0.589662
0.142208
0.176490
0.792048
0.170641
0.475758
0.122443
0.606739
0.408728
0.192980
0.909820
0.410167
0.351847
0.186147
0.135012
0.176554
0.531543
0.981663
0.336038
1.188864
0.010700
1.007253
0.120489
0.297367
0.595539
0.454267
0.351330
0.530628
0.721626
0.407579
0.333731
0.234022
0.234686
0.194914
0.347752
