-89.890,-0.022,-0.022,-9.809,0.007,0.023,0.000,-0.001,-0.000
-89.889,-0.022,-0.022,-9.807,0.004,0.022,0.000,-0.001,-0.001
-89.887,-0.016,-0.022,-9.811,-0.005,0.022,0.000,0.000,0.000
-89.883,-0.023,-0.022,-9.802,0.012,0.025,0.000,-0.001,0.000
-89.874,-0.014,-0.022,-9.813,-0.007,0.032,-0.000,-0.001,0.000
-89.875,-0.009,-0.022,-9.807,-0.004,0.020,0.000,0.001,0.000
-89.883,-0.008,-0.022,-9.813,0.001,0.010,-0.001,0.000,-0.000
-89.885,-0.005,-0.022,-9.808,-0.002,0.019,-0.000,-0.001,-0.000
-89.886,-0.011,-0.022,-9.807,0.008,0.019,0.000,-0.001,0.000
-89.893,-0.014,-0.022,-9.816,0.005,0.011,-0.001,-0.001,-0.001
-89.897,-0.009,-0.022,-9.802,-0.004,0.014,0.000,-0.000,-0.000
-89.895,-0.010,-0.021,-9.811,0.002,0.022,-0.000,-0.001,-0.000
-89.897,-0.009,-0.022,-9.808,0.000,0.016,0.001,-0.001,-0.001
-89.889,-0.003,-0.022,-9.806,-0.007,0.028,-0.000,0.000,0.000
-89.888,0.006,-0.022,-9.814,-0.010,0.020,0.000,-0.000,0.000
-89.890,0.012,-0.022,-9.805,-0.009,0.017,0.000,-0.001,0.000
-89.891,0.012,-0.022,-9.810,-0.002,0.018,0.000,0.000,-0.000
-89.893,0.006,-0.022,-9.809,0.005,0.016,0.000,-0.001,-0.000
-89.897,0.005,-0.023,-9.810,0.001,0.015,0.000,-0.001,0.000
-89.895,0.006,-0.023,-9.800,-0.002,0.022,0.001,-0.002,-0.000
-89.896,0.010,-0.023,-9.805,-0.007,0.018,-0.000,-0.001,0.000
-89.896,0.011,-0.023,-9.802,-0.003,0.018,-0.001,0.000,-0.001
-89.896,0.013,-0.024,-9.798,-0.005,0.018,0.001,-0.001,-0.001
-89.897,0.010,-0.024,-9.811,0.002,0.017,0.001,-0.001,-0.000
-89.896,0.009,-0.025,-9.820,-0.001,0.019,0.001,0.000,-0.001
-89.895,0.014,-0.025,-9.810,-0.009,0.021,-0.000,-0.001,-0.000
-89.895,0.018,-0.025,-9.809,-0.008,0.019,0.000,-0.001,-0.000
-89.897,0.019,-0.025,-9.798,-0.004,0.016,-0.000,-0.001,0.000
-89.897,0.015,-0.025,-9.813,0.001,0.019,-0.000,-0.001,-0.001
-89.892,0.017,-0.024,-9.820,-0.006,0.025,-0.000,-0.000,-0.001
-89.887,0.014,-0.024,-9.793,0.001,0.026,-0.000,-0.001,-0.001
-89.886,0.007,-0.024,-9.804,0.006,0.022,0.000,-0.001,-0.000
-89.886,0.010,-0.024,-9.805,-0.006,0.020,-0.000,0.000,-0.000
-89.882,0.011,-0.024,-9.810,-0.004,0.024,0.000,0.000,-0.001
-89.876,0.007,-0.025,-9.805,0.004,0.030,0.001,-0.001,-0.001
-89.877,0.005,-0.025,-9.806,0.001,0.020,0.000,-0.000,0.000
-89.885,0.011,-0.026,-9.804,-0.008,0.010,0.001,0.000,0.000
-89.889,0.015,-0.026,-9.813,-0.008,0.015,-0.000,-0.001,-0.000
-89.890,0.020,-0.026,-9.811,-0.009,0.019,0.000,-0.001,0.000
-89.890,0.014,-0.026,-9.810,0.006,0.020,-0.000,-0.001,0.001
-89.891,0.013,-0.026,-9.808,-0.001,0.018,0.000,-0.000,0.000
-89.893,0.002,-0.026,-9.813,0.012,0.017,-0.000,-0.001,0.000
-89.891,-0.003,-0.025,-9.825,0.005,0.020,-0.001,0.000,-0.000
-89.892,-0.006,-0.026,-9.802,0.005,0.019,0.001,-0.001,0.000
-89.897,-0.004,-0.026,-9.805,-0.001,0.012,0.000,-0.001,0.000
-89.900,-0.001,-0.026,-9.801,-0.004,0.014,0.000,-0.000,0.000
-89.906,0.004,-0.026,-9.810,-0.007,0.010,0.000,-0.001,0.000
-89.909,0.008,-0.026,-9.811,-0.005,0.013,-0.000,-0.001,0.000
-89.911,0.006,-0.026,-9.801,0.001,0.013,0.000,-0.000,-0.000
-89.910,0.002,-0.026,-9.808,0.005,0.019,0.000,-0.001,0.000
-89.909,-0.001,-0.026,-9.807,0.003,0.018,0.000,-0.001,-0.000
-89.903,-0.004,-0.026,-9.809,0.004,0.023,0.000,-0.000,-0.000
-89.899,-0.003,-0.027,-9.807,-0.001,0.023,0.000,-0.001,-0.000
-89.896,-0.007,-0.026,-9.801,0.007,0.022,-0.000,-0.001,0.001
-89.893,-0.005,-0.027,-9.801,-0.001,0.022,0.001,-0.000,0.000
-89.895,-0.008,-0.027,-9.798,0.005,0.017,0.000,-0.001,0.001
-89.904,-0.005,-0.027,-9.807,-0.002,0.007,0.000,-0.000,-0.000
-89.901,-0.002,-0.027,-9.807,-0.003,0.020,0.000,-0.000,-0.000
-89.899,-0.004,-0.027,-9.804,0.003,0.020,0.000,-0.001,0.000
-89.898,-0.003,-0.027,-9.791,0.000,0.019,-0.000,-0.001,0.000
-89.897,-0.006,-0.028,-9.803,0.005,0.020,0.001,-0.001,0.000
-89.891,-0.004,-0.028,-9.799,-0.002,0.026,0.001,-0.000,0.000
-89.891,-0.002,-0.028,-9.823,-0.002,0.018,0.000,0.000,0.000
-89.897,0.004,-0.029,-9.807,-0.007,0.011,0.001,0.000,0.000
-89.897,0.006,-0.029,-9.814,-0.003,0.017,0.000,-0.000,-0.000
-89.898,0.006,-0.029,-9.812,-0.001,0.016,0.001,0.000,0.000
-89.895,0.001,-0.030,-9.810,0.005,0.022,0.000,-0.001,-0.000
-89.897,-0.004,-0.030,-9.811,0.007,0.016,0.000,-0.001,-0.000
-89.894,-0.003,-0.030,-9.811,0.001,0.023,0.000,-0.001,0.001
-89.889,-0.004,-0.030,-9.808,0.001,0.025,0.000,-0.001,-0.000
-89.885,-0.006,-0.030,-9.805,0.003,0.026,0.000,-0.001,0.000
-89.889,-0.008,-0.031,-9.801,0.004,0.016,0.001,-0.001,-0.000
-89.892,-0.009,-0.031,-9.804,0.002,0.016,0.000,-0.000,-0.000
-89.897,-0.003,-0.031,-9.810,-0.006,0.011,0.001,-0.000,-0.001
-89.899,0.005,-0.031,-9.816,-0.011,0.016,0.000,-0.001,0.000
-89.890,0.005,-0.031,-9.814,0.000,0.031,-0.000,-0.001,0.000
-89.891,0.002,-0.031,-9.810,0.002,0.018,0.000,-0.001,-0.000
-89.890,0.002,-0.032,-9.816,-0.002,0.020,0.000,0.000,-0.001
-89.890,0.003,-0.032,-9.807,-0.001,0.020,0.000,-0.000,-0.000
-89.889,0.009,-0.032,-9.808,-0.010,0.021,0.000,-0.001,-0.001
-89.890,0.013,-0.032,-9.801,-0.007,0.018,0.000,-0.001,0.000
-89.891,0.018,-0.032,-9.802,-0.008,0.018,0.000,-0.001,0.001
-89.893,0.021,-0.032,-9.818,-0.007,0.017,0.000,-0.000,0.001
-89.891,0.018,-0.032,-9.813,0.000,0.022,0.000,-0.001,0.000
-89.891,0.014,-0.032,-9.817,0.004,0.019,0.000,-0.001,0.000
-89.889,0.009,-0.032,-9.805,0.005,0.022,-0.000,-0.000,0.000
-89.888,0.003,-0.032,-9.809,0.007,0.020,0.000,-0.001,0.000
-89.893,0.002,-0.033,-9.806,0.001,0.014,0.000,-0.001,0.000
-89.892,0.010,-0.033,-9.805,-0.013,0.021,0.000,-0.001,-0.000
-89.887,0.015,-0.032,-9.814,-0.008,0.025,-0.000,-0.001,0.000
-89.890,0.002,-0.032,-9.814,0.015,0.016,-0.000,-0.001,-0.000
-89.890,0.003,-0.033,-9.822,-0.002,0.020,0.000,-0.001,-0.000
-89.888,0.013,-0.033,-9.804,-0.014,0.023,0.000,-0.001,0.000
-89.886,0.012,-0.033,-9.811,-0.001,0.022,-0.000,-0.001,-0.000
-89.899,0.015,-0.032,-9.814,-0.007,0.004,-0.000,-0.001,0.000
-89.898,0.015,-0.033,-9.801,-0.002,0.019,0.000,-0.001,-0.000
-89.900,0.015,-0.033,-9.804,-0.002,0.016,0.000,-0.001,-0.000
-89.896,0.010,-0.033,-9.805,0.004,0.022,-0.000,-0.000,-0.001
-89.890,0.006,-0.032,-9.805,0.003,0.026,-0.000,-0.001,-0.001
-89.890,0.008,-0.031,-9.808,-0.004,0.019,-0.001,0.000,-0.000
-89.886,0.013,-0.031,-9.801,-0.008,0.025,-0.001,-0.000,-0.000
-89.895,0.013,-0.031,-9.805,-0.003,0.008,-0.000,-0.001,-0.000
-89.896,0.010,-0.031,-9.796,0.002,0.018,0.000,-0.001,-0.000
-89.894,0.008,-0.031,-9.794,0.001,0.020,0.001,-0.000,-0.001
-89.893,0.009,-0.031,-9.804,-0.003,0.020,-0.000,-0.000,-0.000
-89.889,0.009,-0.031,-9.807,-0.001,0.023,0.000,-0.000,0.000
-89.890,0.011,-0.031,-9.804,-0.005,0.019,-0.000,-0.000,0.000
-89.891,0.013,-0.032,-9.795,-0.004,0.018,0.001,-0.001,0.000
-89.889,0.014,-0.031,-9.804,-0.004,0.022,-0.001,-0.000,-0.000
-89.887,0.016,-0.031,-9.805,-0.005,0.023,-0.000,-0.001,-0.000
-89.884,0.013,-0.031,-9.814,0.001,0.024,0.000,-0.001,-0.000
-89.880,0.009,-0.031,-9.816,0.002,0.025,0.001,0.001,-0.000
-89.880,0.007,-0.032,-9.807,0.002,0.019,0.000,0.001,0.000
-89.889,0.008,-0.032,-9.810,-0.002,0.010,0.001,-0.001,0.001
-89.895,0.006,-0.033,-9.805,0.001,0.011,0.000,-0.001,-0.000
-89.896,-0.005,-0.033,-9.808,0.014,0.016,0.001,0.001,0.000
-89.900,-0.009,-0.034,-9.806,0.005,0.013,0.001,-0.001,-0.000
-89.902,-0.007,-0.035,-9.805,-0.001,0.015,0.001,-0.001,0.001
-89.900,-0.006,-0.035,-9.802,-0.001,0.020,0.001,0.001,-0.000
-89.896,-0.002,-0.035,-9.809,-0.004,0.021,0.001,0.001,0.000
-89.892,0.003,-0.036,-9.808,-0.005,0.024,0.000,-0.000,0.000
-89.889,0.008,-0.035,-9.809,-0.008,0.024,-0.000,-0.001,-0.000
-89.892,0.006,-0.036,-9.793,0.001,0.016,0.001,-0.001,0.000
-89.892,0.003,-0.037,-9.809,0.003,0.019,0.001,-0.000,-0.000
-89.893,0.006,-0.037,-9.793,-0.004,0.018,0.001,-0.000,-0.000
-89.888,0.005,-0.038,-9.801,0.000,0.025,0.001,0.000,-0.001
-89.891,-0.001,-0.038,-9.801,0.008,0.015,-0.000,-0.000,0.000
-89.893,-0.002,-0.039,-9.809,0.001,0.016,0.001,-0.001,-0.000
-89.898,-0.001,-0.038,-9.804,-0.002,0.013,-0.000,-0.001,-0.001
-89.895,0.002,-0.039,-9.811,-0.004,0.022,0.000,-0.000,-0.000
-89.893,0.001,-0.039,-9.811,0.000,0.020,0.000,-0.000,-0.001
-89.893,0.002,-0.040,-9.798,-0.002,0.019,0.001,-0.000,-0.001
-89.899,-0.006,-0.040,-9.803,0.010,0.011,0.001,-0.000,-0.000
-89.898,-0.002,-0.040,-9.815,-0.004,0.019,0.001,-0.000,0.000
-89.896,-0.003,-0.041,-9.813,0.002,0.021,0.001,-0.001,-0.000
-89.892,-0.006,-0.041,-9.813,0.004,0.024,0.000,-0.001,0.000
-89.891,-0.006,-0.042,-9.805,0.001,0.020,0.000,-0.001,0.000
-89.883,-0.005,-0.042,-9.804,0.001,0.029,0.000,0.000,0.000
-89.886,-0.006,-0.042,-9.808,0.002,0.018,0.000,-0.001,0.000
-89.888,0.001,-0.042,-9.813,-0.008,0.016,-0.000,0.000,-0.000
-89.882,0.004,-0.041,-9.810,-0.005,0.028,-0.001,0.000,-0.001
-89.878,0.004,-0.042,-9.808,0.000,0.025,0.001,0.000,0.000
-89.878,0.008,-0.042,-9.809,-0.006,0.022,0.001,-0.000,0.000
-89.877,0.008,-0.042,-9.816,-0.002,0.021,-0.000,0.000,0.000
-89.879,0.002,-0.042,-9.811,0.006,0.020,0.000,-0.001,-0.001
-89.879,0.005,-0.042,-9.814,-0.004,0.021,0.000,-0.000,0.000
-89.875,0.010,-0.043,-9.815,-0.008,0.026,0.001,-0.001,-0.000
-89.876,0.009,-0.043,-9.807,-0.001,0.020,0.000,-0.000,-0.000
-89.879,0.013,-0.043,-9.809,-0.007,0.019,0.000,-0.001,0.000
-89.889,0.014,-0.043,-9.811,-0.004,0.008,0.000,-0.001,-0.000
-89.898,0.017,-0.044,-9.795,-0.007,0.008,0.001,-0.000,-0.000
-89.899,0.019,-0.043,-9.804,-0.005,0.016,-0.001,0.001,0.001
-89.901,0.018,-0.043,-9.806,-0.001,0.014,0.000,-0.001,0.001
-89.896,0.019,-0.043,-9.811,-0.005,0.024,0.000,-0.001,0.000
-89.889,0.023,-0.043,-9.792,-0.008,0.028,0.000,-0.000,0.001
-89.888,0.021,-0.043,-9.811,-0.002,0.022,-0.000,-0.001,-0.000
-89.889,0.021,-0.043,-9.810,-0.004,0.018,-0.000,-0.001,-0.001
-89.891,0.019,-0.042,-9.808,-0.002,0.016,-0.000,0.000,-0.001
-89.890,0.016,-0.043,-9.812,0.001,0.020,0.000,-0.000,0.000
-89.887,0.011,-0.043,-9.808,0.003,0.025,0.000,-0.001,-0.001
-89.882,0.012,-0.043,-9.803,-0.003,0.027,-0.000,-0.001,-0.000
-89.874,0.014,-0.042,-9.800,-0.005,0.031,-0.001,0.000,-0.000
-89.874,0.018,-0.042,-9.811,-0.008,0.022,-0.000,-0.001,-0.000
-89.877,0.016,-0.042,-9.807,-0.001,0.019,0.000,-0.001,-0.000
-89.877,0.020,-0.042,-9.805,-0.008,0.020,-0.000,0.000,-0.000
-89.880,0.021,-0.042,-9.807,-0.005,0.018,0.000,-0.000,-0.000
-89.882,0.016,-0.042,-9.813,0.002,0.018,-0.000,-0.000,-0.000
-89.889,0.019,-0.042,-9.806,-0.007,0.013,0.000,-0.002,0.000
-89.885,0.021,-0.042,-9.807,-0.005,0.024,0.000,-0.001,0.001
-89.889,0.026,-0.043,-9.814,-0.009,0.014,0.001,0.001,0.001
-89.890,0.026,-0.043,-9.808,-0.005,0.017,0.000,0.000,0.000
-89.888,0.022,-0.043,-9.808,0.002,0.022,0.001,-0.001,0.000
-89.890,0.013,-0.044,-9.805,0.007,0.018,0.000,-0.001,-0.000
-89.891,0.017,-0.044,-9.802,-0.008,0.018,0.001,-0.001,-0.001
-89.894,0.023,-0.045,-9.820,-0.011,0.015,0.001,-0.001,0.000
-89.899,0.022,-0.045,-9.810,-0.002,0.013,0.001,-0.001,0.000
-89.902,0.017,-0.045,-9.799,0.004,0.014,0.000,-0.000,0.000
-89.900,0.018,-0.045,-9.795,-0.004,0.021,0.000,-0.002,0.000
-89.900,0.016,-0.045,-9.799,-0.001,0.017,0.000,-0.001,-0.001
-89.901,0.015,-0.045,-9.806,-0.002,0.017,0.000,-0.001,-0.001
-89.901,0.019,-0.045,-9.801,-0.008,0.018,0.000,-0.001,-0.000
-89.895,0.018,-0.045,-9.808,-0.003,0.025,0.000,-0.000,-0.000
-89.890,0.020,-0.046,-9.810,-0.005,0.025,0.001,-0.000,0.001
-89.888,0.022,-0.046,-9.798,-0.005,0.022,-0.000,-0.001,0.000
-89.890,0.022,-0.046,-9.805,-0.004,0.018,-0.000,-0.001,-0.000
-89.894,0.022,-0.045,-9.806,-0.004,0.014,-0.001,-0.001,0.000
-89.898,0.016,-0.045,-9.800,0.004,0.013,0.000,-0.000,0.000
-89.893,0.014,-0.046,-9.800,0.001,0.025,0.001,-0.001,0.001
-89.891,0.017,-0.046,-9.804,-0.007,0.021,0.001,0.000,0.000
-89.893,0.012,-0.046,-9.802,0.004,0.017,0.000,-0.000,0.000
-89.889,0.012,-0.047,-9.807,-0.002,0.024,0.001,-0.001,0.000
-89.882,0.012,-0.048,-9.817,-0.002,0.029,0.001,-0.001,-0.000
-89.878,0.014,-0.048,-9.807,-0.005,0.026,0.000,-0.001,-0.001
-89.876,0.001,-0.047,-9.807,0.015,0.023,-0.001,0.001,0.000
-89.878,-0.002,-0.047,-9.805,0.004,0.021,-0.000,-0.002,0.000
-89.882,0.004,-0.047,-9.809,-0.007,0.016,-0.000,-0.001,0.000
-89.878,-0.003,-0.047,-9.804,0.008,0.026,0.000,0.000,0.000
-89.880,-0.002,-0.047,-9.813,0.001,0.017,-0.000,-0.000,0.001
-89.881,-0.010,-0.047,-9.817,0.010,0.020,-0.000,-0.000,0.000
-89.880,-0.009,-0.046,-9.806,0.001,0.022,-0.000,-0.001,-0.000
-89.883,-0.013,-0.046,-9.813,0.006,0.017,-0.000,-0.000,-0.001
-89.881,-0.003,-0.046,-9.810,-0.012,0.023,-0.000,-0.001,-0.000
-89.882,-0.001,-0.046,-9.806,-0.003,0.019,0.000,-0.001,-0.001
-89.885,-0.000,-0.046,-9.810,-0.001,0.017,0.000,-0.001,0.000
-89.888,0.006,-0.046,-9.814,-0.008,0.016,-0.000,-0.000,0.000
-89.886,0.008,-0.046,-9.801,-0.003,0.022,-0.000,-0.000,0.001
-89.883,0.006,-0.046,-9.801,0.002,0.025,-0.000,-0.001,-0.000
-89.878,0.007,-0.045,-9.805,-0.002,0.028,-0.001,-0.001,0.000
-89.875,-0.001,-0.045,-9.795,0.009,0.025,-0.001,0.000,-0.000
-89.873,-0.004,-0.044,-9.812,0.005,0.024,-0.001,-0.000,0.001
-89.871,-0.003,-0.044,-9.803,-0.001,0.025,0.000,0.000,0.000
-89.869,-0.000,-0.045,-9.809,-0.002,0.025,0.001,0.000,0.001
-89.868,0.005,-0.045,-9.805,-0.007,0.023,0.000,0.000,-0.000
-89.868,0.005,-0.045,-9.805,-0.002,0.023,-0.000,-0.000,-0.001
-89.869,-0.003,-0.045,-9.812,0.010,0.023,0.000,-0.001,-0.000
-89.873,-0.008,-0.045,-9.802,0.006,0.018,-0.000,-0.001,-0.001
-89.871,-0.013,-0.045,-9.793,0.008,0.025,0.000,-0.001,0.000
-89.874,-0.017,-0.046,-9.811,0.008,0.019,0.001,-0.000,0.001
-89.876,-0.018,-0.046,-9.804,0.003,0.019,0.001,-0.000,-0.001
-89.871,-0.027,-0.047,-9.810,0.016,0.029,0.001,-0.001,0.000
-89.875,-0.016,-0.047,-9.808,-0.010,0.017,0.000,-0.001,0.001
-89.880,-0.003,-0.047,-9.817,-0.015,0.015,0.000,-0.000,-0.001
-89.886,-0.009,-0.048,-9.808,0.007,0.014,0.000,-0.001,-0.001
-89.890,-0.009,-0.048,-9.810,0.002,0.015,0.001,-0.001,0.000
-89.890,-0.007,-0.048,-9.805,-0.001,0.020,-0.000,-0.000,0.001
-89.893,-0.004,-0.049,-9.807,-0.002,0.014,0.001,-0.000,-0.000
-89.889,0.000,-0.049,-9.812,-0.006,0.025,0.001,-0.000,-0.001
-89.893,-0.005,-0.050,-9.805,0.007,0.014,0.000,-0.000,-0.000
-89.887,-0.005,-0.049,-9.812,0.001,0.026,-0.000,-0.000,0.000
-89.888,-0.004,-0.049,-9.804,-0.001,0.019,-0.000,-0.001,-0.001
-89.881,-0.002,-0.050,-9.805,-0.003,0.029,0.000,0.000,-0.001
-89.883,-0.007,-0.049,-9.807,0.007,0.017,-0.001,0.000,-0.000
-89.888,-0.003,-0.049,-9.816,-0.004,0.014,-0.000,-0.000,-0.000
-89.887,-0.000,-0.049,-9.799,-0.004,0.022,-0.000,-0.001,-0.000
-89.887,0.004,-0.049,-9.811,-0.004,0.020,-0.000,-0.001,0.001
-89.896,-0.000,-0.049,-9.809,0.005,0.008,0.001,-0.000,0.001
-89.896,0.006,-0.049,-9.809,-0.008,0.017,0.000,0.000,-0.000
-89.894,0.013,-0.050,-9.815,-0.010,0.021,0.000,-0.001,0.000
-89.899,0.020,-0.050,-9.802,-0.013,0.013,0.000,-0.001,-0.001
-89.899,0.021,-0.050,-9.807,-0.004,0.017,0.000,-0.000,-0.000
-89.898,0.015,-0.051,-9.807,0.004,0.020,0.001,-0.001,-0.000
-89.898,0.010,-0.051,-9.801,0.004,0.018,0.001,-0.000,-0.000
-89.901,0.004,-0.051,-9.808,0.007,0.013,0.001,0.001,0.001
-89.897,0.002,-0.052,-9.810,0.002,0.022,0.000,-0.000,0.000
-89.892,0.011,-0.052,-9.805,-0.013,0.026,0.001,-0.001,0.000
-89.892,0.008,-0.053,-9.807,0.002,0.020,0.001,-0.001,-0.000
-89.893,0.001,-0.053,-9.810,0.007,0.016,0.000,0.001,-0.001
-89.889,-0.001,-0.053,-9.810,0.002,0.025,-0.001,-0.000,0.000
-89.890,0.003,-0.053,-9.814,-0.004,0.019,-0.000,-0.001,0.001
-89.886,0.007,-0.053,-9.808,-0.005,0.025,0.000,-0.001,0.000
-89.885,0.005,-0.053,-9.802,0.001,0.020,0.000,0.000,-0.000
-89.886,0.011,-0.053,-9.816,-0.009,0.018,0.001,0.001,0.000
-89.885,0.015,-0.054,-9.807,-0.008,0.022,0.001,-0.001,0.000
-89.880,0.018,-0.055,-9.814,-0.006,0.027,0.000,-0.001,0.000
-89.876,0.022,-0.055,-9.813,-0.008,0.028,0.001,-0.001,-0.000
-89.878,0.021,-0.055,-9.811,-0.002,0.019,-0.000,0.000,0.000
-89.884,0.020,-0.055,-9.799,-0.004,0.013,0.000,-0.000,-0.001
-89.887,0.023,-0.055,-9.804,-0.007,0.016,0.000,-0.000,-0.000
-89.888,0.027,-0.055,-9.799,-0.009,0.019,-0.001,-0.000,0.000
-89.888,0.028,-0.055,-9.810,-0.005,0.019,0.000,-0.000,0.001
-89.879,0.019,-0.055,-9.801,0.008,0.032,-0.000,-0.000,0.001
-89.877,0.020,-0.054,-9.812,-0.005,0.023,-0.000,-0.000,-0.000
-89.879,0.020,-0.054,-9.802,-0.003,0.019,-0.000,-0.001,0.000
-89.876,0.022,-0.054,-9.813,-0.007,0.024,0.000,0.000,-0.000
-89.874,0.019,-0.054,-9.813,-0.001,0.024,-0.000,-0.000,-0.001
-89.871,0.016,-0.054,-9.801,0.001,0.026,0.000,-0.000,-0.000
-89.874,0.012,-0.054,-9.799,0.002,0.019,-0.000,0.000,-0.000
-89.874,0.011,-0.054,-9.801,-0.001,0.021,0.000,-0.000,-0.000
-89.870,0.017,-0.055,-9.806,-0.010,0.028,0.000,-0.001,-0.000
-89.875,0.020,-0.055,-9.803,-0.006,0.016,0.000,-0.000,0.000
-89.875,0.012,-0.055,-9.799,0.007,0.023,0.000,-0.000,0.000
-89.874,0.012,-0.055,-9.814,-0.002,0.023,0.000,-0.000,0.000
-89.873,0.006,-0.055,-9.806,0.006,0.023,0.000,-0.001,-0.000
-89.875,0.002,-0.056,-9.811,0.004,0.020,0.001,-0.001,-0.001
-89.871,-0.000,-0.056,-9.808,0.002,0.028,0.000,-0.001,-0.001
-89.871,-0.006,-0.056,-9.812,0.007,0.023,-0.000,-0.001,0.000
-89.870,-0.005,-0.056,-9.811,0.001,0.025,0.000,-0.002,0.001
-89.868,0.005,-0.056,-9.808,-0.012,0.026,0.000,-0.001,0.001
-89.870,0.008,-0.056,-9.806,-0.005,0.020,-0.001,-0.001,0.001
-89.871,0.005,-0.056,-9.816,0.003,0.023,0.000,-0.001,-0.000
-89.873,-0.000,-0.057,-9.804,0.005,0.020,0.001,-0.001,0.000
-89.872,0.003,-0.057,-9.805,-0.004,0.024,0.001,-0.001,0.000
-89.870,0.019,-0.058,-9.797,-0.020,0.024,0.001,0.000,0.001
-89.878,0.022,-0.058,-9.809,-0.008,0.012,-0.000,-0.001,0.001
-89.880,0.024,-0.058,-9.797,-0.007,0.020,0.000,-0.001,-0.000
-89.878,0.025,-0.058,-9.801,-0.005,0.023,0.001,-0.001,-0.000
-89.884,0.025,-0.059,-9.806,-0.005,0.013,0.001,-0.001,-0.001
-89.884,0.024,-0.059,-9.810,-0.003,0.021,0.000,-0.001,-0.000
-89.881,0.021,-0.059,-9.819,0.000,0.026,0.001,-0.001,-0.000
-89.876,0.029,-0.059,-9.811,-0.015,0.027,-0.000,-0.000,0.000
-89.875,0.033,-0.059,-9.808,-0.011,0.023,0.000,-0.001,-0.001
-89.879,0.030,-0.060,-9.813,-0.002,0.017,0.001,-0.001,-0.001
-89.876,0.033,-0.061,-9.813,-0.009,0.025,0.001,-0.001,-0.000
-89.876,0.022,-0.061,-9.809,0.008,0.022,0.000,-0.001,0.000
-89.870,0.024,-0.061,-9.801,-0.006,0.029,-0.000,0.000,0.001
-89.871,0.014,-0.060,-9.807,0.010,0.020,-0.001,0.000,0.000
-89.871,0.016,-0.060,-9.813,-0.005,0.022,-0.000,0.000,0.000
-89.876,0.017,-0.060,-9.799,-0.003,0.017,0.000,-0.001,0.000
-89.877,0.021,-0.060,-9.822,-0.008,0.019,0.000,0.000,-0.000
-89.880,0.023,-0.061,-9.810,-0.007,0.018,0.000,-0.001,0.001
-89.885,0.017,-0.061,-9.816,0.005,0.014,0.001,0.000,0.000
-89.882,0.017,-0.062,-9.810,-0.004,0.024,0.001,-0.001,-0.001
-89.882,0.015,-0.062,-9.814,-0.001,0.021,0.000,-0.001,-0.000
-89.885,0.021,-0.062,-9.805,-0.010,0.017,0.000,-0.001,0.000
-89.881,0.011,-0.062,-9.811,0.010,0.026,-0.000,-0.000,0.000
-89.882,0.018,-0.061,-9.808,-0.011,0.019,-0.000,-0.000,0.000
-89.880,0.016,-0.062,-9.811,-0.001,0.024,0.001,-0.000,-0.000
-89.872,0.017,-0.062,-9.810,-0.004,0.031,0.000,-0.000,-0.000
-89.873,0.025,-0.062,-9.803,-0.013,0.021,0.000,-0.001,-0.000
-89.872,0.025,-0.062,-9.804,-0.005,0.024,0.000,-0.000,-0.000
-89.873,0.022,-0.062,-9.801,-0.001,0.020,0.000,-0.000,-0.000
-89.873,0.021,-0.062,-9.805,-0.002,0.023,-0.000,-0.001,-0.000
-89.873,0.022,-0.062,-9.811,-0.006,0.022,0.000,-0.000,-0.001
-89.872,0.020,-0.062,-9.810,-0.002,0.022,-0.000,0.000,-0.000
-89.878,0.019,-0.063,-9.805,-0.002,0.015,0.001,0.000,-0.000
-89.876,0.017,-0.063,-9.817,0.000,0.023,0.000,0.000,0.000
-89.876,0.022,-0.063,-9.810,-0.011,0.020,0.000,0.000,-0.000
-89.884,0.026,-0.063,-9.800,-0.009,0.011,0.000,-0.000,-0.001
-89.883,0.031,-0.063,-9.814,-0.011,0.022,-0.001,-0.000,-0.000
-89.882,0.026,-0.062,-9.808,0.000,0.020,-0.001,-0.000,-0.001
-89.878,0.026,-0.062,-9.811,-0.005,0.025,-0.001,0.001,-0.001
-89.880,0.027,-0.062,-9.807,-0.006,0.019,-0.000,-0.001,-0.001
-89.881,0.020,-0.062,-9.801,0.003,0.021,0.000,-0.001,-0.001
-89.875,0.020,-0.062,-9.808,-0.005,0.028,0.000,-0.000,-0.001
-89.877,0.012,-0.062,-9.801,0.007,0.020,-0.001,-0.001,-0.000
-89.878,0.010,-0.062,-9.811,0.000,0.020,0.001,-0.000,-0.000
-89.876,0.009,-0.063,-9.799,0.000,0.025,0.001,-0.001,0.000
-89.874,0.004,-0.063,-9.799,0.005,0.024,-0.000,-0.001,0.000
-89.878,0.008,-0.063,-9.805,-0.005,0.017,0.000,-0.001,0.001
-89.883,0.011,-0.063,-9.808,-0.006,0.015,0.001,-0.001,-0.000
-89.889,0.012,-0.063,-9.816,-0.004,0.013,-0.000,-0.000,-0.000
-89.891,0.023,-0.063,-9.801,-0.015,0.017,0.000,-0.001,0.001
-89.891,0.028,-0.063,-9.814,-0.011,0.019,0.000,-0.001,0.001
-89.888,0.023,-0.064,-9.808,0.002,0.025,0.001,-0.001,0.000
-89.893,0.019,-0.064,-9.807,0.002,0.013,0.000,-0.001,0.000
-89.896,0.018,-0.065,-9.810,-0.002,0.016,0.001,-0.001,0.000
-89.899,0.014,-0.065,-9.799,0.003,0.016,0.000,-0.002,0.000
-89.895,0.008,-0.065,-9.801,0.007,0.023,0.001,-0.000,0.001
-89.895,0.014,-0.066,-9.808,-0.010,0.019,0.001,-0.000,-0.000
-89.892,0.008,-0.066,-9.810,0.005,0.022,0.000,-0.001,-0.000
-89.898,0.014,-0.066,-9.805,-0.008,0.013,0.000,-0.001,0.000
-89.896,0.014,-0.066,-9.805,-0.001,0.021,0.000,-0.001,0.001
-89.892,0.015,-0.066,-9.804,-0.004,0.024,0.000,-0.001,0.001
-89.893,0.015,-0.067,-9.807,-0.003,0.017,0.000,0.000,-0.001
-89.889,0.020,-0.067,-9.799,-0.010,0.023,0.000,0.000,-0.000
-89.894,0.013,-0.067,-9.808,0.005,0.013,0.001,0.000,-0.000
-89.890,0.007,-0.067,-9.799,0.005,0.023,0.001,-0.000,-0.001
-89.888,0.012,-0.067,-9.804,-0.008,0.023,-0.000,-0.001,-0.000
-89.881,0.005,-0.067,-9.808,0.007,0.029,0.000,-0.001,-0.000
-89.881,0.001,-0.067,-9.801,0.004,0.020,-0.000,-0.000,0.000
-89.875,0.002,-0.068,-9.807,-0.002,0.029,0.000,-0.000,0.000
-89.874,0.005,-0.068,-9.801,-0.004,0.023,0.000,-0.001,0.000
-89.874,0.001,-0.068,-9.804,0.004,0.024,0.000,-0.001,-0.000
-89.873,0.000,-0.069,-9.805,0.001,0.023,0.001,-0.001,0.000
-89.873,0.002,-0.069,-9.815,-0.002,0.022,0.000,0.000,0.000
-89.876,0.002,-0.068,-9.808,-0.001,0.018,-0.000,0.000,0.000
-89.876,0.007,-0.068,-9.817,-0.008,0.021,-0.000,-0.001,-0.000
-89.877,0.007,-0.068,-9.798,0.000,0.022,-0.000,-0.002,0.001
-89.875,0.008,-0.068,-9.804,-0.002,0.025,-0.001,-0.000,0.000
-89.872,0.008,-0.068,-9.808,-0.002,0.025,0.000,0.000,-0.001
-89.872,0.005,-0.068,-9.801,0.002,0.021,0.000,0.001,-0.000
-89.870,0.003,-0.068,-9.801,0.002,0.025,-0.000,0.000,0.000
-89.873,-0.000,-0.068,-9.802,0.004,0.019,0.000,0.000,-0.001
-89.872,0.004,-0.069,-9.802,-0.005,0.023,0.001,-0.000,-0.000
-89.875,0.009,-0.069,-9.807,-0.008,0.020,0.000,-0.001,0.000
-89.871,0.018,-0.069,-9.800,-0.013,0.027,0.001,-0.001,0.000
-89.865,0.015,-0.069,-9.804,0.001,0.032,0.000,-0.001,-0.000
-89.870,0.007,-0.070,-9.807,0.008,0.017,0.001,-0.001,0.000
-89.871,0.009,-0.070,-9.810,-0.004,0.021,0.000,0.000,-0.000
-89.873,0.005,-0.070,-9.819,0.003,0.022,-0.000,-0.001,0.000
-89.874,0.007,-0.070,-9.814,-0.002,0.020,-0.000,-0.001,0.000
-89.877,0.012,-0.070,-9.816,-0.009,0.019,0.001,-0.000,-0.000
-89.870,0.010,-0.070,-9.801,0.001,0.031,0.000,-0.001,-0.000
-89.871,0.007,-0.070,-9.806,0.002,0.020,0.000,-0.000,-0.000
-89.864,0.008,-0.070,-9.813,-0.002,0.031,0.000,0.001,0.000
-89.869,0.006,-0.070,-9.807,0.001,0.016,-0.000,-0.000,-0.001
-89.867,0.004,-0.071,-9.807,0.002,0.025,0.001,-0.000,-0.001
-89.869,-0.001,-0.071,-9.798,0.005,0.021,0.000,-0.000,-0.001
-89.862,0.000,-0.071,-9.805,-0.002,0.031,-0.000,-0.000,0.000
-89.867,0.000,-0.071,-9.808,-0.001,0.019,0.000,-0.001,-0.001
-89.866,0.003,-0.071,-9.799,-0.004,0.026,0.000,-0.001,0.000
-89.861,0.005,-0.071,-9.807,-0.003,0.030,0.000,-0.001,-0.001
-89.863,0.005,-0.071,-9.805,-0.001,0.021,0.000,-0.000,0.000
-89.863,0.010,-0.071,-9.802,-0.007,0.024,-0.001,-0.000,0.000
-89.865,0.017,-0.070,-9.812,-0.011,0.021,-0.001,0.000,-0.000
-89.866,0.021,-0.071,-9.802,-0.008,0.023,0.001,-0.000,-0.000
-89.872,0.027,-0.071,-9.802,-0.013,0.016,0.001,-0.001,-0.000
-89.876,0.025,-0.071,-9.805,-0.001,0.017,-0.000,-0.000,0.000
-89.878,0.022,-0.071,-9.809,0.001,0.019,0.000,0.000,0.001
-89.880,0.022,-0.072,-9.801,-0.004,0.019,0.001,-0.001,0.000
-89.877,0.026,-0.072,-9.815,-0.009,0.024,0.000,0.000,0.000
-89.875,0.025,-0.073,-9.813,-0.002,0.025,0.001,-0.001,0.000
-89.877,0.017,-0.073,-9.804,0.007,0.019,0.001,-0.001,0.000
-89.876,0.020,-0.073,-9.812,-0.007,0.023,0.000,-0.001,0.000
-89.878,0.021,-0.073,-9.810,-0.005,0.019,0.000,-0.000,0.000
-89.878,0.027,-0.073,-9.805,-0.011,0.020,-0.000,0.000,0.000
-89.877,0.028,-0.074,-9.801,-0.006,0.023,0.001,-0.001,0.000
-89.882,0.027,-0.073,-9.809,-0.003,0.016,-0.000,-0.001,0.000
-89.886,0.025,-0.073,-9.806,-0.003,0.016,-0.001,-0.001,-0.000
-89.888,0.031,-0.073,-9.811,-0.012,0.018,0.000,-0.000,-0.000
-89.889,0.028,-0.073,-9.807,-0.001,0.018,0.001,-0.001,-0.000
-89.899,0.025,-0.074,-9.808,-0.001,0.007,0.000,-0.000,-0.001
-89.899,0.019,-0.074,-9.802,0.003,0.017,0.000,0.000,-0.000
-89.894,0.017,-0.074,-9.813,-0.001,0.025,-0.000,-0.001,-0.001
-89.891,0.021,-0.073,-9.806,-0.008,0.023,-0.000,-0.001,0.000
-89.885,0.022,-0.073,-9.806,-0.005,0.026,-0.000,0.000,0.000
-89.881,0.011,-0.073,-9.808,0.011,0.025,-0.000,0.000,0.001
-89.882,0.004,-0.073,-9.806,0.007,0.019,0.000,0.000,0.000
-89.884,0.008,-0.073,-9.814,-0.006,0.017,0.000,-0.000,0.000
-89.884,0.011,-0.073,-9.796,-0.005,0.021,0.000,-0.000,0.000
-89.881,0.012,-0.074,-9.809,-0.002,0.023,0.001,0.000,0.001
-89.880,0.023,-0.074,-9.804,-0.016,0.023,0.000,-0.001,0.000
-89.879,0.023,-0.074,-9.816,-0.004,0.022,-0.000,-0.001,0.000
-89.881,0.025,-0.073,-9.803,-0.007,0.018,-0.001,0.000,0.000
-89.880,0.027,-0.073,-9.799,-0.008,0.021,-0.001,0.000,-0.001
-89.883,0.024,-0.073,-9.806,0.000,0.017,-0.000,-0.000,0.000
-89.880,0.023,-0.072,-9.790,-0.003,0.025,-0.000,-0.001,-0.000
-89.876,0.024,-0.072,-9.792,-0.005,0.026,-0.000,-0.001,0.000
-89.873,0.025,-0.072,-9.804,-0.005,0.025,-0.000,0.000,0.000
-89.868,0.026,-0.073,-9.808,-0.005,0.029,0.001,-0.001,0.000
-89.867,0.025,-0.073,-9.803,-0.002,0.025,0.001,-0.000,0.000
-89.866,0.027,-0.073,-9.815,-0.006,0.024,0.000,0.000,0.001
-89.862,0.031,-0.073,-9.813,-0.010,0.029,-0.000,-0.001,0.000
-89.867,0.025,-0.073,-9.807,0.003,0.017,-0.000,-0.000,0.000
-89.868,0.019,-0.073,-9.806,0.004,0.022,0.000,0.000,-0.000
-89.867,0.020,-0.073,-9.808,-0.004,0.024,0.000,0.000,0.001
-89.865,0.020,-0.073,-9.815,-0.003,0.025,0.000,0.000,0.000
-89.870,0.013,-0.073,-9.816,0.005,0.017,0.000,0.000,-0.000
-89.869,0.015,-0.074,-9.811,-0.006,0.024,0.001,0.000,-0.001
-89.867,0.023,-0.074,-9.796,-0.012,0.026,0.000,-0.001,0.000
-89.869,0.016,-0.074,-9.804,0.004,0.020,0.000,-0.001,-0.000
-89.872,0.016,-0.074,-9.808,-0.002,0.020,-0.000,-0.001,-0.001
-89.872,0.008,-0.074,-9.806,0.007,0.022,0.000,-0.001,0.000
-89.873,0.009,-0.074,-9.814,-0.002,0.021,-0.000,-0.000,0.000
-89.871,0.004,-0.074,-9.808,0.005,0.025,0.000,-0.000,0.001
-89.874,0.001,-0.074,-9.805,0.004,0.018,0.000,0.000,0.000
-89.877,0.004,-0.075,-9.820,-0.004,0.018,0.001,-0.001,0.000
-89.886,0.012,-0.074,-9.807,-0.011,0.009,-0.000,-0.001,0.001
-89.890,0.017,-0.074,-9.803,-0.008,0.015,-0.000,-0.000,0.000
-89.886,0.020,-0.075,-9.804,-0.007,0.024,0.001,0.000,0.000
-89.884,0.019,-0.075,-9.810,-0.001,0.022,-0.000,0.000,0.000
-89.882,0.022,-0.075,-9.809,-0.008,0.022,0.000,-0.000,-0.000
-89.881,0.023,-0.075,-9.802,-0.005,0.022,0.000,-0.000,0.000
-89.876,0.014,-0.075,-9.802,0.010,0.028,0.001,-0.001,0.000
-89.878,0.011,-0.076,-9.798,0.002,0.019,0.001,-0.000,0.000
-89.875,0.004,-0.077,-9.802,0.007,0.026,0.001,-0.001,-0.000
-89.877,0.002,-0.076,-9.811,0.002,0.020,-0.000,-0.001,0.001
-89.877,0.003,-0.076,-9.802,-0.002,0.022,-0.000,-0.001,-0.000
-89.874,-0.001,-0.076,-9.804,0.004,0.025,0.000,0.000,-0.000
-89.878,0.001,-0.076,-9.821,-0.001,0.017,-0.001,-0.000,0.001
-89.877,0.001,-0.076,-9.822,0.000,0.023,0.000,-0.001,0.000
-89.876,-0.000,-0.076,-9.817,0.001,0.023,0.000,-0.000,-0.000
-89.877,-0.000,-0.077,-9.809,0.000,0.021,0.001,-0.000,-0.000
-89.880,0.003,-0.076,-9.804,-0.004,0.017,-0.001,-0.000,-0.000
-89.877,0.001,-0.076,-9.802,0.002,0.025,-0.001,0.000,-0.000
-89.875,0.009,-0.076,-9.810,-0.010,0.025,-0.000,-0.001,0.000
-89.878,0.015,-0.076,-9.804,-0.010,0.018,0.001,-0.000,0.000
-89.873,0.020,-0.076,-9.806,-0.011,0.027,0.000,0.000,-0.001
-89.869,0.022,-0.077,-9.801,-0.007,0.026,0.000,0.001,0.000
-89.870,0.023,-0.076,-9.801,-0.005,0.021,-0.000,0.000,0.000
-89.867,0.023,-0.076,-9.798,-0.004,0.026,0.000,0.000,0.000
-89.871,0.019,-0.077,-9.807,0.002,0.018,0.001,0.000,-0.000
-89.874,0.013,-0.077,-9.809,0.005,0.019,0.000,-0.001,0.000
-89.875,0.010,-0.077,-9.811,0.002,0.020,-0.000,-0.000,-0.000
-89.881,0.019,-0.077,-9.800,-0.014,0.014,0.000,-0.001,-0.000
-89.886,0.020,-0.078,-9.805,-0.006,0.014,0.001,-0.001,-0.001
-89.888,0.027,-0.078,-9.808,-0.012,0.018,0.000,-0.001,0.000
-89.889,0.020,-0.078,-9.805,0.004,0.019,-0.000,-0.000,-0.001
-89.888,0.023,-0.078,-9.814,-0.007,0.020,0.000,0.000,-0.000
-89.880,0.018,-0.077,-9.819,0.002,0.029,-0.001,0.000,0.000
-89.879,0.015,-0.077,-9.801,0.000,0.022,-0.001,-0.001,-0.001
-89.881,0.017,-0.077,-9.817,-0.005,0.019,-0.000,-0.001,-0.000
-89.881,0.012,-0.077,-9.822,0.002,0.020,0.000,-0.000,-0.001
-89.881,0.013,-0.077,-9.807,-0.003,0.020,0.000,-0.000,-0.000
-89.878,0.012,-0.077,-9.801,-0.001,0.025,0.000,-0.000,0.000
-89.876,0.016,-0.077,-9.804,-0.007,0.025,0.000,-0.001,0.000
-89.872,0.018,-0.077,-9.805,-0.005,0.026,0.000,-0.000,0.000
-89.868,0.020,-0.078,-9.808,-0.005,0.028,0.000,0.000,0.000
-89.866,0.023,-0.077,-9.808,-0.008,0.025,-0.001,0.000,0.000
-89.862,0.024,-0.077,-9.807,-0.005,0.029,0.000,-0.001,0.000
-89.867,0.020,-0.078,-9.800,0.001,0.019,0.000,-0.001,0.000
-89.872,0.025,-0.077,-9.810,-0.010,0.017,-0.000,-0.001,-0.000
-89.875,0.026,-0.078,-9.816,-0.006,0.017,0.001,0.000,-0.000
-89.871,0.026,-0.078,-9.802,-0.005,0.028,0.000,-0.001,-0.001
-89.874,0.022,-0.078,-9.799,0.001,0.019,-0.000,-0.001,-0.000
-89.871,0.019,-0.079,-9.804,0.000,0.026,0.000,-0.001,-0.000
-89.876,0.016,-0.079,-9.809,0.000,0.016,0.001,-0.001,0.000
-89.874,0.015,-0.079,-9.803,-0.001,0.025,0.001,-0.001,0.000
-89.872,0.008,-0.079,-9.816,0.008,0.024,0.000,-0.000,0.001
-89.865,0.002,-0.080,-9.809,0.008,0.032,0.000,-0.000,0.000
-89.865,-0.000,-0.080,-9.798,0.002,0.023,0.001,-0.001,0.000
-89.866,0.005,-0.081,-9.797,-0.007,0.023,0.001,-0.001,0.000
-89.871,0.005,-0.081,-9.805,-0.001,0.016,0.001,-0.000,0.000
-89.872,0.001,-0.081,-9.808,0.005,0.022,0.001,-0.000,-0.000
-89.871,0.007,-0.082,-9.805,-0.008,0.024,0.001,-0.001,0.000
-89.874,0.007,-0.082,-9.802,-0.002,0.018,0.000,0.000,-0.000
-89.877,0.009,-0.082,-9.811,-0.003,0.017,0.000,0.000,0.000
-89.869,0.002,-0.083,-9.814,0.008,0.031,0.001,0.000,0.000
-89.862,0.004,-0.083,-9.806,-0.004,0.032,-0.000,0.000,0.000
-89.870,0.008,-0.083,-9.810,-0.007,0.013,0.000,-0.000,-0.000
-89.875,0.007,-0.083,-9.794,0.000,0.016,-0.000,0.000,-0.000
-89.876,0.012,-0.083,-9.798,-0.008,0.021,0.001,-0.001,0.000
-89.876,0.009,-0.084,-9.804,0.001,0.022,0.000,-0.000,-0.001
-89.874,0.010,-0.084,-9.802,-0.003,0.023,0.001,-0.001,-0.000
-89.881,0.008,-0.085,-9.804,0.002,0.014,0.001,-0.000,0.001
-89.880,0.010,-0.085,-9.801,-0.005,0.022,0.000,-0.000,0.000
-89.879,0.011,-0.084,-9.816,-0.002,0.022,-0.001,-0.001,0.000
-89.887,0.004,-0.084,-9.819,0.008,0.011,-0.000,-0.001,0.000
-89.883,-0.002,-0.084,-9.808,0.008,0.025,0.000,-0.001,0.000
-89.886,0.001,-0.084,-9.799,-0.004,0.017,0.000,0.000,-0.000
-89.876,0.004,-0.085,-9.813,-0.005,0.032,0.000,0.000,-0.001
-89.875,0.005,-0.085,-9.810,-0.001,0.024,0.000,-0.001,-0.000
-89.871,0.005,-0.085,-9.802,-0.002,0.028,-0.000,-0.001,-0.000
-89.868,0.002,-0.085,-9.808,0.003,0.026,0.000,-0.000,0.000
-89.871,-0.003,-0.084,-9.804,0.007,0.019,-0.000,0.000,-0.000
-89.869,0.002,-0.085,-9.792,-0.006,0.025,0.000,-0.000,-0.000
-89.862,-0.002,-0.084,-9.811,0.005,0.032,-0.001,-0.001,-0.000
-89.865,0.005,-0.084,-9.798,-0.009,0.020,0.000,-0.000,0.001
-89.868,0.003,-0.084,-9.807,0.001,0.020,0.000,-0.001,-0.001
-89.866,0.004,-0.084,-9.799,-0.002,0.026,-0.000,-0.001,-0.000
-89.867,0.012,-0.084,-9.814,-0.011,0.022,0.000,-0.000,0.000
-89.867,0.020,-0.085,-9.810,-0.013,0.023,0.000,-0.001,-0.000
-89.873,0.024,-0.084,-9.817,-0.010,0.016,-0.000,-0.001,-0.000
-89.872,0.021,-0.085,-9.822,0.000,0.024,0.000,-0.001,-0.000
-89.873,0.022,-0.084,-9.802,-0.005,0.021,-0.001,-0.001,0.000
-89.875,0.022,-0.084,-9.802,-0.003,0.020,0.000,-0.001,0.000
-89.876,0.020,-0.084,-9.802,-0.002,0.020,0.000,-0.000,-0.000
-89.869,0.019,-0.085,-9.813,-0.002,0.030,0.000,0.000,-0.001
-89.876,0.014,-0.085,-9.815,0.002,0.013,0.001,-0.000,-0.000
-89.876,0.013,-0.085,-9.805,-0.002,0.021,0.000,-0.000,-0.000
-89.874,0.017,-0.085,-9.807,-0.007,0.025,-0.000,-0.001,-0.000
-89.872,0.015,-0.085,-9.807,-0.001,0.025,-0.000,-0.001,-0.000
-89.873,0.010,-0.085,-9.805,0.004,0.021,0.001,-0.001,0.000
-89.869,0.009,-0.085,-9.811,-0.001,0.028,-0.000,-0.000,-0.000
-89.866,0.011,-0.085,-9.810,-0.004,0.028,0.000,-0.001,0.000
-89.865,0.010,-0.086,-9.810,0.001,0.026,0.000,-0.001,0.001
-89.860,0.010,-0.086,-9.815,-0.003,0.029,0.000,-0.001,-0.001
-89.857,0.010,-0.086,-9.800,-0.001,0.028,0.001,-0.000,0.000
-89.860,0.006,-0.087,-9.808,0.004,0.022,0.001,-0.001,-0.001
-89.860,0.003,-0.087,-9.799,0.002,0.025,0.000,-0.001,0.000
-89.862,0.003,-0.087,-9.803,-0.001,0.022,0.000,-0.000,-0.000
-89.863,-0.001,-0.087,-9.814,0.005,0.022,-0.000,-0.001,0.000
-89.866,0.000,-0.087,-9.801,-0.002,0.020,0.000,-0.000,-0.000
-89.864,0.003,-0.088,-9.798,-0.004,0.026,0.001,0.000,-0.000
-89.856,-0.001,-0.088,-9.798,0.004,0.035,0.001,-0.000,-0.000
-89.855,0.000,-0.088,-9.813,-0.002,0.026,0.000,-0.000,-0.001
-89.847,0.009,-0.088,-9.813,-0.011,0.035,0.000,-0.000,0.000
-89.851,0.008,-0.089,-9.810,-0.001,0.022,0.001,-0.001,-0.000
-89.855,0.008,-0.089,-9.799,-0.001,0.022,-0.000,-0.001,-0.000
-89.859,0.004,-0.089,-9.803,0.003,0.020,0.000,-0.001,-0.000
-89.860,0.004,-0.088,-9.799,-0.001,0.023,-0.000,-0.001,-0.000
-89.858,0.002,-0.089,-9.808,0.002,0.028,0.000,-0.001,-0.001
-89.861,0.007,-0.088,-9.816,-0.007,0.021,-0.001,0.000,-0.000
-89.861,0.009,-0.088,-9.810,-0.004,0.025,-0.000,-0.001,-0.001
-89.866,0.009,-0.088,-9.815,-0.002,0.017,0.000,-0.000,0.000
-89.868,0.010,-0.088,-9.820,-0.003,0.020,0.001,-0.001,0.000
-89.869,0.015,-0.088,-9.804,-0.009,0.023,0.000,-0.002,-0.000
-89.865,0.015,-0.088,-9.810,-0.002,0.028,0.000,-0.001,-0.000
-89.860,0.028,-0.088,-9.799,-0.019,0.030,-0.001,-0.001,0.000
-89.857,0.033,-0.088,-9.808,-0.012,0.029,-0.000,-0.001,0.000
-89.856,0.033,-0.088,-9.813,-0.005,0.026,-0.000,-0.001,-0.000
-89.860,0.029,-0.088,-9.807,0.000,0.020,0.000,-0.001,0.000
-89.864,0.023,-0.087,-9.796,0.003,0.020,-0.001,-0.001,-0.000
-89.878,0.022,-0.087,-9.805,-0.002,0.005,-0.000,-0.000,-0.001
-89.883,0.021,-0.087,-9.813,-0.004,0.015,0.000,-0.000,-0.000
-89.885,0.022,-0.088,-9.798,-0.004,0.019,0.001,-0.001,0.001
-89.880,0.020,-0.088,-9.804,-0.001,0.026,0.000,0.000,-0.000
-89.880,0.019,-0.088,-9.814,-0.002,0.022,-0.000,0.000,0.001
-89.880,0.018,-0.088,-9.811,-0.002,0.020,0.000,-0.000,-0.000
-89.883,0.008,-0.088,-9.801,0.010,0.016,0.000,0.000,-0.000
-89.878,0.012,-0.087,-9.803,-0.007,0.028,-0.001,-0.001,-0.000
-89.875,0.017,-0.087,-9.807,-0.010,0.026,-0.000,-0.001,-0.001
-89.875,0.023,-0.087,-9.795,-0.010,0.022,-0.000,-0.000,-0.000
-89.877,0.019,-0.087,-9.814,0.001,0.020,0.000,-0.001,0.000
-89.875,0.016,-0.088,-9.810,0.001,0.025,0.001,-0.001,0.000
-89.872,0.008,-0.088,-9.811,0.009,0.026,0.000,-0.000,-0.000
-89.869,0.008,-0.089,-9.813,-0.002,0.026,0.001,-0.001,-0.001
-89.866,0.011,-0.089,-9.802,-0.007,0.026,0.000,0.000,-0.001
-89.863,0.013,-0.089,-9.809,-0.005,0.028,-0.000,0.000,-0.000
-89.863,0.012,-0.089,-9.798,-0.002,0.024,0.000,-0.001,-0.001
-89.861,0.017,-0.089,-9.799,-0.008,0.027,0.000,-0.001,-0.001
-89.869,0.010,-0.089,-9.805,0.005,0.014,0.000,-0.001,-0.000
-89.864,0.011,-0.089,-9.811,-0.004,0.031,-0.000,-0.000,-0.000
-89.867,0.011,-0.089,-9.807,-0.001,0.019,0.000,-0.001,-0.000
-89.872,0.007,-0.089,-9.809,0.004,0.017,0.000,-0.001,0.000
-89.867,0.004,-0.089,-9.804,0.002,0.029,-0.000,-0.000,0.000
-89.870,-0.006,-0.089,-9.803,0.013,0.019,0.000,-0.001,0.000
-89.870,-0.011,-0.089,-9.810,0.008,0.023,-0.000,-0.001,-0.000
-89.871,-0.013,-0.089,-9.797,0.004,0.022,0.000,-0.001,-0.000
-89.867,-0.018,-0.089,-9.796,0.008,0.028,0.001,-0.001,0.000
-89.868,-0.007,-0.089,-9.801,-0.011,0.023,-0.000,-0.001,0.000
-89.869,-0.003,-0.089,-9.808,-0.005,0.021,-0.000,-0.000,0.000
-89.869,0.001,-0.089,-9.808,-0.005,0.023,-0.000,-0.001,-0.000
-89.871,0.007,-0.089,-9.809,-0.008,0.020,0.000,-0.001,-0.000
-89.871,0.006,-0.090,-9.813,0.001,0.023,0.000,-0.000,0.001
-89.870,0.003,-0.089,-9.807,0.003,0.023,-0.000,0.000,0.000
-89.865,-0.000,-0.089,-9.807,0.005,0.029,-0.001,0.001,0.000
-89.866,0.002,-0.089,-9.811,-0.003,0.022,-0.000,-0.001,0.000
-89.877,0.005,-0.088,-9.805,-0.004,0.009,-0.001,-0.001,-0.001
-89.875,-0.001,-0.089,-9.801,0.006,0.025,0.000,-0.000,0.000
-89.873,0.005,-0.088,-9.816,-0.007,0.024,-0.000,-0.001,0.001
-89.878,0.011,-0.088,-9.817,-0.008,0.017,-0.001,-0.001,0.000
-89.882,0.014,-0.089,-9.810,-0.006,0.016,0.001,-0.001,-0.000
-89.878,0.019,-0.089,-9.816,-0.008,0.026,0.000,0.000,0.000
-89.879,0.021,-0.089,-9.803,-0.005,0.020,0.001,0.000,0.001
-89.882,0.023,-0.089,-9.809,-0.006,0.017,0.000,-0.001,0.000
-89.883,0.013,-0.090,-9.817,0.008,0.019,0.000,0.000,-0.000
-89.884,0.016,-0.089,-9.808,-0.006,0.019,-0.000,-0.001,-0.000
-89.881,0.012,-0.090,-9.807,0.002,0.025,0.000,-0.001,-0.001
-89.878,0.013,-0.090,-9.804,-0.004,0.025,0.000,-0.001,-0.000
-89.882,0.007,-0.090,-9.805,0.005,0.016,0.001,-0.001,-0.001
-89.879,0.003,-0.091,-9.810,0.004,0.026,0.001,-0.001,-0.000
-89.873,-0.010,-0.092,-9.805,0.016,0.028,0.001,-0.000,-0.001
-89.868,-0.007,-0.092,-9.811,-0.002,0.028,0.000,0.000,-0.000
-89.867,-0.006,-0.092,-9.799,-0.001,0.024,0.001,0.000,-0.000
-89.866,-0.000,-0.093,-9.803,-0.007,0.025,0.000,-0.000,-0.001
-89.873,0.011,-0.093,-9.807,-0.014,0.014,0.001,-0.000,-0.000
-89.869,0.010,-0.094,-9.822,-0.001,0.028,0.001,-0.001,0.000
-89.871,0.009,-0.094,-9.811,-0.001,0.020,0.000,-0.000,-0.000
-89.867,0.009,-0.094,-9.794,-0.001,0.028,0.000,-0.001,0.000
-89.869,0.007,-0.094,-9.802,0.001,0.022,0.000,-0.001,0.000
-89.871,0.005,-0.095,-9.808,0.002,0.019,0.001,-0.000,0.000
-89.876,0.002,-0.095,-9.815,0.004,0.017,0.000,-0.002,0.000
-89.871,0.004,-0.095,-9.805,-0.003,0.028,-0.000,-0.001,-0.000
-89.871,0.007,-0.095,-9.806,-0.006,0.023,0.001,-0.000,-0.000
-89.872,0.016,-0.095,-9.806,-0.014,0.020,0.000,-0.001,0.000
-89.881,0.021,-0.095,-9.807,-0.009,0.010,-0.000,0.000,-0.000
-89.878,0.028,-0.096,-9.804,-0.014,0.025,0.001,-0.000,-0.000
-89.877,0.032,-0.096,-9.811,-0.011,0.023,0.001,-0.001,-0.001
-89.877,0.023,-0.096,-9.808,0.007,0.022,0.000,-0.001,0.000
-89.875,0.017,-0.096,-9.801,0.004,0.024,0.000,-0.001,0.000
-89.873,0.022,-0.096,-9.813,-0.010,0.026,-0.000,-0.001,-0.000
-89.867,0.026,-0.096,-9.807,-0.008,0.030,0.000,-0.001,0.001
-89.865,0.019,-0.096,-9.806,0.004,0.026,0.000,-0.001,-0.001
-89.868,0.008,-0.096,-9.813,0.010,0.021,0.000,-0.001,-0.000
-89.867,0.004,-0.096,-9.805,0.004,0.025,0.000,-0.001,-0.001
-89.868,0.000,-0.097,-9.816,0.003,0.023,0.000,-0.001,-0.001
-89.867,0.002,-0.097,-9.809,-0.003,0.024,0.000,-0.000,-0.000
-89.866,0.002,-0.097,-9.804,-0.001,0.025,0.000,-0.001,-0.001
-89.872,0.000,-0.097,-9.800,0.002,0.016,-0.001,-0.000,0.000
-89.867,-0.004,-0.097,-9.793,0.004,0.028,-0.000,-0.000,-0.001
-89.867,-0.005,-0.097,-9.809,0.001,0.022,0.000,0.000,-0.001
-89.867,-0.010,-0.097,-9.805,0.008,0.024,0.000,-0.001,0.000
-89.873,-0.007,-0.097,-9.802,-0.002,0.015,0.000,-0.000,-0.000
-89.873,0.005,-0.097,-9.805,-0.015,0.022,-0.000,-0.000,-0.000
-89.877,0.005,-0.096,-9.802,-0.002,0.017,-0.000,-0.001,-0.001
-89.881,0.005,-0.097,-9.810,-0.002,0.017,0.001,-0.001,-0.001
-89.880,0.004,-0.097,-9.808,0.001,0.022,0.000,0.000,-0.000
-89.877,0.004,-0.097,-9.802,-0.001,0.023,0.000,0.001,0.000
-89.884,0.009,-0.098,-9.816,-0.007,0.011,0.000,0.000,0.001
-89.888,0.021,-0.098,-9.801,-0.017,0.015,0.000,-0.000,-0.000
-89.886,0.027,-0.098,-9.811,-0.012,0.021,0.001,-0.000,0.000
-89.886,0.030,-0.099,-9.813,-0.008,0.021,0.000,-0.001,0.000
-89.882,0.026,-0.099,-9.806,0.002,0.025,0.000,-0.001,0.001
-89.879,0.025,-0.099,-9.801,-0.002,0.026,0.001,-0.001,0.001
-89.876,0.032,-0.099,-9.803,-0.013,0.024,-0.000,-0.000,0.001
-89.880,0.034,-0.099,-9.797,-0.008,0.016,-0.000,-0.000,0.000
-89.876,0.040,-0.098,-9.802,-0.013,0.026,-0.001,-0.000,0.001
-89.871,0.043,-0.098,-9.796,-0.011,0.029,-0.001,-0.001,0.000
-89.870,0.040,-0.097,-9.813,-0.004,0.025,-0.000,-0.002,0.000
-89.871,0.035,-0.098,-9.815,0.002,0.023,0.000,-0.001,0.001
-89.879,0.032,-0.098,-9.799,-0.003,0.010,0.000,0.001,-0.001
-89.879,0.031,-0.097,-9.811,-0.004,0.022,-0.000,-0.000,0.000
-89.877,0.029,-0.098,-9.810,-0.003,0.023,0.001,0.000,-0.000
-89.873,0.023,-0.098,-9.815,0.002,0.026,0.000,-0.000,-0.001
-89.871,0.020,-0.098,-9.817,0.001,0.026,-0.000,-0.001,0.000
-89.872,0.030,-0.098,-9.811,-0.016,0.022,0.000,-0.000,0.001
-89.876,0.019,-0.098,-9.802,0.009,0.017,0.000,-0.001,0.000
-89.879,0.012,-0.098,-9.805,0.006,0.017,-0.000,0.000,0.000
-89.877,0.015,-0.098,-9.807,-0.007,0.023,0.000,0.000,-0.001
-89.872,0.017,-0.098,-9.808,-0.004,0.028,-0.000,-0.001,0.000
-89.873,0.010,-0.098,-9.812,0.005,0.022,0.000,-0.001,-0.000
-89.872,0.009,-0.098,-9.817,-0.001,0.025,0.001,-0.001,-0.001
-89.875,0.010,-0.098,-9.811,-0.003,0.018,-0.000,-0.001,-0.000
-89.872,0.016,-0.098,-9.795,-0.010,0.026,0.001,-0.000,0.000
-89.881,0.019,-0.099,-9.808,-0.007,0.010,0.001,-0.000,-0.000
-89.888,0.021,-0.098,-9.808,-0.007,0.011,-0.000,-0.000,-0.000
-89.889,0.020,-0.098,-9.808,-0.002,0.017,0.000,-0.000,0.000
-89.881,0.013,-0.099,-9.807,0.006,0.029,0.000,0.000,0.000
-89.874,0.004,-0.099,-9.808,0.008,0.029,0.000,-0.000,-0.001
-89.874,0.008,-0.100,-9.804,-0.006,0.022,0.001,0.000,-0.000
-89.879,0.016,-0.099,-9.827,-0.013,0.016,-0.001,-0.000,-0.000
-89.874,0.013,-0.099,-9.817,-0.001,0.028,0.001,-0.001,-0.001
-89.876,0.009,-0.100,-9.806,0.002,0.020,0.000,-0.001,-0.000
-89.875,0.015,-0.100,-9.807,-0.010,0.023,0.000,-0.000,-0.000
-89.876,0.013,-0.100,-9.805,0.001,0.019,0.001,0.000,0.001
-89.878,0.012,-0.101,-9.799,-0.002,0.019,0.000,0.000,-0.001
-89.880,0.015,-0.101,-9.807,-0.007,0.020,0.000,-0.001,-0.001
-89.885,0.015,-0.101,-9.802,-0.004,0.014,0.001,-0.001,-0.001
-89.877,0.010,-0.102,-9.805,0.005,0.031,0.001,0.000,-0.000
-89.873,0.006,-0.102,-9.801,0.002,0.026,0.000,0.000,-0.000
-89.877,0.005,-0.102,-9.802,0.000,0.017,0.000,-0.000,-0.000
-89.876,0.005,-0.102,-9.805,-0.001,0.023,0.000,-0.000,0.000
-89.876,0.002,-0.103,-9.804,0.004,0.022,0.001,-0.000,0.000
-89.876,0.002,-0.103,-9.805,0.000,0.022,0.000,-0.000,-0.000
-89.885,0.002,-0.103,-9.804,-0.001,0.010,0.000,-0.000,-0.001
-89.890,0.001,-0.103,-9.814,0.000,0.013,0.000,0.000,-0.000
-89.890,0.001,-0.103,-9.810,0.000,0.019,0.000,-0.001,-0.000
-89.893,0.003,-0.104,-9.810,-0.004,0.016,0.001,-0.001,-0.001
-89.893,0.007,-0.104,-9.818,-0.007,0.019,0.000,-0.001,-0.001
-89.895,0.006,-0.104,-9.813,0.000,0.017,-0.000,-0.001,-0.001
-89.900,0.011,-0.104,-9.814,-0.008,0.011,0.001,-0.001,-0.001
-89.900,0.008,-0.105,-9.819,0.002,0.019,0.001,-0.001,-0.000
-89.900,0.010,-0.105,-9.801,-0.005,0.016,0.001,0.000,-0.000
-89.897,0.008,-0.105,-9.803,0.002,0.021,0.000,0.001,0.000
-89.898,0.009,-0.106,-9.804,-0.002,0.017,0.001,0.000,0.000
-89.898,0.011,-0.106,-9.806,-0.005,0.017,-0.000,-0.000,-0.000
-89.896,0.012,-0.105,-9.817,-0.004,0.021,-0.000,-0.000,-0.000
-89.896,0.010,-0.106,-9.813,0.001,0.018,0.000,-0.000,-0.000
-89.897,0.004,-0.106,-9.802,0.007,0.017,0.001,-0.000,0.000
-89.898,0.004,-0.106,-9.802,-0.001,0.017,0.000,-0.001,-0.000
-89.901,0.006,-0.106,-9.814,-0.003,0.014,0.000,-0.000,-0.000
-89.898,0.008,-0.106,-9.811,-0.003,0.020,0.000,-0.001,0.001
-89.897,0.015,-0.106,-9.800,-0.012,0.019,0.000,-0.000,-0.000
-89.891,0.021,-0.107,-9.808,-0.010,0.028,0.000,-0.000,0.000
-89.891,0.020,-0.107,-9.800,-0.002,0.017,0.001,0.000,0.000
-89.890,0.022,-0.108,-9.802,-0.006,0.020,0.001,0.000,0.000
-89.893,0.026,-0.108,-9.802,-0.009,0.016,0.001,-0.001,-0.000
-89.897,0.023,-0.109,-9.807,-0.001,0.014,0.001,-0.001,0.000
-89.898,0.023,-0.109,-9.808,-0.004,0.018,0.001,-0.001,0.000
-89.894,0.023,-0.110,-9.806,-0.004,0.022,0.001,-0.000,0.000
-89.898,0.021,-0.110,-9.789,-0.002,0.013,0.000,0.000,-0.000
-89.900,0.016,-0.111,-9.804,0.002,0.014,0.001,0.000,-0.001
-89.896,0.019,-0.111,-9.798,-0.006,0.023,0.001,0.000,0.000
-89.910,0.019,-0.112,-9.808,-0.004,0.001,0.001,-0.001,0.000
-89.916,0.012,-0.112,-9.798,0.007,0.007,0.001,-0.000,0.000
-89.912,0.005,-0.112,-9.796,0.007,0.020,-0.000,-0.001,-0.000
-89.910,0.006,-0.112,-9.806,-0.003,0.019,0.000,-0.001,-0.001
-89.907,0.014,-0.113,-9.810,-0.013,0.019,0.001,0.000,-0.001
-89.904,0.012,-0.113,-9.808,0.000,0.020,0.000,0.000,0.000
-89.899,0.018,-0.114,-9.805,-0.010,0.024,0.001,-0.000,0.000
-89.902,0.017,-0.113,-9.799,-0.002,0.013,-0.001,-0.000,-0.000
-89.899,0.021,-0.113,-9.819,-0.008,0.021,-0.000,0.000,0.000
-89.902,0.016,-0.113,-9.804,0.004,0.013,0.000,-0.001,0.000
-89.905,0.015,-0.113,-9.801,-0.002,0.014,0.000,-0.001,-0.000
-89.905,0.012,-0.113,-9.804,0.001,0.017,-0.001,-0.000,-0.001
-89.903,0.012,-0.113,-9.810,-0.001,0.019,-0.000,0.000,0.000
-89.908,0.014,-0.113,-9.802,-0.005,0.010,0.000,-0.001,0.000
-89.910,0.017,-0.113,-9.807,-0.005,0.013,0.000,-0.000,0.000
-89.911,0.021,-0.113,-9.798,-0.009,0.016,-0.000,-0.001,-0.000
-89.907,0.012,-0.113,-9.805,0.007,0.020,0.000,-0.000,-0.001
-89.903,0.003,-0.112,-9.803,0.010,0.022,-0.001,0.000,0.000
-89.897,-0.001,-0.113,-9.800,0.005,0.025,0.001,-0.001,-0.000
-89.890,0.003,-0.113,-9.799,-0.005,0.027,0.000,-0.001,-0.000
-89.891,0.005,-0.113,-9.807,-0.002,0.018,-0.000,-0.000,0.000
-89.892,0.006,-0.113,-9.804,-0.002,0.017,0.000,-0.000,0.000
-89.895,0.007,-0.114,-9.803,-0.002,0.015,0.001,0.000,-0.000
-89.898,0.006,-0.114,-9.807,0.001,0.014,0.000,-0.000,0.000
-89.897,0.003,-0.114,-9.805,0.005,0.019,-0.000,-0.000,0.001
-89.894,0.006,-0.114,-9.816,-0.005,0.022,0.000,-0.000,0.000
-89.891,0.012,-0.114,-9.820,-0.009,0.022,0.000,-0.001,-0.000
-89.893,0.015,-0.114,-9.811,-0.005,0.017,0.000,-0.001,0.000
-89.893,0.014,-0.114,-9.804,-0.002,0.020,-0.000,-0.001,0.001
-89.898,0.013,-0.114,-9.801,-0.001,0.012,0.000,-0.001,-0.000
-89.897,0.009,-0.114,-9.796,0.003,0.019,0.000,-0.001,-0.000
-89.894,0.010,-0.115,-9.810,-0.003,0.022,0.001,0.000,0.000
-89.890,0.004,-0.115,-9.807,0.007,0.025,0.000,-0.001,0.000
-89.887,0.002,-0.115,-9.808,0.002,0.024,0.000,-0.001,-0.000
-89.885,0.011,-0.115,-9.801,-0.013,0.022,-0.000,0.000,0.000
-89.890,0.017,-0.115,-9.796,-0.010,0.014,-0.000,-0.001,0.000
-89.892,0.013,-0.115,-9.808,0.002,0.017,-0.000,-0.001,-0.001
-89.896,0.010,-0.115,-9.807,0.002,0.014,0.001,-0.001,-0.000
-89.893,0.010,-0.116,-9.806,-0.002,0.022,0.001,-0.001,0.000
-89.892,0.014,-0.116,-9.816,-0.007,0.020,-0.000,-0.001,0.000
-89.899,0.023,-0.115,-9.813,-0.014,0.009,-0.001,-0.000,0.000
-89.896,0.019,-0.115,-9.803,0.001,0.022,-0.001,0.000,0.000
-89.895,0.013,-0.115,-9.809,0.005,0.020,0.000,-0.000,0.001
-89.890,0.017,-0.115,-9.811,-0.008,0.024,0.000,0.001,0.000
-89.891,0.012,-0.115,-9.799,0.005,0.017,-0.000,-0.000,-0.000
-89.895,0.006,-0.115,-9.810,0.006,0.013,-0.000,-0.000,0.000
-89.900,0.008,-0.115,-9.809,-0.004,0.014,0.001,-0.001,0.001
-89.906,0.013,-0.116,-9.810,-0.007,0.010,0.001,-0.000,0.001
-89.905,0.010,-0.116,-9.810,0.002,0.017,0.000,-0.001,0.000
-89.905,0.003,-0.117,-9.809,0.008,0.017,0.000,-0.001,0.000
-89.902,0.012,-0.117,-9.817,-0.011,0.020,0.000,0.000,0.001
-89.904,0.011,-0.116,-9.808,-0.002,0.016,-0.001,-0.001,-0.001
-89.906,0.009,-0.116,-9.808,0.001,0.014,-0.000,-0.001,-0.000
-89.903,0.009,-0.116,-9.813,-0.003,0.020,-0.000,-0.000,-0.000
-89.900,-0.000,-0.115,-9.799,0.011,0.021,-0.001,-0.001,-0.001
-89.900,-0.003,-0.115,-9.811,0.004,0.017,-0.000,-0.000,-0.001
-89.900,-0.001,-0.115,-9.821,-0.004,0.018,0.000,-0.001,-0.001
-89.896,0.001,-0.116,-9.811,-0.003,0.023,0.001,-0.001,-0.001
-89.896,0.002,-0.116,-9.808,-0.001,0.018,0.001,-0.001,0.001
-89.891,0.001,-0.117,-9.808,0.001,0.025,0.000,0.000,0.001
-89.884,0.008,-0.117,-9.799,-0.010,0.028,-0.000,0.000,-0.001
-89.879,0.011,-0.117,-9.799,-0.005,0.026,0.000,-0.001,0.000
-89.880,0.016,-0.117,-9.802,-0.008,0.020,0.000,-0.001,0.000
-89.878,0.015,-0.118,-9.806,-0.002,0.025,0.001,-0.001,0.000
-89.882,0.018,-0.118,-9.803,-0.006,0.014,0.001,-0.000,0.000
-89.884,0.025,-0.119,-9.798,-0.012,0.019,0.001,-0.001,0.000
-89.889,0.019,-0.119,-9.808,0.003,0.013,0.001,-0.001,-0.001
-89.889,0.017,-0.119,-9.816,-0.001,0.020,0.000,-0.001,-0.000
-89.896,0.017,-0.119,-9.814,-0.003,0.010,0.000,-0.000,0.000
-89.888,0.018,-0.119,-9.801,-0.002,0.029,-0.000,-0.001,0.001
-89.885,0.012,-0.119,-9.798,0.006,0.025,0.000,-0.001,0.000
-89.885,0.009,-0.119,-9.794,0.001,0.019,-0.000,-0.000,-0.000
-89.884,0.006,-0.119,-9.803,0.002,0.022,-0.000,-0.000,0.000
-89.880,0.006,-0.119,-9.807,-0.001,0.025,-0.000,-0.000,0.000
-89.880,0.000,-0.118,-9.814,0.007,0.022,-0.000,-0.001,0.000
-89.880,-0.000,-0.118,-9.811,0.001,0.021,0.000,-0.000,0.000
-89.879,0.006,-0.119,-9.816,-0.008,0.022,0.000,0.000,0.000
-89.883,0.017,-0.119,-9.802,-0.016,0.016,0.000,0.000,0.000
-89.879,0.024,-0.119,-9.802,-0.012,0.026,0.000,-0.001,0.000
-89.884,0.020,-0.119,-9.798,0.002,0.014,0.001,-0.000,0.000
-89.885,0.013,-0.119,-9.794,0.006,0.020,-0.000,-0.000,-0.001
-89.882,0.015,-0.119,-9.804,-0.006,0.023,0.000,0.000,-0.000
-89.879,0.020,-0.119,-9.808,-0.008,0.025,0.000,-0.000,-0.000
-89.880,0.021,-0.119,-9.807,-0.006,0.020,0.000,-0.001,-0.001
-89.880,0.023,-0.120,-9.810,-0.007,0.022,0.000,-0.001,-0.001
-89.887,0.013,-0.120,-9.802,0.008,0.011,0.000,0.000,-0.000
-89.884,0.013,-0.120,-9.807,-0.002,0.023,0.000,0.000,0.000
-89.879,0.011,-0.120,-9.807,0.001,0.025,0.000,0.001,0.000
-89.884,0.012,-0.120,-9.809,-0.002,0.014,0.000,0.000,0.001
-89.886,0.016,-0.119,-9.803,-0.008,0.019,-0.001,-0.001,0.000
-89.884,0.019,-0.119,-9.813,-0.007,0.022,0.000,0.000,0.000
-89.887,0.018,-0.120,-9.810,-0.001,0.016,0.000,-0.000,0.000
-89.885,0.019,-0.119,-9.809,-0.004,0.023,-0.000,-0.001,0.000
-89.887,0.021,-0.120,-9.804,-0.005,0.017,0.000,-0.000,0.000
-89.884,0.016,-0.120,-9.805,0.002,0.024,0.001,-0.000,0.000
-89.882,0.010,-0.120,-9.809,0.007,0.023,0.000,-0.001,0.000
-89.880,0.011,-0.120,-9.811,-0.004,0.024,-0.000,-0.001,-0.000
-89.875,0.008,-0.120,-9.804,0.002,0.027,0.000,0.000,-0.001
-89.874,0.010,-0.120,-9.798,-0.004,0.022,0.000,0.000,-0.000
-89.875,0.010,-0.121,-9.795,-0.001,0.020,0.000,0.000,0.001
-89.873,0.011,-0.121,-9.819,-0.003,0.025,0.000,-0.000,0.000
-89.869,0.011,-0.121,-9.806,-0.002,0.026,-0.000,0.001,0.001
-89.870,0.013,-0.121,-9.798,-0.004,0.021,0.000,-0.001,0.000
-89.875,0.015,-0.121,-9.801,-0.005,0.017,0.000,-0.001,0.000
-89.874,0.017,-0.121,-9.805,-0.007,0.023,0.001,-0.001,-0.001
-89.878,0.020,-0.122,-9.805,-0.006,0.016,0.001,0.000,0.000
-89.877,0.021,-0.122,-9.807,-0.004,0.022,0.000,0.000,0.000
-89.874,0.022,-0.122,-9.808,-0.006,0.026,0.000,-0.001,-0.000
-89.871,0.026,-0.122,-9.791,-0.008,0.026,-0.001,-0.001,0.001
-89.869,0.026,-0.122,-9.799,-0.003,0.025,0.000,-0.001,0.000
-89.865,0.027,-0.122,-9.812,-0.006,0.027,0.000,0.000,-0.000
-89.862,0.028,-0.122,-9.800,-0.007,0.026,-0.000,0.001,-0.000
-89.860,0.018,-0.122,-9.819,0.008,0.026,-0.000,-0.000,-0.001
-89.862,0.016,-0.122,-9.815,0.000,0.022,0.000,-0.000,0.000
-89.860,0.014,-0.122,-9.811,-0.001,0.027,0.000,-0.001,-0.000
-89.860,0.015,-0.123,-9.805,-0.003,0.025,0.000,-0.001,0.000
-89.862,0.016,-0.123,-9.818,-0.004,0.021,0.001,-0.000,0.000
-89.865,0.013,-0.123,-9.805,0.001,0.021,0.000,-0.001,0.000
-89.866,0.013,-0.123,-9.815,-0.001,0.023,0.001,-0.001,0.000
-89.865,0.009,-0.124,-9.810,0.003,0.025,0.000,-0.001,0.000
-89.871,0.003,-0.123,-9.810,0.007,0.014,-0.001,-0.000,0.001
-89.873,-0.006,-0.123,-9.808,0.011,0.020,0.000,-0.000,-0.000
-89.875,-0.002,-0.124,-9.814,-0.003,0.020,0.000,-0.000,0.000
-89.873,0.003,-0.123,-9.809,-0.007,0.024,-0.000,-0.000,-0.001
-89.876,0.002,-0.123,-9.808,0.001,0.018,-0.000,-0.000,0.000
-89.876,0.003,-0.124,-9.808,-0.002,0.022,0.001,0.000,0.000
-89.875,-0.002,-0.124,-9.806,0.007,0.022,0.000,0.001,0.000
-89.878,-0.001,-0.124,-9.813,-0.001,0.017,0.000,-0.000,0.000
-89.879,-0.002,-0.124,-9.802,0.000,0.020,-0.000,-0.000,-0.001
-89.880,0.002,-0.124,-9.807,-0.004,0.019,0.000,-0.000,0.000
-89.869,0.008,-0.123,-9.814,-0.008,0.035,-0.001,-0.000,0.001
-89.865,0.011,-0.124,-9.810,-0.005,0.029,0.000,-0.001,0.000
-89.858,0.011,-0.124,-9.810,-0.002,0.034,0.000,-0.001,-0.001
-89.857,0.009,-0.124,-9.822,-0.001,0.026,0.000,-0.001,-0.000
-89.857,0.010,-0.124,-9.813,-0.002,0.025,0.001,-0.001,0.001
-89.858,0.010,-0.124,-9.807,-0.001,0.025,-0.000,-0.001,0.000
-89.859,0.013,-0.124,-9.810,-0.006,0.023,0.000,-0.001,0.000
-89.858,0.015,-0.124,-9.805,-0.004,0.026,-0.000,0.000,0.000
-89.861,0.017,-0.124,-9.813,-0.006,0.020,0.001,0.000,-0.000
-89.862,0.013,-0.125,-9.803,0.002,0.022,0.000,0.000,-0.000
-89.867,0.014,-0.124,-9.811,-0.004,0.018,-0.000,-0.001,0.000
-89.867,0.015,-0.124,-9.804,-0.003,0.023,-0.000,-0.001,-0.000
-89.869,0.018,-0.124,-9.821,-0.007,0.020,-0.001,-0.001,-0.000
-89.871,0.015,-0.123,-9.821,0.002,0.020,-0.001,-0.000,0.000
-89.867,0.011,-0.122,-9.809,0.002,0.029,-0.000,-0.000,0.000
-89.862,0.009,-0.122,-9.813,0.001,0.030,-0.001,-0.001,0.001
-89.858,0.009,-0.122,-9.807,-0.001,0.029,-0.000,-0.000,-0.000
-89.858,0.005,-0.122,-9.808,0.004,0.025,0.000,-0.001,-0.000
-89.859,0.003,-0.122,-9.808,0.001,0.025,0.000,-0.001,0.000
-89.857,0.004,-0.123,-9.804,-0.002,0.026,0.001,-0.000,-0.000
-89.859,0.001,-0.123,-9.811,0.004,0.022,0.000,0.000,0.000
-89.866,0.006,-0.123,-9.807,-0.007,0.015,-0.000,0.000,0.000
-89.869,0.003,-0.124,-9.807,0.004,0.020,0.001,-0.001,0.000
-89.873,0.007,-0.124,-9.810,-0.006,0.017,0.001,-0.001,0.000
-89.871,0.010,-0.125,-9.806,-0.005,0.025,0.001,-0.001,0.000
-89.874,0.005,-0.125,-9.809,0.005,0.019,0.001,-0.001,-0.000
-89.873,0.004,-0.126,-9.805,-0.001,0.025,0.001,-0.001,-0.001
-89.874,0.000,-0.126,-9.809,0.005,0.022,0.000,-0.001,0.000
-89.872,-0.002,-0.126,-9.808,0.002,0.024,0.001,-0.000,-0.001
-89.867,-0.011,-0.126,-9.810,0.013,0.029,0.000,-0.001,-0.001
-89.865,-0.007,-0.127,-9.800,-0.004,0.026,0.000,-0.000,0.000
-89.861,-0.005,-0.127,-9.807,-0.001,0.028,0.000,0.000,-0.000
-89.861,0.003,-0.127,-9.811,-0.010,0.023,0.001,-0.000,-0.001
-89.859,0.003,-0.128,-9.808,-0.001,0.028,0.000,-0.001,0.000
-89.859,0.009,-0.127,-9.807,-0.008,0.025,-0.001,-0.002,-0.000
-89.863,0.009,-0.127,-9.805,-0.002,0.019,-0.000,-0.000,-0.000
-89.869,0.008,-0.127,-9.807,-0.001,0.016,-0.000,-0.000,-0.000
-89.864,0.011,-0.128,-9.802,-0.005,0.030,0.001,-0.001,0.000
-89.865,0.011,-0.128,-9.804,-0.002,0.022,0.000,-0.001,0.000
-89.867,0.011,-0.128,-9.799,-0.001,0.021,0.000,0.000,0.001
-89.868,0.010,-0.128,-9.799,0.000,0.022,-0.000,0.000,0.000
-89.870,0.010,-0.128,-9.812,-0.002,0.020,0.000,-0.001,0.000
-89.868,0.011,-0.128,-9.810,-0.004,0.025,-0.000,-0.001,0.000
-89.866,0.002,-0.128,-9.813,0.010,0.026,-0.000,-0.001,-0.001
-89.864,-0.001,-0.128,-9.801,0.004,0.026,-0.000,-0.000,0.000
-89.868,0.002,-0.127,-9.802,-0.004,0.018,-0.000,0.000,-0.000
-89.867,0.006,-0.127,-9.821,-0.006,0.025,0.000,-0.000,-0.001
-89.871,0.006,-0.128,-9.813,-0.001,0.017,0.001,-0.000,-0.001
-89.872,0.004,-0.129,-9.795,0.001,0.022,0.000,-0.000,-0.000
-89.873,0.007,-0.129,-9.798,-0.006,0.021,0.000,-0.000,-0.000
-89.875,0.007,-0.129,-9.808,-0.001,0.018,0.000,0.000,-0.000
-89.877,-0.004,-0.129,-9.801,0.013,0.019,0.000,0.000,0.000
-89.877,-0.006,-0.129,-9.804,0.004,0.022,0.000,-0.001,0.000
-89.883,-0.002,-0.129,-9.807,-0.004,0.014,-0.001,-0.001,0.000
-89.885,-0.001,-0.129,-9.796,-0.001,0.019,0.001,-0.001,-0.000
-89.873,0.005,-0.129,-9.820,-0.008,0.037,-0.000,-0.001,0.000
-89.873,0.011,-0.129,-9.813,-0.008,0.021,-0.000,-0.000,0.000
-89.870,0.006,-0.129,-9.798,0.004,0.026,-0.000,-0.000,-0.000
-89.868,0.009,-0.129,-9.802,-0.005,0.026,0.000,-0.000,-0.000
-89.871,0.005,-0.129,-9.812,0.005,0.019,0.000,-0.001,0.000
-89.871,0.011,-0.130,-9.813,-0.010,0.022,0.000,-0.000,-0.000
-89.871,0.010,-0.130,-9.814,-0.002,0.023,0.000,-0.000,-0.001
-89.870,0.007,-0.130,-9.810,0.002,0.023,0.001,0.001,-0.000
-89.870,-0.005,-0.131,-9.811,0.014,0.022,0.000,0.000,-0.000
-89.874,-0.005,-0.130,-9.822,0.001,0.019,-0.001,-0.001,-0.000
-89.876,-0.007,-0.130,-9.811,0.004,0.020,-0.000,-0.001,0.000
-89.875,-0.003,-0.130,-9.805,-0.005,0.024,0.000,-0.001,-0.000
-89.874,-0.005,-0.130,-9.802,0.004,0.024,0.001,-0.001,-0.001
-89.876,-0.010,-0.130,-9.802,0.006,0.019,0.000,-0.001,-0.000
-89.874,-0.014,-0.131,-9.803,0.007,0.025,0.001,-0.001,-0.001
-89.869,-0.009,-0.130,-9.813,-0.005,0.029,-0.001,-0.000,-0.001
-89.870,-0.008,-0.130,-9.804,0.001,0.022,-0.001,0.000,0.000
-89.875,-0.004,-0.130,-9.806,-0.004,0.016,0.000,-0.001,0.000
-89.877,-0.002,-0.130,-9.802,-0.002,0.020,-0.000,-0.001,-0.001
-89.876,-0.002,-0.130,-9.811,0.000,0.023,0.000,-0.001,-0.001
-89.878,-0.005,-0.130,-9.808,0.003,0.019,0.000,-0.000,-0.001
-89.880,0.002,-0.130,-9.808,-0.008,0.020,-0.001,-0.001,0.000
-89.881,0.002,-0.130,-9.811,-0.001,0.019,0.001,-0.001,-0.000
-89.881,0.002,-0.130,-9.805,0.000,0.020,-0.001,-0.000,0.000
-89.881,-0.001,-0.130,-9.799,0.004,0.022,0.000,-0.001,-0.001
-89.881,0.003,-0.130,-9.810,-0.005,0.021,-0.000,-0.000,-0.000
-89.872,0.003,-0.130,-9.805,-0.001,0.031,-0.001,0.000,0.000
-89.869,0.012,-0.130,-9.816,-0.012,0.026,0.000,0.000,0.000
-89.874,0.013,-0.130,-9.802,-0.005,0.016,0.001,-0.000,-0.001
-89.869,0.018,-0.130,-9.804,-0.008,0.028,0.000,-0.001,-0.000
-89.868,0.024,-0.130,-9.810,-0.011,0.024,-0.000,0.000,0.000
-89.866,0.022,-0.130,-9.802,-0.001,0.027,0.000,-0.001,0.000
-89.871,0.021,-0.131,-9.810,-0.004,0.017,0.001,-0.001,-0.001
-89.872,0.022,-0.131,-9.804,-0.005,0.022,0.001,-0.001,-0.001
-89.874,0.017,-0.132,-9.808,0.002,0.020,0.000,-0.000,0.000
-89.876,0.009,-0.131,-9.813,0.007,0.019,-0.000,0.000,0.000
-89.874,0.011,-0.132,-9.801,-0.004,0.025,0.001,0.000,0.000
-89.865,0.019,-0.132,-9.802,-0.011,0.033,0.000,0.000,0.000
-89.861,0.025,-0.133,-9.809,-0.011,0.029,0.001,-0.000,-0.000
-89.861,0.024,-0.133,-9.817,-0.004,0.024,0.000,-0.000,0.000
-89.859,0.022,-0.133,-9.810,-0.001,0.028,0.000,-0.002,0.001
-89.858,0.015,-0.134,-9.804,0.008,0.027,0.001,-0.001,0.001
-89.858,0.015,-0.133,-9.805,-0.002,0.023,-0.000,0.000,0.000
-89.861,0.020,-0.134,-9.822,-0.010,0.021,0.000,-0.000,-0.000
-89.864,0.021,-0.134,-9.811,-0.005,0.020,0.000,-0.001,-0.000
-89.858,0.017,-0.134,-9.813,0.002,0.031,0.000,0.000,0.001
-89.861,0.016,-0.134,-9.808,-0.002,0.022,0.000,-0.001,-0.000
-89.861,0.015,-0.134,-9.805,0.000,0.025,-0.000,-0.001,0.001
-89.857,0.014,-0.134,-9.804,-0.002,0.031,0.000,-0.001,-0.000
-89.858,0.013,-0.134,-9.811,-0.002,0.025,0.001,-0.001,-0.000
-89.853,0.015,-0.134,-9.804,-0.005,0.031,-0.000,0.000,-0.001
-89.850,0.015,-0.134,-9.812,-0.002,0.029,-0.000,0.000,-0.000
-89.856,0.019,-0.134,-9.813,-0.010,0.018,-0.000,-0.000,-0.001
-89.852,0.023,-0.134,-9.811,-0.010,0.030,-0.000,-0.000,-0.001
-89.859,0.026,-0.134,-9.806,-0.008,0.016,-0.000,-0.000,-0.001
-89.859,0.014,-0.134,-9.799,0.011,0.025,0.000,0.000,-0.000
-89.862,0.011,-0.134,-9.806,0.002,0.020,0.000,0.000,0.001
-89.866,0.010,-0.134,-9.810,0.000,0.019,0.000,0.000,0.001
-89.868,0.010,-0.135,-9.808,-0.002,0.020,0.000,-0.001,-0.000
-89.872,0.006,-0.135,-9.805,0.004,0.018,0.000,-0.001,0.000
-89.867,0.008,-0.135,-9.805,-0.003,0.029,-0.000,-0.000,0.000
-89.862,0.009,-0.135,-9.805,-0.002,0.031,0.000,-0.001,0.000
-89.863,0.016,-0.136,-9.799,-0.011,0.022,0.001,0.000,-0.000
-89.870,0.010,-0.136,-9.807,0.005,0.016,0.001,-0.001,0.000
-89.876,0.013,-0.136,-9.807,-0.005,0.014,0.001,-0.001,0.001
-89.873,0.018,-0.137,-9.813,-0.009,0.027,0.001,-0.001,-0.000
-89.878,0.011,-0.137,-9.812,0.005,0.016,0.000,-0.001,-0.001
-89.876,0.008,-0.137,-9.812,0.001,0.024,-0.000,-0.001,-0.000
-89.875,0.007,-0.137,-9.813,0.000,0.023,0.000,-0.001,-0.000
-89.876,0.003,-0.137,-9.802,0.004,0.021,-0.000,0.000,0.000
-89.876,0.005,-0.137,-9.808,-0.002,0.022,0.000,-0.000,0.000
-89.869,0.003,-0.137,-9.803,0.002,0.031,0.000,-0.001,-0.001
-89.869,0.001,-0.137,-9.802,0.002,0.024,-0.000,-0.001,0.001
-89.867,-0.003,-0.137,-9.805,0.004,0.025,-0.001,-0.000,-0.001
-89.866,-0.006,-0.136,-9.806,0.004,0.025,-0.001,-0.000,-0.000
-89.860,-0.008,-0.136,-9.814,0.004,0.031,-0.001,-0.001,0.000
-89.864,-0.008,-0.136,-9.808,0.001,0.019,0.001,-0.001,0.000
-89.864,-0.006,-0.136,-9.806,-0.001,0.023,0.000,-0.001,-0.001
-89.868,-0.002,-0.136,-9.801,-0.005,0.019,-0.001,-0.000,-0.001
-89.867,-0.003,-0.137,-9.813,0.002,0.023,0.001,-0.000,0.000
-89.871,0.005,-0.136,-9.822,-0.011,0.019,-0.000,-0.001,0.000
-89.872,0.007,-0.136,-9.805,-0.004,0.020,-0.000,0.001,-0.001
-89.864,0.007,-0.136,-9.801,-0.001,0.034,0.000,-0.001,0.000
-89.862,0.011,-0.136,-9.810,-0.007,0.025,0.000,0.000,0.000
-89.861,0.008,-0.137,-9.805,0.002,0.026,0.001,-0.001,0.000
-89.864,0.005,-0.138,-9.808,0.004,0.020,0.001,-0.001,0.000
-89.868,0.012,-0.138,-9.811,-0.011,0.020,0.000,-0.001,-0.000
-89.871,0.014,-0.138,-9.798,-0.005,0.019,0.000,-0.001,0.000
-89.867,0.011,-0.138,-9.796,0.003,0.028,0.000,-0.001,0.000
-89.875,0.017,-0.139,-9.799,-0.009,0.013,0.001,-0.000,0.000
-89.873,0.022,-0.139,-9.801,-0.010,0.025,0.001,-0.001,0.000
-89.869,0.028,-0.139,-9.808,-0.010,0.026,-0.000,0.001,0.001
-89.865,0.027,-0.139,-9.793,-0.004,0.028,0.001,0.000,-0.001
-89.862,0.028,-0.140,-9.804,-0.006,0.027,0.001,-0.001,-0.001
-89.860,0.022,-0.140,-9.810,0.003,0.026,0.001,0.000,-0.000
-89.860,0.024,-0.140,-9.810,-0.007,0.025,0.000,0.000,0.000
-89.862,0.024,-0.140,-9.802,-0.004,0.022,0.000,-0.001,0.000
-89.859,0.022,-0.140,-9.798,-0.002,0.029,0.000,-0.001,-0.000
-89.858,0.020,-0.140,-9.811,-0.001,0.025,-0.000,0.000,0.000
-89.861,0.019,-0.140,-9.810,-0.003,0.021,0.000,0.000,-0.001
-89.866,0.011,-0.141,-9.795,0.007,0.018,0.001,-0.001,-0.000
-89.867,0.009,-0.141,-9.810,0.001,0.023,-0.000,-0.000,-0.001
-89.866,0.006,-0.140,-9.811,0.001,0.023,-0.000,0.001,-0.002
-89.866,-0.004,-0.140,-9.812,0.012,0.023,0.000,0.000,-0.000
-89.869,-0.002,-0.141,-9.817,-0.002,0.019,0.001,-0.000,-0.000
-89.865,0.003,-0.140,-9.811,-0.006,0.029,-0.000,-0.001,-0.000
-89.863,0.003,-0.140,-9.799,-0.001,0.026,-0.001,-0.000,0.000
-89.861,0.001,-0.140,-9.804,0.002,0.027,0.000,-0.001,-0.000
-89.859,-0.005,-0.140,-9.804,0.007,0.026,0.000,0.000,-0.000
-89.862,-0.004,-0.140,-9.822,0.001,0.020,0.001,0.000,0.001
-89.858,-0.002,-0.141,-9.811,-0.002,0.031,0.001,-0.001,0.000
-89.861,-0.001,-0.141,-9.804,0.000,0.022,0.000,-0.001,0.000
-89.867,0.002,-0.141,-9.812,-0.004,0.016,0.000,-0.001,-0.000
-89.869,0.001,-0.141,-9.804,0.000,0.021,-0.001,-0.001,-0.000
-89.866,0.001,-0.140,-9.810,0.000,0.026,-0.000,-0.000,-0.001
-89.865,0.003,-0.140,-9.809,-0.003,0.025,-0.000,-0.000,0.000
-89.865,0.000,-0.140,-9.809,0.002,0.025,0.000,-0.001,-0.001
-89.867,-0.001,-0.140,-9.811,0.002,0.021,-0.000,-0.001,-0.000
-89.867,0.007,-0.140,-9.823,-0.010,0.023,-0.000,0.000,0.001
-89.873,0.005,-0.140,-9.806,0.001,0.015,-0.000,-0.000,0.001
-89.873,0.007,-0.140,-9.798,-0.003,0.022,-0.000,-0.000,0.000
-89.871,0.004,-0.140,-9.808,0.004,0.025,0.000,-0.001,0.000
-89.872,0.002,-0.139,-9.805,0.002,0.022,-0.000,-0.001,0.000
-89.864,0.009,-0.140,-9.817,-0.011,0.033,0.001,0.000,0.000
-89.864,0.012,-0.140,-9.806,-0.005,0.023,0.000,-0.000,0.000
-89.858,0.016,-0.140,-9.807,-0.007,0.032,0.000,0.000,-0.000
-89.861,0.020,-0.141,-9.805,-0.008,0.020,0.001,0.000,-0.001
-89.868,0.015,-0.141,-9.804,0.003,0.015,0.001,-0.000,-0.001
-89.869,0.014,-0.141,-9.808,-0.001,0.022,0.000,-0.000,-0.000
-89.868,0.016,-0.141,-9.805,-0.005,0.025,0.000,-0.001,-0.000
-89.867,0.016,-0.142,-9.813,-0.003,0.025,0.000,-0.000,-0.000
-89.857,0.012,-0.142,-9.798,0.002,0.035,0.000,-0.000,-0.001
-89.853,0.008,-0.142,-9.810,0.002,0.031,0.000,-0.001,-0.000
-89.847,0.010,-0.142,-9.802,-0.003,0.034,-0.000,0.000,0.000
-89.848,0.007,-0.142,-9.807,0.003,0.025,0.000,-0.000,0.000
-89.851,0.003,-0.141,-9.810,0.004,0.023,-0.000,-0.000,0.000
-89.858,0.000,-0.141,-9.802,0.003,0.016,-0.001,0.000,0.000
-89.862,-0.002,-0.141,-9.814,0.003,0.019,0.000,0.000,0.000
-89.866,-0.006,-0.141,-9.811,0.007,0.017,0.001,-0.000,0.001
-89.863,-0.005,-0.141,-9.818,-0.001,0.028,0.000,-0.001,-0.001
-89.861,-0.003,-0.141,-9.808,-0.003,0.027,0.000,-0.000,-0.000
-89.859,-0.005,-0.142,-9.802,0.004,0.027,0.000,-0.001,0.000
-89.854,-0.008,-0.142,-9.826,0.005,0.031,0.001,-0.001,0.000
-89.855,-0.009,-0.143,-9.806,0.004,0.023,0.000,0.000,0.000
-89.853,-0.012,-0.143,-9.807,0.005,0.028,0.001,-0.000,-0.000
-89.854,-0.004,-0.143,-9.801,-0.008,0.025,-0.000,-0.001,0.001
-89.854,-0.005,-0.143,-9.806,0.002,0.026,0.001,-0.001,0.000
-89.849,-0.003,-0.143,-9.807,-0.001,0.031,-0.000,0.000,0.000
-89.847,-0.004,-0.144,-9.799,0.001,0.028,0.000,0.000,0.000
-89.846,-0.003,-0.144,-9.801,0.001,0.028,0.000,0.000,0.000
-89.849,-0.004,-0.144,-9.807,0.002,0.023,0.001,-0.001,0.001
-89.852,-0.003,-0.144,-9.811,0.000,0.022,-0.001,0.000,0.001
-89.852,0.004,-0.144,-9.801,-0.009,0.026,0.000,-0.001,-0.000
-89.851,0.005,-0.144,-9.813,-0.003,0.026,0.000,-0.001,-0.001
-89.856,0.013,-0.144,-9.803,-0.011,0.020,0.000,-0.000,-0.000
-89.861,0.021,-0.144,-9.813,-0.013,0.018,0.000,0.000,0.000
-89.858,0.017,-0.145,-9.810,0.002,0.028,0.000,-0.001,-0.000
-89.860,0.013,-0.145,-9.800,0.002,0.022,0.000,-0.000,0.001
-89.859,0.016,-0.145,-9.802,-0.007,0.026,0.000,-0.001,-0.001
-89.863,0.016,-0.144,-9.819,-0.002,0.019,-0.000,0.000,0.000
-89.867,0.011,-0.145,-9.811,0.003,0.018,0.000,-0.000,-0.001
-89.864,0.010,-0.145,-9.813,-0.001,0.028,-0.000,-0.001,0.000
-89.861,0.010,-0.145,-9.813,-0.001,0.029,0.000,-0.001,0.000
-89.857,0.005,-0.145,-9.808,0.006,0.031,0.000,-0.002,0.001
-89.857,-0.002,-0.144,-9.807,0.010,0.025,-0.001,0.000,0.001
-89.856,-0.002,-0.145,-9.794,-0.001,0.026,0.001,-0.002,-0.000
-89.858,-0.006,-0.145,-9.800,0.005,0.023,0.000,-0.001,-0.000
-89.855,0.000,-0.145,-9.793,-0.007,0.028,0.000,0.000,0.000
-89.856,-0.001,-0.146,-9.805,0.001,0.023,0.001,0.000,-0.000
-89.860,0.004,-0.146,-9.813,-0.007,0.019,-0.000,0.001,0.000
-89.860,0.010,-0.146,-9.813,-0.008,0.025,0.001,-0.001,0.000
-89.861,0.006,-0.147,-9.802,0.004,0.024,0.001,-0.001,0.000
-89.867,0.002,-0.147,-9.807,0.004,0.015,0.000,0.000,-0.000
-89.870,-0.000,-0.147,-9.813,0.002,0.020,-0.000,-0.001,-0.001
-89.870,0.004,-0.147,-9.817,-0.005,0.023,0.000,-0.001,-0.000
-89.872,0.005,-0.148,-9.807,-0.002,0.019,0.001,0.000,0.000
-89.871,0.009,-0.148,-9.804,-0.006,0.024,0.000,-0.000,-0.000
-89.875,0.013,-0.148,-9.811,-0.007,0.016,0.001,0.001,0.001
-89.870,0.014,-0.148,-9.808,-0.004,0.028,0.000,-0.000,-0.000
-89.873,0.014,-0.149,-9.798,-0.003,0.019,0.000,-0.001,-0.000
-89.867,0.020,-0.149,-9.795,-0.010,0.030,0.000,-0.000,0.000
-89.866,0.019,-0.149,-9.807,-0.001,0.024,-0.000,0.000,0.000
-89.865,0.018,-0.149,-9.810,-0.002,0.024,0.000,0.000,0.000
-89.868,0.013,-0.149,-9.816,0.004,0.021,0.000,-0.001,0.001
-89.867,0.011,-0.149,-9.799,0.000,0.024,0.000,-0.001,-0.001
-89.864,0.012,-0.150,-9.797,-0.004,0.028,0.001,-0.001,-0.000
-89.867,0.014,-0.150,-9.804,-0.005,0.019,0.000,0.000,-0.001
-89.867,0.016,-0.150,-9.806,-0.005,0.023,0.000,-0.000,0.000
-89.870,0.021,-0.150,-9.804,-0.010,0.020,-0.001,-0.001,-0.000
-89.873,0.019,-0.149,-9.798,-0.001,0.019,-0.001,-0.001,0.001
-89.876,0.018,-0.149,-9.799,-0.001,0.017,-0.001,0.000,0.000
-89.875,0.016,-0.148,-9.810,-0.002,0.023,-0.001,-0.000,-0.000
-89.869,0.017,-0.148,-9.826,-0.004,0.028,-0.001,0.000,-0.000
-89.868,0.015,-0.148,-9.814,-0.002,0.025,0.001,-0.001,-0.001
-89.861,0.016,-0.148,-9.809,-0.003,0.034,0.000,-0.001,0.000
-89.856,0.018,-0.148,-9.792,-0.007,0.031,0.000,-0.001,-0.000
-89.858,0.018,-0.148,-9.807,-0.002,0.021,0.000,0.001,0.000
-89.861,0.018,-0.148,-9.820,-0.003,0.020,-0.000,0.001,-0.000
-89.861,0.016,-0.148,-9.803,-0.001,0.026,0.000,-0.002,0.000
-89.861,0.020,-0.149,-9.798,-0.007,0.025,0.000,-0.002,0.001
-89.855,0.022,-0.149,-9.807,-0.007,0.031,0.000,0.001,-0.001
-89.850,0.017,-0.149,-9.817,0.002,0.029,0.000,0.001,0.000
-89.852,0.019,-0.149,-9.813,-0.005,0.023,0.000,-0.000,-0.000
-89.851,0.016,-0.149,-9.799,0.001,0.029,0.001,-0.001,-0.000
-89.854,0.016,-0.149,-9.805,-0.003,0.022,0.000,-0.000,-0.000
-89.858,0.016,-0.149,-9.804,-0.004,0.019,0.000,0.000,0.000
-89.861,0.017,-0.150,-9.809,-0.004,0.022,0.001,-0.001,-0.001
-89.864,0.014,-0.150,-9.808,0.000,0.020,0.001,-0.001,-0.000
-89.863,0.007,-0.150,-9.804,0.007,0.026,0.000,-0.001,-0.001
-89.861,0.008,-0.150,-9.805,-0.002,0.027,-0.000,-0.001,0.000
-89.857,0.004,-0.150,-9.805,0.004,0.030,0.000,-0.000,0.000
-89.862,0.007,-0.150,-9.799,-0.005,0.017,0.000,0.000,-0.000
-89.860,0.012,-0.150,-9.807,-0.008,0.028,0.000,-0.001,0.000
-89.858,0.006,-0.150,-9.808,0.007,0.026,0.000,-0.000,0.000
-89.863,0.004,-0.150,-9.811,0.000,0.017,0.000,0.000,-0.001
-89.867,0.007,-0.151,-9.801,-0.004,0.019,0.000,0.000,0.000
-89.867,0.016,-0.150,-9.809,-0.014,0.023,-0.000,-0.001,-0.001
-89.865,0.009,-0.151,-9.802,0.007,0.026,0.000,-0.001,-0.000
-89.862,0.009,-0.151,-9.802,-0.002,0.027,0.000,0.000,-0.000
-89.861,0.008,-0.150,-9.803,-0.002,0.025,-0.001,0.000,-0.001
-89.862,0.013,-0.150,-9.808,-0.007,0.023,0.000,-0.001,0.001
-89.863,0.015,-0.151,-9.808,-0.005,0.024,0.000,-0.002,0.000
-89.863,0.013,-0.151,-9.799,0.001,0.025,0.000,-0.001,0.000
-89.866,0.009,-0.151,-9.802,0.004,0.019,0.000,0.000,0.000
-89.866,0.015,-0.151,-9.811,-0.010,0.023,-0.000,0.000,0.000
-89.863,0.013,-0.151,-9.810,0.000,0.028,-0.000,-0.000,0.000
-89.863,0.011,-0.151,-9.804,0.000,0.025,0.000,-0.001,0.000
-89.865,0.009,-0.151,-9.810,0.002,0.020,0.000,-0.000,-0.000
-89.868,0.007,-0.151,-9.808,-0.001,0.019,0.000,0.000,-0.001
-89.869,0.007,-0.151,-9.809,-0.001,0.020,0.000,0.000,0.000
-89.868,0.014,-0.151,-9.804,-0.010,0.025,-0.000,-0.001,-0.001
-89.870,0.020,-0.151,-9.802,-0.011,0.020,0.000,-0.000,-0.000
-89.870,0.015,-0.150,-9.799,0.004,0.023,-0.000,-0.001,-0.000
-89.870,0.013,-0.150,-9.807,-0.001,0.022,-0.000,0.000,-0.000
-89.869,0.007,-0.150,-9.813,0.007,0.024,-0.001,-0.000,0.001
-89.868,0.014,-0.149,-9.813,-0.010,0.026,-0.001,-0.001,0.000
-89.873,0.016,-0.149,-9.799,-0.005,0.016,0.000,0.000,0.001
-89.877,0.008,-0.149,-9.807,0.008,0.017,-0.000,-0.001,0.000
-89.877,0.005,-0.148,-9.789,0.002,0.022,-0.001,-0.001,-0.000
-89.874,-0.002,-0.148,-9.814,0.008,0.026,-0.000,-0.001,-0.000
-89.870,-0.002,-0.149,-9.798,0.001,0.027,0.001,-0.001,-0.000
-89.872,-0.001,-0.150,-9.804,-0.001,0.021,0.001,-0.001,0.001
-89.874,0.001,-0.150,-9.805,-0.002,0.019,0.001,0.000,-0.000
-89.876,0.003,-0.150,-9.809,-0.004,0.019,0.000,-0.000,-0.000
-89.873,0.005,-0.151,-9.804,-0.003,0.027,0.001,-0.001,-0.000
-89.873,0.012,-0.150,-9.804,-0.010,0.023,-0.000,-0.001,0.000
-89.871,0.013,-0.151,-9.805,-0.003,0.025,0.001,-0.001,0.000
-89.869,0.012,-0.152,-9.808,-0.001,0.025,0.001,0.000,-0.000
-89.870,0.008,-0.152,-9.807,0.003,0.021,0.000,-0.001,0.000
-89.871,0.004,-0.152,-9.813,0.004,0.021,0.000,-0.000,-0.000
-89.862,0.004,-0.152,-9.805,-0.001,0.034,0.000,0.000,0.000
-89.853,0.002,-0.153,-9.803,0.002,0.037,0.001,-0.000,-0.000
-89.850,0.004,-0.153,-9.800,-0.002,0.029,-0.000,-0.000,0.000
-89.848,-0.003,-0.153,-9.810,0.008,0.029,-0.000,-0.001,0.000
-89.844,-0.010,-0.152,-9.801,0.009,0.031,-0.000,0.000,-0.000
-89.845,-0.008,-0.152,-9.805,-0.001,0.026,0.000,-0.000,-0.000
-89.848,-0.007,-0.153,-9.810,-0.001,0.023,0.000,-0.000,-0.001
-89.850,0.003,-0.153,-9.804,-0.013,0.023,0.000,0.000,-0.000
-89.862,0.007,-0.153,-9.810,-0.007,0.009,0.000,0.000,-0.001
-89.859,0.012,-0.153,-9.814,-0.007,0.029,0.000,-0.001,0.000
-89.857,0.015,-0.153,-9.807,-0.006,0.027,-0.001,-0.001,0.001
-89.865,0.012,-0.152,-9.805,0.001,0.015,-0.000,-0.000,-0.000
-89.862,0.007,-0.152,-9.801,0.004,0.027,-0.000,-0.000,-0.001
-89.863,0.006,-0.153,-9.801,-0.001,0.022,0.000,-0.000,-0.000
-89.866,0.008,-0.153,-9.804,-0.004,0.020,0.001,0.000,-0.000
-89.862,0.006,-0.153,-9.804,0.001,0.028,0.000,-0.001,0.000
-89.867,0.014,-0.154,-9.809,-0.011,0.017,0.001,-0.001,0.001
-89.864,0.017,-0.154,-9.816,-0.008,0.027,0.001,-0.000,-0.000
-89.861,0.017,-0.154,-9.814,-0.002,0.028,0.000,-0.000,-0.000
-89.862,0.017,-0.155,-9.812,-0.003,0.025,0.000,-0.001,-0.000
-89.857,0.014,-0.155,-9.811,0.000,0.029,0.000,-0.000,-0.001
-89.858,0.016,-0.155,-9.816,-0.004,0.023,0.000,0.000,0.001
-89.862,0.016,-0.155,-9.806,-0.004,0.019,0.000,0.000,-0.000
-89.861,0.006,-0.155,-9.806,0.011,0.026,0.001,-0.001,0.000
-89.862,0.003,-0.155,-9.805,0.003,0.023,-0.000,-0.001,0.000
-89.861,-0.000,-0.156,-9.808,0.004,0.026,0.001,-0.000,0.001
-89.868,0.004,-0.156,-9.801,-0.006,0.015,0.001,-0.001,0.000
-89.866,0.014,-0.156,-9.807,-0.014,0.026,0.000,-0.001,-0.000
-89.865,0.013,-0.156,-9.819,-0.001,0.025,0.000,-0.001,-0.000
-89.860,0.012,-0.156,-9.809,-0.001,0.031,-0.000,-0.001,0.000
-89.862,0.009,-0.156,-9.801,0.002,0.023,0.000,-0.001,0.000
-89.862,0.009,-0.156,-9.815,-0.002,0.024,-0.001,-0.001,-0.000
-89.869,0.004,-0.155,-9.814,0.005,0.014,-0.001,0.000,-0.000
-89.866,0.011,-0.156,-9.819,-0.010,0.028,0.000,-0.001,-0.000
-89.873,0.006,-0.156,-9.806,0.005,0.014,0.000,-0.002,0.000
-89.872,0.002,-0.155,-9.809,0.004,0.025,-0.000,-0.001,-0.001
-89.868,0.003,-0.155,-9.810,-0.002,0.028,0.000,-0.001,-0.001
-89.873,0.004,-0.155,-9.813,-0.002,0.016,-0.000,0.000,-0.000
-89.869,0.010,-0.155,-9.805,-0.010,0.028,0.000,-0.000,-0.000
-89.863,0.014,-0.155,-9.804,-0.007,0.031,0.000,-0.001,0.000
-89.866,0.008,-0.155,-9.804,0.006,0.021,0.000,-0.001,-0.000
-89.868,0.005,-0.156,-9.805,0.002,0.020,0.000,-0.000,-0.001
-89.869,0.005,-0.155,-9.800,-0.001,0.022,-0.001,-0.001,-0.000
-89.870,0.005,-0.155,-9.806,-0.001,0.022,0.000,-0.001,0.000
-89.869,0.001,-0.156,-9.798,0.003,0.025,0.000,-0.001,-0.000
-89.871,0.003,-0.156,-9.804,-0.003,0.020,0.000,0.000,-0.001
-89.863,0.011,-0.156,-9.807,-0.011,0.033,0.000,-0.000,-0.000
-89.865,0.012,-0.156,-9.802,-0.004,0.022,0.000,-0.001,0.000
-89.865,0.019,-0.157,-9.810,-0.011,0.024,0.001,-0.001,-0.000
-89.865,0.018,-0.157,-9.813,-0.002,0.024,0.000,-0.001,-0.000
-89.864,0.018,-0.157,-9.820,-0.004,0.025,0.000,-0.000,0.000
-89.863,0.023,-0.157,-9.816,-0.010,0.024,-0.000,0.000,-0.001
-89.861,0.018,-0.157,-9.806,0.004,0.028,0.001,-0.001,0.000
-89.860,0.014,-0.157,-9.802,0.001,0.026,0.000,-0.001,-0.000
-89.856,0.017,-0.158,-9.805,-0.006,0.029,0.001,-0.000,0.000
-89.852,0.019,-0.157,-9.795,-0.005,0.029,-0.001,-0.000,-0.000
-89.849,0.018,-0.157,-9.812,-0.002,0.030,0.000,-0.000,0.000
-89.850,0.021,-0.157,-9.801,-0.006,0.026,0.000,-0.001,0.001
-89.851,0.014,-0.158,-9.803,0.004,0.025,0.000,-0.000,-0.001
-89.848,0.015,-0.157,-9.812,-0.004,0.031,-0.001,-0.001,-0.000
-89.851,0.014,-0.157,-9.807,-0.002,0.023,0.000,-0.001,-0.000
-89.844,0.010,-0.158,-9.814,0.004,0.034,0.000,0.000,0.001
-89.845,0.008,-0.157,-9.809,0.001,0.026,-0.000,-0.001,0.000
-89.839,0.009,-0.157,-9.815,-0.004,0.034,-0.000,0.000,-0.000
-89.841,0.003,-0.157,-9.818,0.007,0.026,0.000,-0.001,-0.000
-89.841,0.002,-0.157,-9.812,0.001,0.028,0.000,-0.000,0.000
-89.837,-0.005,-0.158,-9.811,0.008,0.032,0.001,0.000,-0.001
-89.842,0.001,-0.158,-9.806,-0.007,0.023,0.000,-0.001,0.000
-89.840,0.002,-0.159,-9.799,-0.002,0.030,0.001,-0.000,-0.001
-89.847,0.006,-0.158,-9.811,-0.007,0.018,-0.000,0.000,-0.001
-89.849,0.009,-0.159,-9.811,-0.004,0.025,0.000,-0.001,0.000
-89.853,0.010,-0.159,-9.811,-0.004,0.021,0.001,-0.001,-0.000
-89.852,0.011,-0.159,-9.796,-0.003,0.028,0.000,-0.000,0.000
-89.855,0.009,-0.160,-9.806,0.001,0.021,0.001,-0.001,-0.000
-89.851,0.012,-0.160,-9.812,-0.007,0.031,0.000,-0.001,-0.000
-89.852,0.015,-0.161,-9.802,-0.006,0.026,0.001,-0.001,-0.001
-89.852,0.014,-0.161,-9.807,-0.002,0.026,-0.000,-0.001,0.000
-89.848,0.008,-0.160,-9.806,0.005,0.031,-0.000,-0.000,-0.001
-89.845,0.008,-0.160,-9.800,-0.002,0.030,-0.001,-0.001,-0.001
-89.846,0.003,-0.159,-9.793,0.005,0.026,-0.001,-0.001,0.000
-89.852,0.007,-0.159,-9.802,-0.006,0.019,0.000,-0.001,0.000
-89.854,0.010,-0.160,-9.805,-0.007,0.023,0.001,-0.000,-0.001
-89.852,0.009,-0.160,-9.814,0.000,0.028,0.001,0.000,-0.001
-89.850,0.016,-0.161,-9.814,-0.012,0.029,0.000,-0.001,-0.000
-89.851,0.017,-0.161,-9.811,-0.004,0.025,0.000,-0.001,0.000
-89.852,0.010,-0.161,-9.818,0.007,0.024,0.001,-0.001,0.000
-89.854,0.009,-0.162,-9.814,0.001,0.023,0.001,-0.001,0.000
-89.853,0.006,-0.162,-9.816,0.002,0.027,0.000,-0.000,0.000
-89.849,-0.001,-0.163,-9.819,0.008,0.030,0.001,0.001,0.000
-89.848,-0.002,-0.164,-9.805,0.002,0.028,0.001,-0.000,-0.000
-89.845,-0.005,-0.164,-9.808,0.004,0.031,0.001,-0.001,-0.000
-89.846,-0.008,-0.164,-9.801,0.004,0.026,0.000,-0.001,-0.000
-89.849,-0.002,-0.164,-9.804,-0.005,0.023,0.000,-0.000,0.001
-89.856,0.003,-0.164,-9.806,-0.007,0.016,0.000,0.000,-0.000
-89.857,0.010,-0.164,-9.802,-0.009,0.023,-0.000,0.000,-0.000
-89.859,0.009,-0.164,-9.806,-0.001,0.023,-0.000,-0.001,0.001
-89.859,0.002,-0.164,-9.809,0.007,0.026,0.000,-0.001,-0.001
-89.855,0.000,-0.164,-9.805,0.002,0.029,-0.000,-0.001,-0.000
-89.856,-0.001,-0.164,-9.807,0.003,0.024,0.000,-0.001,0.001
-89.858,-0.007,-0.164,-9.801,0.007,0.023,-0.000,-0.001,-0.000
-89.860,-0.008,-0.164,-9.802,0.002,0.023,0.001,-0.001,-0.001
-89.853,-0.000,-0.164,-9.805,-0.010,0.034,-0.000,-0.001,-0.001
-89.855,0.006,-0.164,-9.804,-0.009,0.023,-0.000,0.000,-0.001
-89.852,0.001,-0.164,-9.806,0.005,0.029,0.000,0.000,0.000
-89.850,0.004,-0.165,-9.805,-0.005,0.029,0.001,-0.001,-0.001
-89.852,0.007,-0.165,-9.804,-0.004,0.025,0.001,-0.001,-0.000
-89.852,0.010,-0.165,-9.802,-0.005,0.025,0.000,-0.000,-0.000
-89.856,0.009,-0.166,-9.804,-0.001,0.022,0.001,-0.001,-0.000
-89.861,0.013,-0.166,-9.810,-0.007,0.020,0.000,-0.001,-0.000
-89.862,0.001,-0.167,-9.809,0.013,0.022,0.001,0.000,-0.001
-89.858,0.000,-0.168,-9.804,0.000,0.031,0.001,-0.001,-0.001
-89.855,0.001,-0.168,-9.802,-0.002,0.028,0.000,-0.000,-0.000
-89.859,0.009,-0.168,-9.809,-0.011,0.020,0.001,-0.000,-0.000
-89.859,0.014,-0.168,-9.807,-0.008,0.025,0.000,-0.001,-0.001
-89.854,0.014,-0.168,-9.807,-0.002,0.031,-0.000,-0.000,0.000
-89.852,0.011,-0.169,-9.801,0.001,0.028,0.001,-0.001,0.000
-89.857,0.014,-0.169,-9.807,-0.005,0.020,0.001,-0.001,0.000
-89.856,0.011,-0.169,-9.804,0.002,0.028,0.000,-0.001,0.000
-89.859,0.006,-0.170,-9.802,0.006,0.020,0.000,-0.000,0.000
-89.868,0.006,-0.170,-9.812,-0.002,0.013,0.000,-0.000,-0.000
-89.869,0.003,-0.170,-9.807,0.004,0.022,0.001,0.000,0.001
-89.866,0.001,-0.170,-9.798,0.001,0.028,0.000,-0.001,-0.000
-89.864,0.001,-0.171,-9.814,-0.001,0.025,0.001,0.000,-0.000
-89.858,0.004,-0.172,-9.807,-0.005,0.032,0.001,-0.000,-0.000
-89.861,0.014,-0.172,-9.815,-0.013,0.021,-0.000,-0.000,0.000
-89.864,0.013,-0.172,-9.803,-0.001,0.020,0.001,0.000,-0.001
-89.864,0.009,-0.172,-9.793,0.003,0.023,0.000,-0.001,0.000
-89.857,0.011,-0.172,-9.814,-0.005,0.034,-0.000,-0.001,-0.001
-89.857,0.015,-0.172,-9.810,-0.006,0.025,0.000,-0.001,0.001
-89.856,0.012,-0.173,-9.810,0.002,0.027,0.000,-0.001,0.001
-89.859,0.011,-0.173,-9.811,-0.001,0.021,0.000,-0.001,0.000
-89.862,0.016,-0.173,-9.799,-0.008,0.022,0.000,-0.001,0.001
-89.860,0.016,-0.173,-9.802,-0.004,0.027,-0.000,-0.000,-0.001
-89.854,0.022,-0.173,-9.818,-0.010,0.032,-0.000,0.000,-0.000
-89.857,0.025,-0.173,-9.816,-0.009,0.022,-0.000,-0.001,-0.000
-89.863,0.022,-0.173,-9.807,0.000,0.017,0.000,-0.001,0.001
-89.859,0.023,-0.173,-9.814,-0.004,0.029,-0.000,-0.000,0.000
-89.855,0.017,-0.173,-9.805,0.003,0.029,0.001,0.000,0.000
-89.853,0.011,-0.173,-9.801,0.005,0.028,-0.000,-0.000,-0.000
-89.851,0.012,-0.173,-9.807,-0.004,0.026,0.000,0.001,0.000
-89.855,0.010,-0.173,-9.811,0.002,0.021,0.000,-0.001,0.001
-89.852,0.010,-0.173,-9.807,-0.002,0.029,0.000,-0.000,-0.000
-89.851,0.016,-0.173,-9.807,-0.009,0.027,0.000,-0.000,0.000
-89.848,0.020,-0.175,-9.803,-0.009,0.029,0.001,0.000,0.000
-89.847,0.017,-0.175,-9.804,0.001,0.026,0.000,0.001,-0.001
-89.850,0.017,-0.175,-9.816,-0.003,0.023,0.000,-0.000,-0.000
-89.850,0.017,-0.175,-9.808,-0.002,0.026,0.001,-0.001,0.001
-89.850,0.014,-0.175,-9.805,0.002,0.026,-0.000,0.000,0.001
-89.851,0.014,-0.176,-9.798,-0.002,0.025,0.001,-0.001,0.000
-89.851,0.016,-0.176,-9.811,-0.006,0.027,0.001,-0.001,-0.000
-89.857,0.017,-0.177,-9.801,-0.003,0.019,0.001,-0.002,0.000
-89.852,0.012,-0.177,-9.808,0.004,0.031,0.001,-0.000,0.000
-89.849,0.016,-0.178,-9.801,-0.007,0.029,0.001,-0.000,-0.000
-89.847,0.019,-0.178,-9.805,-0.006,0.029,-0.000,-0.001,0.001
-89.849,0.025,-0.178,-9.802,-0.011,0.025,0.000,-0.001,0.000
-89.843,0.022,-0.179,-9.814,-0.001,0.034,0.001,-0.001,0.000
-89.843,0.016,-0.179,-9.806,0.004,0.028,0.000,-0.001,-0.001
-89.845,0.019,-0.179,-9.807,-0.007,0.026,0.000,-0.001,-0.000
-89.844,0.026,-0.179,-9.808,-0.012,0.028,0.000,-0.001,-0.000
-89.846,0.023,-0.179,-9.805,-0.001,0.025,-0.000,0.000,0.000
-89.845,0.024,-0.179,-9.813,-0.006,0.028,0.000,-0.001,0.000
-89.845,0.022,-0.179,-9.804,-0.001,0.028,-0.000,-0.001,-0.000
-89.845,0.020,-0.179,-9.804,-0.002,0.028,0.001,-0.002,0.000
-89.847,0.014,-0.180,-9.802,0.004,0.024,0.001,0.000,-0.001
-89.844,0.014,-0.181,-9.808,-0.003,0.032,0.001,-0.001,-0.000
-89.844,0.017,-0.182,-9.812,-0.007,0.028,0.001,-0.001,-0.001
-89.846,0.017,-0.182,-9.812,-0.003,0.024,0.000,-0.001,-0.000
-89.848,0.018,-0.182,-9.805,-0.004,0.024,0.000,-0.000,-0.000
-89.853,0.021,-0.182,-9.807,-0.008,0.020,-0.000,-0.001,0.000
-89.855,0.023,-0.182,-9.811,-0.006,0.023,-0.000,0.000,0.000
-89.855,0.025,-0.182,-9.804,-0.007,0.026,0.000,-0.001,0.000
-89.854,0.026,-0.182,-9.804,-0.005,0.027,-0.000,-0.001,-0.000
-89.859,0.013,-0.181,-9.807,0.012,0.020,-0.000,-0.001,-0.000
-89.860,0.009,-0.181,-9.799,0.002,0.022,0.000,0.000,-0.001
-89.854,0.012,-0.181,-9.818,-0.007,0.033,0.000,-0.001,-0.000
-89.862,0.008,-0.182,-9.811,0.004,0.017,0.001,-0.001,0.000
-89.857,-0.000,-0.182,-9.805,0.010,0.031,0.000,-0.000,0.000
-89.856,-0.002,-0.182,-9.812,0.003,0.026,0.000,-0.000,0.000
-89.851,0.005,-0.182,-9.806,-0.009,0.031,0.001,0.000,0.000
-89.855,0.005,-0.183,-9.804,-0.001,0.022,0.001,-0.001,-0.000
-89.854,0.004,-0.183,-9.808,0.001,0.028,-0.000,-0.001,0.000
-89.856,0.005,-0.183,-9.798,-0.002,0.022,-0.000,0.000,-0.000
-89.854,0.005,-0.183,-9.809,-0.002,0.029,0.000,-0.001,-0.000
-89.856,0.007,-0.183,-9.812,-0.003,0.024,0.000,-0.002,-0.000
-89.863,0.005,-0.183,-9.805,0.002,0.015,0.001,-0.000,0.000
-89.858,0.005,-0.184,-9.807,-0.001,0.031,0.000,-0.000,0.000
-89.858,0.006,-0.183,-9.806,-0.002,0.024,-0.001,0.000,-0.000
-89.854,0.007,-0.183,-9.814,-0.004,0.030,0.000,-0.001,-0.001
-89.856,0.018,-0.183,-9.805,-0.016,0.023,-0.000,-0.000,0.000
-89.856,0.025,-0.184,-9.808,-0.012,0.023,0.001,0.001,0.000
-89.855,0.021,-0.184,-9.802,0.001,0.026,0.000,-0.000,-0.000
-89.850,0.024,-0.184,-9.803,-0.008,0.032,-0.000,0.000,-0.001
-89.848,0.022,-0.184,-9.810,-0.001,0.029,0.000,-0.001,0.000
-89.843,0.012,-0.184,-9.813,0.010,0.032,0.000,0.000,-0.000
-89.847,0.020,-0.184,-9.809,-0.014,0.023,0.000,-0.001,-0.001
-89.847,0.016,-0.184,-9.816,0.002,0.027,-0.000,-0.000,0.000
-89.851,0.016,-0.184,-9.812,-0.002,0.022,0.001,0.000,0.000
-89.848,0.016,-0.184,-9.802,-0.002,0.029,-0.000,0.001,0.001
-89.841,0.011,-0.184,-9.795,0.004,0.035,0.000,0.000,-0.000
-89.846,0.009,-0.185,-9.807,0.001,0.021,0.001,0.000,0.000
-89.848,0.006,-0.185,-9.816,0.002,0.023,0.000,-0.000,-0.001
-89.848,-0.001,-0.185,-9.819,0.008,0.026,0.001,0.000,0.000
-89.854,0.003,-0.186,-9.800,-0.005,0.018,0.000,-0.000,0.000
-89.854,0.004,-0.185,-9.808,-0.001,0.025,-0.000,0.000,0.000
-89.853,0.009,-0.185,-9.807,-0.007,0.026,-0.000,-0.000,0.000
-89.848,0.011,-0.186,-9.807,-0.005,0.033,0.000,-0.001,0.000
-89.857,0.011,-0.185,-9.802,-0.001,0.015,-0.000,-0.001,-0.000
-89.861,0.014,-0.185,-9.802,-0.007,0.020,-0.000,-0.001,-0.000
-89.860,0.004,-0.185,-9.805,0.011,0.026,0.000,-0.001,-0.000
-89.861,0.005,-0.186,-9.816,-0.002,0.023,0.001,-0.001,0.001
-89.855,0.005,-0.186,-9.804,-0.001,0.031,0.000,-0.000,-0.000
-89.854,0.006,-0.186,-9.798,-0.002,0.027,0.000,0.000,-0.000
-89.847,0.003,-0.186,-9.799,0.002,0.035,0.000,-0.001,-0.000
-89.848,0.012,-0.186,-9.811,-0.013,0.025,-0.001,-0.001,-0.000
-89.844,0.002,-0.186,-9.808,0.010,0.032,0.000,-0.001,-0.000
-89.841,0.002,-0.186,-9.808,-0.001,0.032,-0.000,-0.001,-0.001
-89.843,0.002,-0.186,-9.819,-0.001,0.026,0.000,-0.000,-0.000
-89.844,0.001,-0.186,-9.801,0.001,0.025,-0.000,-0.001,-0.000
-89.839,0.003,-0.187,-9.801,-0.002,0.034,0.001,-0.000,-0.000
-89.844,-0.002,-0.187,-9.812,0.005,0.020,0.001,-0.000,-0.000
-89.841,0.005,-0.188,-9.807,-0.008,0.031,0.000,0.000,0.000
-89.846,0.007,-0.187,-9.801,-0.004,0.022,-0.000,-0.001,-0.001
-89.850,0.015,-0.187,-9.813,-0.011,0.022,-0.000,-0.001,0.000
-89.852,0.018,-0.188,-9.808,-0.007,0.023,0.001,-0.001,0.000
-89.851,0.023,-0.188,-9.811,-0.010,0.027,-0.000,0.000,-0.000
-89.854,0.031,-0.188,-9.813,-0.014,0.022,0.000,-0.001,0.001
-89.857,0.037,-0.188,-9.804,-0.012,0.022,0.000,-0.001,0.000
-89.860,0.032,-0.189,-9.801,0.000,0.022,0.001,-0.001,-0.000
-89.855,0.033,-0.189,-9.813,-0.008,0.031,-0.000,-0.000,-0.000
-89.854,0.033,-0.189,-9.812,-0.004,0.027,0.000,-0.001,0.000
-89.854,0.035,-0.190,-9.806,-0.008,0.025,0.001,0.001,0.000
-89.854,0.029,-0.190,-9.802,0.002,0.024,0.000,0.001,0.000
-89.854,0.032,-0.190,-9.791,-0.010,0.025,-0.000,-0.000,-0.001
-89.851,0.028,-0.190,-9.800,0.001,0.029,0.000,-0.000,0.001
-89.851,0.018,-0.190,-9.806,0.009,0.025,-0.000,-0.001,-0.000
-89.849,0.018,-0.190,-9.816,-0.002,0.029,0.000,-0.001,0.001
-89.850,0.016,-0.190,-9.811,-0.001,0.025,0.000,-0.001,-0.001
-89.854,0.016,-0.189,-9.805,-0.002,0.020,-0.000,0.000,-0.000
-89.852,0.018,-0.190,-9.811,-0.007,0.027,0.001,0.000,-0.000
-89.859,0.024,-0.190,-9.810,-0.010,0.017,0.001,-0.000,0.000
-89.861,0.028,-0.190,-9.801,-0.010,0.022,-0.000,-0.001,0.000
-89.861,0.030,-0.191,-9.806,-0.008,0.024,0.001,-0.001,-0.001
-89.863,0.025,-0.191,-9.805,0.002,0.022,0.001,-0.001,0.000
-89.861,0.021,-0.191,-9.805,-0.001,0.026,-0.000,-0.001,-0.001
-89.863,0.030,-0.191,-9.816,-0.016,0.023,0.000,-0.001,-0.000
-89.868,0.032,-0.191,-9.807,-0.007,0.017,-0.001,-0.000,0.001
-89.865,0.026,-0.191,-9.811,0.003,0.026,0.000,0.000,0.000
-89.867,0.017,-0.191,-9.811,0.008,0.022,0.000,-0.001,-0.001
-89.867,0.016,-0.191,-9.815,-0.001,0.023,0.000,-0.001,-0.000
-89.867,0.013,-0.192,-9.817,0.001,0.023,0.001,-0.000,0.001
-89.871,0.013,-0.192,-9.815,-0.002,0.017,0.001,-0.000,0.000
-89.874,0.011,-0.192,-9.816,0.001,0.019,0.000,0.000,-0.001
-89.875,0.012,-0.192,-9.807,-0.005,0.020,0.000,-0.001,-0.001
-89.882,0.015,-0.193,-9.807,-0.006,0.014,0.000,-0.001,-0.000
-89.884,0.016,-0.193,-9.808,-0.004,0.019,0.000,-0.001,-0.001
-89.879,0.014,-0.193,-9.810,0.000,0.026,-0.000,-0.001,0.000
-89.878,0.011,-0.193,-9.802,0.001,0.023,0.000,-0.001,0.000
-89.884,0.012,-0.193,-9.809,-0.004,0.014,-0.000,-0.001,0.000
-89.877,0.012,-0.193,-9.801,-0.001,0.029,0.001,-0.000,0.001
-89.874,0.010,-0.193,-9.807,0.000,0.026,-0.000,-0.000,0.000
-89.873,0.016,-0.193,-9.798,-0.010,0.024,0.000,-0.001,0.000
-89.871,0.014,-0.193,-9.809,0.000,0.025,0.000,-0.001,0.000
-89.868,0.022,-0.193,-9.809,-0.013,0.027,0.000,-0.001,0.001
-89.858,0.027,-0.194,-9.809,-0.010,0.035,0.001,-0.000,0.001
-89.859,0.030,-0.194,-9.811,-0.008,0.025,0.000,-0.001,0.000
-89.861,0.028,-0.194,-9.804,-0.003,0.022,-0.000,-0.001,0.000
-89.858,0.029,-0.194,-9.816,-0.007,0.028,0.000,-0.000,-0.000
-89.851,0.033,-0.194,-9.811,-0.010,0.034,0.000,-0.001,-0.000
-89.847,0.035,-0.194,-9.808,-0.008,0.031,0.000,-0.000,0.000
-89.850,0.033,-0.194,-9.802,-0.004,0.021,0.000,0.001,-0.001
-89.854,0.032,-0.194,-9.804,-0.005,0.020,0.000,-0.000,0.000
-89.858,0.034,-0.195,-9.810,-0.008,0.020,0.000,-0.000,-0.000
-89.863,0.034,-0.195,-9.809,-0.005,0.019,0.000,-0.000,-0.000
-89.863,0.034,-0.195,-9.805,-0.007,0.024,0.000,-0.000,0.000
-89.867,0.034,-0.195,-9.807,-0.005,0.019,0.001,-0.001,0.001
-89.872,0.037,-0.196,-9.823,-0.011,0.017,0.001,-0.001,-0.000
-89.870,0.024,-0.196,-9.810,0.011,0.025,0.000,-0.001,-0.000
-89.872,0.026,-0.196,-9.809,-0.005,0.020,0.000,-0.000,0.001
-89.872,0.032,-0.196,-9.807,-0.013,0.023,0.000,-0.001,0.000
-89.863,0.028,-0.197,-9.802,-0.001,0.034,0.000,-0.001,-0.000
-89.859,0.029,-0.197,-9.794,-0.005,0.029,0.000,0.000,0.000
-89.862,0.026,-0.197,-9.816,-0.002,0.020,0.000,-0.000,-0.000
-89.865,0.024,-0.198,-9.815,-0.001,0.019,0.000,-0.000,0.000
-89.869,0.028,-0.198,-9.819,-0.009,0.019,0.001,-0.001,0.000
-89.862,0.025,-0.198,-9.803,-0.001,0.032,0.001,-0.000,0.000
-89.858,0.020,-0.198,-9.789,0.002,0.029,0.000,0.000,-0.000
-89.856,0.018,-0.199,-9.808,0.000,0.028,0.000,-0.001,-0.001
-89.857,0.019,-0.199,-9.817,-0.004,0.025,0.001,-0.002,0.000
-89.856,0.015,-0.199,-9.797,0.001,0.026,0.000,-0.001,-0.001
-89.854,0.009,-0.199,-9.795,0.005,0.028,0.000,-0.000,0.000
-89.855,0.009,-0.199,-9.813,-0.002,0.025,0.000,-0.000,-0.000
-89.858,0.008,-0.200,-9.804,0.000,0.021,0.001,0.000,-0.000
-89.861,0.011,-0.201,-9.799,-0.005,0.022,0.000,-0.001,0.000
-89.861,0.008,-0.200,-9.807,0.001,0.023,-0.000,-0.000,-0.001
-89.862,0.016,-0.201,-9.808,-0.011,0.023,0.000,0.000,0.001
-89.860,0.020,-0.201,-9.807,-0.010,0.026,0.000,-0.000,-0.000
-89.861,0.021,-0.201,-9.810,-0.003,0.023,0.000,-0.000,0.001
-89.865,0.016,-0.201,-9.808,0.002,0.019,0.000,-0.001,0.000
-89.865,0.010,-0.201,-9.807,0.006,0.023,-0.000,0.000,0.001
-89.867,0.013,-0.200,-9.799,-0.006,0.022,-0.001,-0.001,0.000
-89.862,0.017,-0.200,-9.801,-0.007,0.029,-0.000,-0.000,0.000
-89.864,0.024,-0.199,-9.799,-0.011,0.022,-0.001,-0.001,0.000
-89.865,0.018,-0.200,-9.805,0.004,0.023,0.001,-0.001,-0.000
-89.861,0.016,-0.200,-9.809,-0.001,0.029,0.001,-0.001,0.000
-89.864,0.012,-0.200,-9.807,0.003,0.020,0.000,-0.000,0.000
-89.870,0.017,-0.200,-9.798,-0.010,0.014,0.000,-0.000,-0.000
-89.870,0.016,-0.200,-9.798,-0.001,0.022,-0.000,-0.000,-0.000
-89.870,0.015,-0.201,-9.799,-0.002,0.023,0.000,-0.001,-0.000
-89.862,0.018,-0.200,-9.802,-0.007,0.034,-0.000,-0.001,-0.000
-89.865,0.015,-0.201,-9.810,0.001,0.021,0.001,-0.001,-0.000
-89.867,0.013,-0.201,-9.813,0.000,0.020,0.001,0.000,0.001
-89.869,0.011,-0.202,-9.817,0.000,0.020,0.001,0.000,-0.000
-89.869,0.011,-0.202,-9.811,-0.002,0.023,0.001,-0.001,-0.001
-89.872,0.013,-0.202,-9.799,-0.005,0.019,0.000,-0.000,-0.000
-89.877,0.015,-0.203,-9.808,-0.005,0.015,0.001,-0.000,-0.000
-89.874,0.016,-0.203,-9.810,-0.004,0.026,0.001,0.000,0.001
-89.873,0.014,-0.203,-9.802,0.001,0.023,0.000,-0.000,0.000
-89.872,0.014,-0.204,-9.805,-0.002,0.023,0.000,0.000,0.000
-89.870,0.014,-0.204,-9.809,-0.003,0.025,0.000,0.000,-0.000
-89.865,0.013,-0.204,-9.811,-0.001,0.029,0.000,0.000,0.000
-89.866,0.014,-0.204,-9.801,-0.003,0.022,0.001,-0.000,0.000
-89.866,0.017,-0.204,-9.801,-0.007,0.024,0.001,-0.001,-0.000
-89.867,0.015,-0.205,-9.802,0.000,0.022,0.001,-0.001,0.000
-89.871,0.014,-0.205,-9.808,-0.002,0.017,-0.000,0.001,-0.000
-89.865,0.014,-0.205,-9.820,-0.002,0.031,0.001,-0.001,-0.000
-89.864,0.021,-0.206,-9.810,-0.010,0.025,0.001,-0.002,0.001
-89.864,0.018,-0.206,-9.802,0.000,0.024,0.001,-0.000,0.000
-89.867,0.019,-0.207,-9.811,-0.004,0.020,0.000,-0.001,0.000
-89.862,0.020,-0.207,-9.804,-0.005,0.029,0.000,0.000,-0.000
-89.866,0.011,-0.207,-9.801,0.008,0.020,0.000,-0.001,-0.001
-89.861,0.010,-0.208,-9.802,-0.001,0.030,0.001,-0.001,0.000
-89.858,0.011,-0.208,-9.803,-0.002,0.030,0.001,-0.002,0.000
-89.859,0.012,-0.208,-9.805,-0.004,0.022,-0.000,-0.000,-0.001
-89.864,0.011,-0.208,-9.807,-0.001,0.019,-0.001,-0.001,0.000
-89.861,0.007,-0.208,-9.810,0.003,0.029,0.000,-0.001,-0.001
-89.861,0.009,-0.208,-9.802,-0.004,0.023,0.000,0.000,-0.000
-89.858,0.002,-0.208,-9.813,0.008,0.028,0.000,0.000,0.000
