-91.774,-0.031,-28.186,-9.814,0.006,-0.303,0.004,-0.001,-0.001
-91.772,-0.033,-28.188,-9.819,0.007,-0.300,0.004,-0.002,-0.001
-91.772,-0.034,-28.192,-9.812,0.007,-0.302,0.004,-0.001,0.000
-91.776,-0.037,-28.195,-9.802,0.010,-0.308,0.005,-0.002,-0.001
-91.776,-0.038,-28.198,-9.801,0.007,-0.303,0.004,-0.001,0.000
-91.773,-0.037,-28.200,-9.828,0.004,-0.299,0.004,-0.001,-0.000
-91.775,-0.041,-28.202,-9.806,0.011,-0.304,0.003,-0.002,-0.000
-91.782,-0.040,-28.206,-9.815,0.004,-0.311,0.004,-0.002,-0.001
-91.786,-0.036,-28.208,-9.814,0.001,-0.311,0.004,-0.001,0.000
-91.786,-0.040,-28.211,-9.811,0.011,-0.305,0.004,-0.001,0.000
-91.784,-0.043,-28.213,-9.815,0.011,-0.302,0.004,-0.002,0.000
-91.780,-0.049,-28.216,-9.810,0.016,-0.300,0.004,-0.001,0.001
-91.779,-0.051,-28.219,-9.810,0.011,-0.301,0.003,-0.002,0.001
-91.774,-0.049,-28.221,-9.817,0.005,-0.296,0.004,-0.001,-0.000
-91.775,-0.051,-28.224,-9.816,0.011,-0.305,0.004,-0.001,-0.000
-91.778,-0.050,-28.227,-9.807,0.007,-0.305,0.005,-0.002,-0.000
-91.777,-0.049,-28.230,-9.805,0.007,-0.302,0.004,-0.001,0.000
-91.775,-0.043,-28.233,-9.807,0.001,-0.301,0.003,-0.001,-0.001
-91.775,-0.043,-28.236,-9.817,0.006,-0.302,0.005,-0.001,-0.000
-91.775,-0.043,-28.238,-9.811,0.008,-0.303,0.004,-0.001,0.000
-91.776,-0.040,-28.241,-9.810,0.003,-0.305,0.003,-0.000,-0.001
-91.772,-0.045,-28.244,-9.822,0.014,-0.297,0.004,-0.001,-0.000
-91.770,-0.046,-28.246,-9.819,0.009,-0.300,0.004,-0.001,-0.001
-91.770,-0.048,-28.248,-9.816,0.011,-0.303,0.003,0.000,0.001
-91.777,-0.052,-28.251,-9.811,0.013,-0.311,0.004,-0.001,0.000
-91.776,-0.049,-28.254,-9.828,0.005,-0.303,0.004,-0.001,0.000
-91.775,-0.050,-28.257,-9.825,0.011,-0.303,0.004,0.000,0.000
-91.774,-0.041,-28.261,-9.826,-0.002,-0.303,0.004,-0.001,0.000
-91.777,-0.044,-28.264,-9.805,0.010,-0.308,0.004,-0.001,-0.000
-91.777,-0.052,-28.267,-9.817,0.018,-0.303,0.004,-0.001,0.000
-91.773,-0.050,-28.270,-9.809,0.007,-0.299,0.004,-0.001,0.001
-91.774,-0.051,-28.272,-9.808,0.010,-0.303,0.004,-0.001,0.000
-91.773,-0.049,-28.275,-9.815,0.005,-0.302,0.004,-0.000,-0.001
-91.776,-0.049,-28.277,-9.819,0.008,-0.308,0.004,-0.001,0.000
-91.775,-0.046,-28.279,-9.819,0.004,-0.301,0.004,-0.001,-0.000
-91.767,-0.055,-28.282,-9.817,0.020,-0.293,0.003,-0.001,-0.000
-91.768,-0.053,-28.284,-9.807,0.007,-0.303,0.004,-0.001,0.000
-91.774,-0.050,-28.287,-9.814,0.005,-0.309,0.003,-0.001,-0.000
-91.777,-0.051,-28.290,-9.816,0.010,-0.307,0.004,-0.001,0.000
-91.773,-0.054,-28.292,-9.810,0.014,-0.297,0.004,-0.002,0.000
-91.771,-0.056,-28.295,-9.814,0.011,-0.299,0.004,-0.001,0.000
-91.771,-0.054,-28.298,-9.811,0.007,-0.303,0.004,-0.001,0.000
-91.774,-0.049,-28.301,-9.811,0.002,-0.306,0.004,-0.001,0.000
-91.775,-0.046,-28.303,-9.827,0.004,-0.306,0.003,-0.000,-0.000
-91.773,-0.045,-28.305,-9.817,0.005,-0.300,0.003,-0.001,0.000
-91.774,-0.046,-28.307,-9.819,0.010,-0.304,0.003,-0.002,0.001
-91.772,-0.047,-28.310,-9.811,0.008,-0.299,0.004,-0.002,-0.001
-91.776,-0.049,-28.313,-9.816,0.010,-0.307,0.003,-0.001,-0.000
-91.775,-0.054,-28.316,-9.831,0.016,-0.303,0.004,-0.001,-0.000
-91.774,-0.053,-28.319,-9.823,0.008,-0.302,0.004,-0.001,-0.000
-91.772,-0.049,-28.322,-9.802,0.003,-0.300,0.004,-0.001,0.000
-91.770,-0.043,-28.324,-9.811,0.001,-0.300,0.003,-0.001,0.001
-91.770,-0.038,-28.327,-9.816,0.002,-0.302,0.003,-0.001,0.001
-91.766,-0.034,-28.330,-9.825,0.000,-0.297,0.004,-0.002,-0.000
-91.761,-0.028,-28.332,-9.807,-0.002,-0.293,0.004,-0.002,0.000
-91.758,-0.030,-28.335,-9.810,0.005,-0.296,0.004,-0.001,-0.001
-91.752,-0.026,-28.337,-9.808,-0.001,-0.292,0.003,-0.001,-0.001
-91.753,-0.020,-28.340,-9.820,-0.004,-0.301,0.004,-0.001,-0.001
-91.753,-0.023,-28.343,-9.828,0.007,-0.298,0.004,-0.002,-0.000
-91.753,-0.020,-28.346,-9.817,0.000,-0.300,0.003,-0.001,0.001
-91.755,-0.015,-28.348,-9.812,-0.004,-0.302,0.004,-0.002,0.000
-91.757,-0.021,-28.352,-9.813,0.010,-0.302,0.004,-0.001,0.000
-91.759,-0.023,-28.355,-9.813,0.006,-0.303,0.004,-0.001,0.000
-91.761,-0.022,-28.358,-9.814,0.002,-0.303,0.004,-0.000,-0.001
-91.761,-0.023,-28.360,-9.815,0.006,-0.300,0.004,-0.001,-0.000
-91.760,-0.029,-28.363,-9.804,0.011,-0.300,0.004,-0.001,0.000
-91.755,-0.031,-28.366,-9.817,0.008,-0.293,0.004,-0.001,-0.000
-91.754,-0.027,-28.369,-9.821,-0.001,-0.297,0.004,-0.001,-0.001
-91.753,-0.028,-28.371,-9.818,0.005,-0.298,0.003,-0.001,-0.001
-91.755,-0.034,-28.374,-9.816,0.012,-0.302,0.004,-0.001,-0.000
-91.755,-0.037,-28.377,-9.814,0.010,-0.300,0.004,-0.001,-0.001
-91.757,-0.038,-28.380,-9.814,0.006,-0.303,0.004,-0.001,-0.001
-91.761,-0.035,-28.383,-9.813,0.004,-0.305,0.004,-0.001,0.000
-91.761,-0.033,-28.386,-9.814,0.003,-0.300,0.004,-0.002,0.000
-91.760,-0.033,-28.388,-9.810,0.006,-0.297,0.004,-0.003,0.000
-91.758,-0.036,-28.392,-9.810,0.010,-0.297,0.005,-0.002,-0.000
-91.757,-0.033,-28.395,-9.803,0.002,-0.297,0.005,-0.001,0.001
-91.752,-0.033,-28.397,-9.814,0.005,-0.291,0.004,-0.001,-0.000
-91.744,-0.030,-28.399,-9.827,0.001,-0.289,0.004,-0.002,-0.000
-91.743,-0.034,-28.402,-9.819,0.010,-0.296,0.004,-0.001,-0.001
-91.743,-0.030,-28.405,-9.813,-0.001,-0.297,0.004,-0.001,0.000
-91.750,-0.028,-28.407,-9.805,0.002,-0.306,0.004,-0.002,0.000
-91.756,-0.026,-28.410,-9.806,0.002,-0.309,0.004,-0.001,0.000
-91.760,-0.024,-28.412,-9.807,0.001,-0.304,0.003,-0.002,-0.001
-91.756,-0.024,-28.415,-9.804,0.005,-0.296,0.004,-0.001,0.000
-91.760,-0.031,-28.419,-9.811,0.012,-0.304,0.004,-0.001,-0.000
-91.757,-0.037,-28.422,-9.823,0.013,-0.296,0.004,-0.001,-0.000
-91.758,-0.046,-28.424,-9.819,0.020,-0.303,0.003,0.000,-0.000
-91.760,-0.043,-28.426,-9.813,0.004,-0.303,0.003,-0.001,-0.000
-91.762,-0.049,-28.429,-9.814,0.015,-0.303,0.004,-0.002,0.000
-91.769,-0.048,-28.432,-9.807,0.008,-0.308,0.004,-0.002,0.000
-91.772,-0.049,-28.435,-9.808,0.010,-0.306,0.004,-0.001,0.000
-91.775,-0.044,-28.438,-9.822,0.003,-0.306,0.004,-0.001,0.001
-91.775,-0.035,-28.440,-9.819,-0.007,-0.303,0.004,-0.001,0.000
-91.775,-0.034,-28.442,-9.807,0.005,-0.302,0.003,-0.001,0.000
-91.778,-0.036,-28.445,-9.812,0.008,-0.308,0.004,-0.001,-0.000
-91.776,-0.033,-28.448,-9.817,0.002,-0.300,0.004,-0.002,0.000
-91.772,-0.034,-28.451,-9.819,0.007,-0.297,0.004,-0.001,-0.000
-91.766,-0.030,-28.453,-9.820,0.001,-0.293,0.003,-0.001,0.000
-91.764,-0.035,-28.455,-9.805,0.010,-0.297,0.003,-0.002,-0.001
-91.762,-0.039,-28.457,-9.811,0.011,-0.297,0.004,-0.002,-0.000
-91.764,-0.038,-28.460,-9.814,0.006,-0.303,0.004,-0.002,0.000
-91.765,-0.033,-28.463,-9.823,-0.001,-0.302,0.004,-0.002,0.000
-91.757,-0.031,-28.466,-9.824,0.003,-0.292,0.004,-0.001,0.000
-91.754,-0.037,-28.469,-9.818,0.013,-0.296,0.004,-0.001,0.001
-91.757,-0.039,-28.471,-9.808,0.010,-0.303,0.003,-0.001,-0.000
-91.757,-0.038,-28.474,-9.816,0.005,-0.299,0.004,-0.002,0.000
-91.753,-0.046,-28.476,-9.811,0.017,-0.296,0.003,-0.000,0.000
-91.756,-0.044,-28.479,-9.808,0.007,-0.302,0.004,-0.001,0.001
-91.751,-0.043,-28.481,-9.811,0.005,-0.293,0.003,-0.001,-0.001
-91.751,-0.043,-28.484,-9.813,0.007,-0.298,0.004,-0.002,0.000
-91.751,-0.039,-28.487,-9.817,0.002,-0.299,0.004,-0.001,-0.001
-91.751,-0.035,-28.490,-9.823,0.001,-0.299,0.004,-0.002,-0.001
-91.752,-0.035,-28.493,-9.820,0.005,-0.300,0.004,-0.001,-0.000
-91.762,-0.035,-28.496,-9.816,0.006,-0.311,0.004,-0.002,0.000
-91.763,-0.035,-28.499,-9.813,0.006,-0.302,0.004,-0.001,-0.001
-91.759,-0.034,-28.500,-9.824,0.005,-0.296,0.003,-0.001,0.000
-91.754,-0.032,-28.503,-9.820,0.002,-0.294,0.004,-0.001,-0.000
-91.751,-0.036,-28.506,-9.812,0.011,-0.294,0.004,-0.001,-0.000
-91.747,-0.033,-28.509,-9.805,0.002,-0.295,0.003,-0.001,0.000
-91.753,-0.035,-28.511,-9.808,0.008,-0.306,0.004,-0.002,-0.001
-91.755,-0.031,-28.514,-9.822,-0.001,-0.302,0.004,-0.002,0.000
-91.751,-0.032,-28.517,-9.817,0.007,-0.294,0.004,-0.002,0.000
-91.754,-0.029,-28.519,-9.823,-0.001,-0.303,0.003,-0.002,-0.000
-91.752,-0.028,-28.521,-9.819,0.004,-0.297,0.004,-0.001,0.000
-91.747,-0.023,-28.525,-9.819,-0.002,-0.293,0.005,-0.001,-0.000
-91.747,-0.017,-28.528,-9.812,-0.003,-0.298,0.004,-0.001,0.000
-91.748,-0.023,-28.531,-9.814,0.011,-0.299,0.004,-0.001,0.000
-91.745,-0.030,-28.534,-9.822,0.011,-0.294,0.004,-0.002,-0.001
-91.746,-0.040,-28.536,-9.822,0.018,-0.299,0.003,-0.001,-0.001
-91.748,-0.047,-28.539,-9.816,0.016,-0.302,0.004,-0.001,-0.001
-91.751,-0.052,-28.542,-9.825,0.015,-0.302,0.004,-0.001,-0.000
-91.753,-0.053,-28.544,-9.809,0.011,-0.301,0.004,-0.001,0.000
-91.754,-0.045,-28.546,-9.805,-0.005,-0.302,0.003,-0.001,-0.000
-91.763,-0.042,-28.549,-9.810,0.004,-0.310,0.004,-0.001,-0.000
-91.767,-0.043,-28.552,-9.817,0.009,-0.308,0.004,0.000,0.001
-91.765,-0.045,-28.555,-9.828,0.011,-0.300,0.004,-0.001,0.000
-91.765,-0.044,-28.558,-9.819,0.006,-0.301,0.004,-0.001,-0.001
-91.767,-0.041,-28.561,-9.815,0.003,-0.305,0.005,-0.001,0.000
-91.771,-0.036,-28.563,-9.827,-0.002,-0.309,0.004,-0.001,0.000
-91.773,-0.040,-28.566,-9.828,0.012,-0.305,0.004,-0.001,0.000
-91.777,-0.044,-28.568,-9.817,0.013,-0.306,0.003,-0.002,-0.000
-91.785,-0.045,-28.571,-9.812,0.008,-0.314,0.004,-0.001,0.001
-91.791,-0.045,-28.574,-9.804,0.008,-0.312,0.004,-0.001,0.000
-91.790,-0.047,-28.576,-9.819,0.011,-0.303,0.004,-0.003,-0.001
-91.781,-0.042,-28.579,-9.816,-0.001,-0.293,0.003,-0.002,-0.001
-91.782,-0.041,-28.581,-9.816,0.005,-0.305,0.004,-0.002,-0.001
-91.781,-0.041,-28.584,-9.814,0.007,-0.303,0.004,-0.001,-0.000
-91.781,-0.041,-28.587,-9.811,0.008,-0.303,0.004,-0.001,0.000
-91.782,-0.045,-28.590,-9.816,0.011,-0.306,0.004,-0.001,0.000
-91.781,-0.047,-28.592,-9.807,0.013,-0.303,0.004,-0.001,0.001
-91.786,-0.043,-28.595,-9.816,0.002,-0.310,0.003,-0.002,0.001
-91.788,-0.047,-28.598,-9.810,0.012,-0.308,0.003,-0.000,-0.001
-91.786,-0.046,-28.600,-9.819,0.005,-0.302,0.004,-0.001,-0.000
-91.785,-0.046,-28.603,-9.823,0.008,-0.303,0.004,-0.002,0.000
-91.783,-0.048,-28.605,-9.819,0.011,-0.301,0.003,-0.002,0.000
-91.781,-0.043,-28.607,-9.807,-0.001,-0.300,0.003,-0.002,0.000
-91.787,-0.041,-28.610,-9.820,0.005,-0.311,0.004,-0.001,0.001
-91.790,-0.048,-28.612,-9.817,0.019,-0.311,0.003,-0.002,0.000
-91.792,-0.043,-28.614,-9.823,0.001,-0.308,0.003,-0.002,0.000
-91.793,-0.041,-28.616,-9.819,0.005,-0.306,0.004,-0.002,0.001
-91.789,-0.044,-28.619,-9.809,0.010,-0.300,0.004,-0.002,0.000
-91.786,-0.043,-28.622,-9.802,0.007,-0.299,0.004,-0.002,0.000
-91.788,-0.037,-28.625,-9.814,-0.001,-0.308,0.004,-0.001,-0.000
-91.787,-0.035,-28.628,-9.805,0.004,-0.305,0.004,-0.001,0.000
-91.785,-0.038,-28.631,-9.814,0.010,-0.301,0.004,-0.001,0.000
-91.777,-0.038,-28.633,-9.819,0.007,-0.294,0.004,-0.001,-0.001
-91.776,-0.041,-28.636,-9.817,0.010,-0.302,0.004,-0.001,-0.000
-91.775,-0.039,-28.639,-9.819,0.003,-0.302,0.004,-0.001,-0.001
-91.775,-0.029,-28.642,-9.823,-0.010,-0.302,0.004,-0.001,-0.001
-91.779,-0.025,-28.644,-9.818,-0.002,-0.309,0.003,-0.001,-0.000
-91.790,-0.023,-28.647,-9.816,0.002,-0.319,0.004,-0.002,0.000
-91.792,-0.022,-28.649,-9.815,0.002,-0.308,0.004,-0.001,-0.001
-91.793,-0.026,-28.651,-9.811,0.008,-0.308,0.003,-0.001,-0.001
-91.790,-0.021,-28.653,-9.816,-0.002,-0.303,0.004,-0.000,0.000
-91.795,-0.025,-28.656,-9.820,0.009,-0.311,0.003,-0.001,0.001
-91.798,-0.028,-28.659,-9.804,0.007,-0.309,0.004,-0.002,-0.000
-91.799,-0.029,-28.661,-9.814,0.006,-0.308,0.004,-0.001,-0.001
-91.799,-0.025,-28.663,-9.814,-0.002,-0.308,0.004,-0.001,-0.001
-91.794,-0.026,-28.666,-9.823,0.005,-0.301,0.003,-0.001,0.000
-91.789,-0.030,-28.668,-9.812,0.011,-0.298,0.003,-0.002,-0.000
-91.785,-0.032,-28.671,-9.816,0.007,-0.301,0.005,-0.001,0.000
-91.790,-0.024,-28.674,-9.810,-0.007,-0.311,0.004,-0.002,0.000
-91.791,-0.021,-28.676,-9.810,-0.001,-0.308,0.004,-0.002,-0.001
-91.793,-0.019,-28.679,-9.815,0.000,-0.309,0.003,-0.000,-0.001
-91.793,-0.020,-28.682,-9.828,0.005,-0.306,0.004,-0.001,-0.000
-91.788,-0.023,-28.684,-9.820,0.007,-0.299,0.003,-0.001,-0.000
-91.792,-0.024,-28.687,-9.813,0.005,-0.310,0.004,-0.001,0.001
-91.797,-0.026,-28.691,-9.814,0.008,-0.312,0.004,-0.002,0.001
-91.795,-0.026,-28.693,-9.820,0.003,-0.304,0.004,-0.001,-0.000
-91.798,-0.022,-28.695,-9.810,-0.001,-0.311,0.003,-0.001,-0.000
-91.794,-0.023,-28.697,-9.810,0.005,-0.302,0.003,-0.001,-0.000
-91.788,-0.023,-28.700,-9.812,0.004,-0.299,0.003,-0.001,0.000
-91.784,-0.025,-28.703,-9.808,0.008,-0.299,0.004,-0.001,0.000
-91.786,-0.029,-28.705,-9.808,0.009,-0.306,0.003,-0.001,0.001
-91.786,-0.035,-28.708,-9.819,0.012,-0.305,0.004,-0.001,-0.000
-91.783,-0.035,-28.712,-9.810,0.007,-0.300,0.004,-0.002,0.000
-91.782,-0.028,-28.714,-9.819,-0.004,-0.303,0.004,-0.001,-0.000
-91.793,-0.025,-28.717,-9.820,0.001,-0.320,0.003,-0.001,0.000
-91.794,-0.022,-28.719,-9.822,0.000,-0.308,0.003,-0.001,0.000
-91.794,-0.017,-28.722,-9.816,-0.002,-0.306,0.004,-0.001,0.000
-91.795,-0.023,-28.725,-9.809,0.013,-0.308,0.004,-0.001,0.001
-91.793,-0.020,-28.727,-9.810,-0.001,-0.303,0.004,-0.001,-0.001
-91.791,-0.019,-28.729,-9.808,0.002,-0.302,0.003,-0.002,0.000
-91.790,-0.020,-28.731,-9.820,0.004,-0.305,0.003,-0.001,-0.001
-91.790,-0.022,-28.734,-9.815,0.007,-0.305,0.004,-0.001,-0.000
-91.787,-0.035,-28.737,-9.812,0.019,-0.302,0.004,-0.002,-0.000
-91.782,-0.037,-28.739,-9.811,0.010,-0.297,0.003,-0.002,0.001
-91.781,-0.041,-28.741,-9.802,0.011,-0.303,0.003,-0.001,0.000
-91.790,-0.044,-28.744,-9.812,0.011,-0.315,0.004,-0.001,-0.000
-91.790,-0.048,-28.747,-9.829,0.013,-0.308,0.004,-0.000,-0.000
-91.784,-0.048,-28.750,-9.822,0.008,-0.299,0.004,-0.001,0.000
-91.777,-0.047,-28.753,-9.808,0.006,-0.295,0.005,-0.000,0.000
-91.780,-0.058,-28.755,-9.818,0.025,-0.309,0.004,0.000,-0.001
-91.787,-0.053,-28.757,-9.826,0.002,-0.314,0.003,-0.001,-0.000
-91.794,-0.049,-28.760,-9.818,0.003,-0.316,0.004,-0.001,0.000
-91.792,-0.047,-28.762,-9.810,0.005,-0.303,0.003,-0.002,-0.001
-91.789,-0.052,-28.764,-9.802,0.013,-0.301,0.003,-0.001,-0.001
-91.786,-0.052,-28.767,-9.823,0.008,-0.302,0.004,-0.002,0.000
-91.789,-0.058,-28.770,-9.828,0.017,-0.308,0.004,-0.002,0.001
-91.790,-0.060,-28.773,-9.814,0.012,-0.306,0.004,-0.001,-0.001
-91.785,-0.070,-28.776,-9.815,0.022,-0.300,0.004,-0.000,0.000
-91.786,-0.070,-28.778,-9.813,0.013,-0.306,0.003,-0.001,-0.000
-91.785,-0.068,-28.781,-9.819,0.010,-0.304,0.004,-0.001,0.000
-91.793,-0.061,-28.783,-9.823,0.002,-0.315,0.003,-0.000,0.000
-91.794,-0.063,-28.786,-9.814,0.014,-0.308,0.004,-0.001,0.000
-91.788,-0.057,-28.788,-9.816,0.001,-0.297,0.003,-0.001,-0.000
-91.790,-0.054,-28.790,-9.815,0.007,-0.307,0.003,-0.001,0.000
-91.795,-0.050,-28.792,-9.809,0.002,-0.313,0.004,-0.001,-0.000
-91.793,-0.048,-28.795,-9.819,0.007,-0.303,0.003,-0.002,0.000
-91.794,-0.048,-28.797,-9.825,0.008,-0.309,0.004,-0.001,-0.000
-91.798,-0.044,-28.800,-9.811,0.003,-0.311,0.004,-0.002,-0.000
-91.795,-0.046,-28.803,-9.811,0.010,-0.302,0.004,-0.001,-0.000
-91.794,-0.050,-28.805,-9.820,0.013,-0.305,0.004,-0.002,0.000
-91.795,-0.052,-28.808,-9.810,0.013,-0.306,0.004,-0.001,0.000
-91.791,-0.050,-28.811,-9.816,0.007,-0.302,0.004,-0.001,0.000
-91.787,-0.045,-28.813,-9.805,0.001,-0.300,0.004,-0.001,0.000
-91.792,-0.041,-28.816,-9.807,0.001,-0.313,0.004,-0.001,0.000
-91.793,-0.038,-28.819,-9.817,0.002,-0.307,0.004,-0.001,-0.001
-91.793,-0.037,-28.821,-9.817,0.005,-0.306,0.003,-0.001,0.000
-91.797,-0.034,-28.823,-9.820,0.002,-0.312,0.004,-0.003,0.000
-91.799,-0.034,-28.826,-9.822,0.004,-0.311,0.004,-0.001,-0.000
-91.795,-0.029,-28.829,-9.813,-0.002,-0.302,0.004,-0.001,-0.000
-91.795,-0.023,-28.832,-9.811,-0.002,-0.306,0.004,-0.001,0.000
-91.797,-0.029,-28.835,-9.813,0.011,-0.308,0.004,-0.001,0.001
-91.790,-0.040,-28.838,-9.805,0.019,-0.297,0.004,-0.001,0.000
-91.787,-0.041,-28.840,-9.802,0.009,-0.302,0.003,-0.000,0.000
-91.793,-0.038,-28.843,-9.820,0.002,-0.314,0.004,-0.001,0.000
-91.794,-0.031,-28.845,-9.830,-0.003,-0.306,0.004,-0.002,0.000
-91.793,-0.035,-28.848,-9.820,0.010,-0.305,0.004,-0.001,0.000
-91.797,-0.044,-28.851,-9.812,0.019,-0.312,0.004,-0.001,0.000
-91.792,-0.043,-28.854,-9.814,0.006,-0.299,0.004,-0.002,0.000
-91.795,-0.047,-28.856,-9.820,0.013,-0.311,0.004,-0.001,-0.001
-91.798,-0.046,-28.860,-9.814,0.007,-0.309,0.004,-0.002,0.001
-91.802,-0.051,-28.862,-9.817,0.014,-0.313,0.004,-0.001,-0.000
-91.798,-0.049,-28.865,-9.820,0.006,-0.302,0.004,-0.001,0.000
-91.793,-0.042,-28.867,-9.815,-0.001,-0.302,0.004,-0.000,-0.001
-91.796,-0.039,-28.870,-9.819,0.001,-0.311,0.004,-0.001,-0.001
-91.796,-0.037,-28.873,-9.817,0.005,-0.306,0.004,-0.002,0.000
-91.795,-0.037,-28.876,-9.823,0.005,-0.305,0.004,-0.001,-0.000
-91.792,-0.041,-28.879,-9.815,0.012,-0.302,0.004,-0.002,0.000
-91.795,-0.049,-28.881,-9.829,0.019,-0.310,0.004,-0.001,0.001
-91.797,-0.048,-28.885,-9.816,0.007,-0.308,0.004,-0.002,-0.000
-91.794,-0.047,-28.887,-9.808,0.007,-0.302,0.003,-0.002,0.001
-91.794,-0.047,-28.889,-9.813,0.007,-0.306,0.003,-0.001,-0.000
-91.796,-0.047,-28.892,-9.809,0.009,-0.308,0.004,-0.002,0.000
-91.801,-0.044,-28.894,-9.823,0.004,-0.314,0.003,-0.001,0.001
-91.804,-0.040,-28.896,-9.825,0.001,-0.313,0.004,-0.001,-0.000
-91.808,-0.037,-28.898,-9.822,0.002,-0.315,0.004,-0.002,0.000
-91.804,-0.037,-28.901,-9.811,0.006,-0.304,0.004,-0.000,0.000
-91.802,-0.029,-28.904,-9.813,-0.004,-0.306,0.004,-0.000,0.001
-91.798,-0.030,-28.906,-9.820,0.005,-0.303,0.003,-0.001,-0.000
-91.795,-0.034,-28.910,-9.821,0.011,-0.303,0.004,-0.001,0.000
-91.793,-0.041,-28.912,-9.817,0.017,-0.303,0.004,-0.001,-0.000
-91.794,-0.041,-28.914,-9.814,0.006,-0.307,0.003,-0.001,0.000
-91.792,-0.038,-28.916,-9.813,0.003,-0.303,0.003,-0.001,0.000
-91.788,-0.030,-28.919,-9.819,-0.004,-0.302,0.004,-0.001,0.001
-91.794,-0.039,-28.923,-9.805,0.016,-0.312,0.005,-0.001,0.000
-91.794,-0.040,-28.925,-9.828,0.008,-0.308,0.004,-0.001,-0.000
-91.801,-0.035,-28.929,-9.813,0.002,-0.315,0.004,-0.000,0.000
-91.804,-0.045,-28.932,-9.813,0.019,-0.312,0.004,-0.001,0.000
-91.801,-0.043,-28.934,-9.808,0.004,-0.303,0.004,-0.001,-0.001
-91.800,-0.035,-28.937,-9.813,-0.004,-0.305,0.004,-0.001,0.000
-91.797,-0.027,-28.940,-9.822,-0.004,-0.303,0.004,-0.002,0.000
-91.791,-0.035,-28.942,-9.817,0.014,-0.299,0.003,-0.002,-0.000
-91.788,-0.043,-28.945,-9.822,0.019,-0.300,0.004,-0.002,0.000
-91.788,-0.039,-28.947,-9.814,0.001,-0.305,0.004,-0.001,0.000
-91.786,-0.037,-28.950,-9.818,0.004,-0.303,0.004,-0.001,-0.000
-91.783,-0.039,-28.953,-9.814,0.009,-0.302,0.004,-0.000,0.000
-91.786,-0.039,-28.955,-9.816,0.008,-0.309,0.003,-0.001,0.001
-91.786,-0.042,-28.959,-9.815,0.011,-0.305,0.004,-0.001,0.001
-91.786,-0.047,-28.961,-9.841,0.013,-0.306,0.003,-0.000,0.000
-91.785,-0.039,-28.964,-9.816,-0.002,-0.303,0.004,-0.002,-0.000
-91.782,-0.042,-28.967,-9.826,0.010,-0.300,0.004,-0.002,0.000
-91.777,-0.045,-28.970,-9.815,0.011,-0.297,0.004,-0.001,0.000
-91.775,-0.051,-28.974,-9.821,0.015,-0.302,0.005,-0.001,-0.000
-91.773,-0.050,-28.977,-9.829,0.007,-0.302,0.004,-0.001,-0.001
-91.769,-0.051,-28.980,-9.826,0.008,-0.297,0.004,-0.002,-0.001
-91.770,-0.054,-28.983,-9.828,0.012,-0.303,0.004,-0.002,-0.001
-91.775,-0.060,-28.986,-9.825,0.017,-0.309,0.004,-0.001,-0.000
-91.779,-0.057,-28.989,-9.819,0.007,-0.308,0.004,-0.001,-0.000
-91.772,-0.054,-28.992,-9.811,0.005,-0.295,0.004,-0.001,0.000
-91.761,-0.054,-28.995,-9.820,0.010,-0.287,0.004,-0.001,0.000
-91.765,-0.062,-28.998,-9.819,0.019,-0.305,0.004,-0.002,-0.001
-91.765,-0.062,-29.000,-9.813,0.010,-0.302,0.003,-0.001,-0.001
-91.762,-0.053,-29.003,-9.817,-0.001,-0.297,0.004,-0.002,-0.000
-91.767,-0.048,-29.005,-9.813,0.000,-0.307,0.004,-0.002,-0.000
-91.770,-0.044,-29.007,-9.817,0.002,-0.307,0.003,-0.001,0.000
-91.768,-0.053,-29.010,-9.806,0.022,-0.299,0.004,-0.001,-0.000
-91.765,-0.054,-29.013,-9.812,0.009,-0.299,0.004,-0.000,-0.000
-91.761,-0.057,-29.016,-9.813,0.013,-0.297,0.004,-0.000,-0.000
-91.763,-0.061,-29.019,-9.832,0.016,-0.303,0.004,-0.001,0.000
-91.764,-0.055,-29.022,-9.820,0.001,-0.303,0.004,-0.002,-0.000
-91.762,-0.056,-29.025,-9.809,0.011,-0.297,0.004,-0.001,-0.001
-91.758,-0.048,-29.027,-9.813,-0.004,-0.295,0.004,-0.002,-0.000
-91.756,-0.048,-29.029,-9.817,0.008,-0.297,0.003,-0.001,-0.000
-91.757,-0.048,-29.032,-9.813,0.008,-0.300,0.004,-0.001,-0.000
-91.761,-0.046,-29.035,-9.816,0.005,-0.305,0.004,-0.002,-0.000
-91.758,-0.045,-29.038,-9.813,0.005,-0.296,0.004,-0.002,-0.000
-91.759,-0.051,-29.041,-9.821,0.017,-0.302,0.004,-0.001,0.000
-91.761,-0.055,-29.043,-9.813,0.014,-0.303,0.004,-0.001,0.000
-91.766,-0.052,-29.046,-9.826,0.005,-0.306,0.004,-0.002,-0.000
-91.775,-0.050,-29.049,-9.822,0.007,-0.313,0.004,-0.002,0.000
-91.777,-0.047,-29.051,-9.791,0.004,-0.305,0.004,-0.001,0.000
-91.772,-0.042,-29.054,-9.819,0.002,-0.297,0.004,-0.001,0.000
-91.771,-0.038,-29.056,-9.810,0.001,-0.300,0.003,-0.001,-0.000
-91.772,-0.041,-29.059,-9.825,0.010,-0.304,0.004,-0.001,0.000
-91.769,-0.040,-29.062,-9.815,0.006,-0.300,0.003,0.000,0.000
-91.772,-0.038,-29.065,-9.798,0.005,-0.305,0.004,-0.001,0.000
-91.768,-0.037,-29.068,-9.812,0.004,-0.299,0.003,-0.000,-0.000
-91.766,-0.040,-29.070,-9.829,0.011,-0.300,0.003,-0.001,-0.000
-91.768,-0.040,-29.072,-9.818,0.007,-0.303,0.004,-0.002,-0.001
-91.764,-0.044,-29.075,-9.815,0.013,-0.297,0.004,-0.001,0.000
-91.761,-0.037,-29.078,-9.810,-0.003,-0.297,0.003,-0.001,-0.001
-91.764,-0.039,-29.080,-9.813,0.008,-0.306,0.003,-0.001,-0.001
-91.766,-0.032,-29.082,-9.829,-0.002,-0.304,0.003,-0.001,0.000
-91.769,-0.035,-29.085,-9.818,0.010,-0.306,0.004,-0.001,0.001
-91.767,-0.037,-29.087,-9.796,0.008,-0.299,0.004,-0.000,-0.001
-91.766,-0.034,-29.089,-9.807,0.003,-0.300,0.003,-0.001,0.000
-91.759,-0.035,-29.092,-9.823,0.007,-0.291,0.003,-0.001,0.000
-91.754,-0.035,-29.094,-9.820,0.005,-0.294,0.003,-0.001,-0.000
-91.753,-0.038,-29.097,-9.813,0.010,-0.299,0.003,-0.001,0.000
-91.754,-0.032,-29.099,-9.817,-0.003,-0.301,0.004,-0.001,0.001
-91.753,-0.035,-29.102,-9.816,0.010,-0.299,0.004,-0.000,0.001
-91.756,-0.032,-29.104,-9.825,0.002,-0.305,0.003,-0.001,0.000
-91.753,-0.030,-29.106,-9.829,0.002,-0.296,0.004,-0.001,0.000
-91.754,-0.032,-29.109,-9.822,0.008,-0.300,0.004,-0.002,0.000
-91.757,-0.035,-29.111,-9.819,0.010,-0.303,0.003,-0.002,0.001
-91.765,-0.040,-29.114,-9.810,0.014,-0.312,0.004,-0.001,0.000
-91.769,-0.032,-29.116,-9.822,-0.002,-0.306,0.003,-0.002,0.001
-91.771,-0.038,-29.119,-9.816,0.013,-0.304,0.003,-0.001,0.000
-91.766,-0.043,-29.121,-9.810,0.013,-0.296,0.004,-0.001,-0.000
-91.763,-0.055,-29.124,-9.818,0.023,-0.297,0.003,-0.002,0.000
-91.771,-0.060,-29.128,-9.813,0.016,-0.312,0.005,-0.001,0.000
-91.772,-0.056,-29.131,-9.819,0.005,-0.304,0.004,-0.001,-0.001
-91.771,-0.047,-29.134,-9.817,-0.002,-0.302,0.004,-0.001,0.001
-91.774,-0.047,-29.137,-9.825,0.008,-0.306,0.004,-0.002,0.000
-91.769,-0.046,-29.139,-9.806,0.007,-0.294,0.004,-0.001,0.000
-91.767,-0.047,-29.142,-9.812,0.009,-0.299,0.003,-0.001,0.000
-91.764,-0.043,-29.143,-9.826,0.002,-0.299,0.003,-0.001,-0.000
-91.766,-0.047,-29.146,-9.829,0.014,-0.304,0.004,-0.001,-0.000
-91.768,-0.048,-29.149,-9.821,0.009,-0.305,0.004,-0.001,-0.000
-91.768,-0.049,-29.152,-9.800,0.010,-0.302,0.004,-0.001,0.000
-91.769,-0.048,-29.154,-9.819,0.007,-0.304,0.004,-0.001,-0.000
-91.766,-0.044,-29.157,-9.812,0.002,-0.299,0.003,-0.001,0.000
-91.772,-0.046,-29.159,-9.819,0.011,-0.309,0.003,-0.002,-0.001
-91.773,-0.043,-29.161,-9.810,0.004,-0.305,0.003,-0.002,0.000
-91.773,-0.047,-29.163,-9.811,0.013,-0.302,0.003,-0.001,0.000
-91.771,-0.050,-29.166,-9.814,0.013,-0.300,0.004,-0.001,0.000
-91.773,-0.050,-29.169,-9.813,0.010,-0.305,0.004,-0.001,0.001
-91.782,-0.045,-29.171,-9.823,0.002,-0.315,0.003,-0.001,0.000
-91.787,-0.046,-29.173,-9.812,0.010,-0.310,0.003,-0.001,0.000
-91.779,-0.049,-29.176,-9.802,0.011,-0.296,0.004,-0.001,0.000
-91.777,-0.045,-29.179,-9.813,0.003,-0.300,0.004,-0.001,0.000
-91.777,-0.046,-29.182,-9.822,0.008,-0.303,0.004,-0.001,-0.000
-91.780,-0.048,-29.184,-9.814,0.011,-0.309,0.004,-0.002,-0.001
-91.784,-0.046,-29.187,-9.817,0.006,-0.308,0.004,-0.002,0.000
-91.785,-0.052,-29.190,-9.816,0.016,-0.306,0.004,-0.001,0.000
-91.787,-0.053,-29.193,-9.815,0.011,-0.308,0.004,-0.002,0.000
-91.783,-0.048,-29.195,-9.813,0.002,-0.297,0.004,-0.002,0.001
-91.784,-0.038,-29.198,-9.816,-0.005,-0.306,0.004,-0.001,0.001
-91.789,-0.040,-29.201,-9.811,0.008,-0.311,0.004,-0.001,0.000
-91.789,-0.046,-29.205,-9.823,0.014,-0.306,0.004,-0.001,0.000
-91.789,-0.052,-29.207,-9.827,0.017,-0.305,0.004,-0.001,-0.000
-91.788,-0.049,-29.209,-9.820,0.004,-0.305,0.004,-0.001,-0.001
-91.789,-0.048,-29.212,-9.810,0.005,-0.306,0.004,-0.001,-0.001
-91.789,-0.045,-29.215,-9.809,0.004,-0.304,0.004,-0.002,0.000
-91.789,-0.039,-29.218,-9.814,0.001,-0.305,0.004,-0.002,-0.000
-91.791,-0.041,-29.221,-9.810,0.008,-0.308,0.004,-0.001,-0.000
-91.790,-0.040,-29.223,-9.806,0.006,-0.304,0.004,-0.001,0.000
-91.787,-0.043,-29.226,-9.822,0.010,-0.300,0.004,-0.002,0.000
-91.783,-0.040,-29.229,-9.820,0.004,-0.299,0.004,-0.002,0.001
-91.781,-0.040,-29.232,-9.818,0.007,-0.301,0.004,-0.001,0.000
-91.774,-0.038,-29.234,-9.820,0.004,-0.293,0.003,-0.002,-0.000
-91.771,-0.043,-29.237,-9.806,0.014,-0.298,0.004,-0.001,0.000
-91.770,-0.049,-29.240,-9.819,0.015,-0.302,0.004,-0.001,-0.000
-91.770,-0.044,-29.242,-9.824,-0.001,-0.302,0.003,-0.002,0.000
-91.772,-0.043,-29.246,-9.817,0.007,-0.305,0.004,-0.001,0.000
-91.766,-0.047,-29.249,-9.814,0.012,-0.294,0.004,-0.001,-0.000
-91.770,-0.048,-29.252,-9.820,0.010,-0.308,0.004,-0.001,-0.000
-91.769,-0.047,-29.255,-9.817,0.006,-0.300,0.004,-0.001,-0.000
-91.768,-0.043,-29.258,-9.809,0.002,-0.300,0.004,-0.001,0.000
-91.769,-0.043,-29.261,-9.807,0.007,-0.303,0.004,-0.002,-0.000
-91.772,-0.036,-29.263,-9.815,-0.001,-0.306,0.003,-0.001,0.000
-91.774,-0.035,-29.265,-9.827,0.005,-0.306,0.004,-0.001,0.000
-91.777,-0.038,-29.268,-9.822,0.010,-0.307,0.003,-0.001,-0.000
-91.769,-0.043,-29.270,-9.823,0.014,-0.291,0.004,-0.001,-0.001
-91.765,-0.039,-29.272,-9.818,0.001,-0.294,0.004,-0.002,-0.001
-91.759,-0.038,-29.275,-9.814,0.005,-0.293,0.004,-0.002,0.000
-91.758,-0.035,-29.277,-9.825,0.002,-0.299,0.004,-0.001,0.001
-91.765,-0.034,-29.280,-9.822,0.005,-0.309,0.004,-0.002,-0.000
-91.762,-0.043,-29.284,-9.815,0.016,-0.296,0.004,-0.002,-0.000
-91.757,-0.047,-29.286,-9.817,0.013,-0.294,0.005,-0.001,-0.000
-91.757,-0.036,-29.289,-9.819,-0.008,-0.300,0.004,-0.001,-0.001
-91.762,-0.039,-29.292,-9.817,0.011,-0.307,0.003,-0.001,0.000
-91.769,-0.048,-29.294,-9.819,0.020,-0.311,0.004,-0.001,0.001
-91.768,-0.049,-29.297,-9.825,0.010,-0.300,0.003,-0.002,0.000
-91.769,-0.056,-29.300,-9.817,0.016,-0.302,0.003,-0.002,-0.000
-91.767,-0.054,-29.302,-9.819,0.007,-0.299,0.004,-0.001,-0.000
-91.765,-0.053,-29.305,-9.822,0.007,-0.300,0.004,-0.000,-0.001
-91.764,-0.051,-29.307,-9.819,0.006,-0.299,0.004,-0.001,0.000
-91.760,-0.059,-29.310,-9.809,0.018,-0.296,0.004,-0.001,-0.000
-91.759,-0.060,-29.313,-9.807,0.011,-0.299,0.003,-0.001,-0.000
-91.758,-0.065,-29.315,-9.813,0.017,-0.299,0.004,-0.001,-0.001
-91.761,-0.065,-29.318,-9.813,0.010,-0.303,0.003,-0.001,-0.001
-91.765,-0.065,-29.320,-9.819,0.010,-0.306,0.004,-0.001,-0.001
-91.767,-0.061,-29.323,-9.801,0.006,-0.305,0.004,-0.000,0.000
-91.767,-0.058,-29.326,-9.811,0.006,-0.302,0.004,-0.001,-0.000
-91.764,-0.054,-29.328,-9.816,0.005,-0.297,0.003,-0.002,0.001
-91.762,-0.051,-29.331,-9.816,0.005,-0.298,0.004,-0.001,0.000
-91.764,-0.048,-29.334,-9.816,0.004,-0.302,0.004,-0.002,-0.000
-91.767,-0.050,-29.336,-9.822,0.011,-0.305,0.003,-0.002,-0.001
-91.774,-0.051,-29.339,-9.811,0.010,-0.309,0.004,-0.001,-0.000
-91.779,-0.055,-29.341,-9.814,0.013,-0.311,0.003,-0.001,-0.001
-91.775,-0.052,-29.343,-9.817,0.005,-0.299,0.003,-0.001,0.000
-91.779,-0.055,-29.345,-9.820,0.013,-0.309,0.004,-0.001,0.000
-91.771,-0.059,-29.348,-9.827,0.014,-0.293,0.004,-0.001,0.000
-91.769,-0.054,-29.351,-9.806,0.004,-0.300,0.003,-0.001,0.000
-91.770,-0.049,-29.353,-9.813,0.001,-0.303,0.003,-0.002,0.000
-91.765,-0.045,-29.355,-9.819,0.002,-0.295,0.004,-0.000,-0.000
-91.761,-0.045,-29.358,-9.820,0.007,-0.296,0.004,-0.001,0.000
-91.759,-0.041,-29.361,-9.819,0.003,-0.299,0.005,-0.001,0.000
-91.760,-0.043,-29.364,-9.813,0.011,-0.302,0.004,-0.001,-0.000
-91.757,-0.047,-29.367,-9.810,0.012,-0.296,0.003,-0.002,-0.000
-91.756,-0.045,-29.369,-9.814,0.004,-0.297,0.003,-0.002,0.000
-91.755,-0.049,-29.372,-9.823,0.013,-0.299,0.004,-0.002,0.001
-91.757,-0.052,-29.375,-9.817,0.013,-0.302,0.004,-0.002,-0.000
-91.755,-0.056,-29.377,-9.817,0.015,-0.297,0.003,-0.002,-0.000
-91.760,-0.055,-29.380,-9.822,0.007,-0.306,0.003,-0.001,-0.000
-91.763,-0.051,-29.383,-9.823,0.005,-0.305,0.003,-0.001,-0.000
-91.764,-0.054,-29.385,-9.820,0.013,-0.303,0.004,-0.001,-0.000
-91.764,-0.055,-29.387,-9.818,0.010,-0.300,0.003,-0.002,0.000
-91.772,-0.055,-29.390,-9.813,0.010,-0.311,0.004,-0.001,-0.000
-91.780,-0.052,-29.393,-9.814,0.005,-0.312,0.004,-0.001,-0.000
-91.783,-0.045,-29.396,-9.816,-0.002,-0.309,0.004,-0.001,0.000
-91.784,-0.043,-29.399,-9.819,0.005,-0.305,0.004,-0.002,0.000
-91.775,-0.045,-29.401,-9.819,0.010,-0.294,0.003,-0.001,-0.001
-91.781,-0.054,-29.404,-9.817,0.019,-0.311,0.003,-0.001,0.000
-91.786,-0.058,-29.406,-9.826,0.015,-0.310,0.003,-0.001,0.000
-91.786,-0.057,-29.409,-9.816,0.008,-0.305,0.004,-0.001,0.000
-91.781,-0.054,-29.411,-9.818,0.006,-0.299,0.003,-0.001,0.000
-91.774,-0.055,-29.414,-9.821,0.010,-0.293,0.004,-0.001,0.000
-91.772,-0.051,-29.416,-9.814,0.004,-0.300,0.003,-0.001,-0.000
-91.772,-0.049,-29.418,-9.819,0.005,-0.302,0.004,-0.002,-0.000
-91.773,-0.049,-29.421,-9.816,0.008,-0.303,0.004,-0.002,-0.001
-91.772,-0.051,-29.423,-9.813,0.010,-0.299,0.003,-0.002,-0.001
-91.771,-0.051,-29.426,-9.810,0.009,-0.301,0.004,-0.001,0.000
-91.770,-0.049,-29.428,-9.817,0.005,-0.300,0.004,-0.001,0.001
-91.773,-0.051,-29.431,-9.821,0.011,-0.306,0.004,-0.002,0.001
-91.772,-0.047,-29.434,-9.808,0.004,-0.301,0.003,-0.001,-0.000
-91.770,-0.041,-29.436,-9.815,-0.002,-0.299,0.004,-0.001,-0.001
-91.773,-0.045,-29.439,-9.814,0.012,-0.306,0.003,-0.001,-0.000
-91.765,-0.047,-29.442,-9.815,0.011,-0.292,0.004,-0.001,0.001
-91.761,-0.038,-29.444,-9.815,-0.002,-0.297,0.004,-0.001,0.000
-91.762,-0.038,-29.447,-9.817,0.007,-0.302,0.003,-0.001,0.000
-91.765,-0.036,-29.450,-9.813,0.004,-0.305,0.004,-0.001,0.000
-91.765,-0.040,-29.452,-9.811,0.013,-0.302,0.004,-0.001,0.000
-91.768,-0.043,-29.455,-9.804,0.010,-0.305,0.004,-0.002,-0.000
-91.768,-0.047,-29.457,-9.819,0.014,-0.302,0.004,-0.001,0.000
-91.774,-0.044,-29.460,-9.810,0.004,-0.309,0.004,-0.001,-0.000
-91.776,-0.042,-29.462,-9.820,0.003,-0.305,0.004,-0.001,-0.001
-91.774,-0.042,-29.464,-9.812,0.007,-0.300,0.003,-0.001,-0.000
-91.776,-0.045,-29.467,-9.808,0.011,-0.305,0.003,-0.001,-0.000
-91.771,-0.043,-29.470,-9.816,0.005,-0.298,0.004,-0.001,0.000
-91.772,-0.041,-29.472,-9.823,0.004,-0.303,0.004,-0.001,-0.000
-91.770,-0.043,-29.475,-9.809,0.009,-0.299,0.004,-0.002,-0.001
-91.769,-0.044,-29.478,-9.825,0.008,-0.302,0.003,-0.001,-0.000
-91.770,-0.045,-29.480,-9.817,0.008,-0.303,0.003,-0.001,-0.000
-91.775,-0.049,-29.483,-9.814,0.013,-0.310,0.004,-0.002,-0.000
-91.781,-0.054,-29.486,-9.816,0.014,-0.309,0.004,-0.001,0.000
-91.782,-0.048,-29.488,-9.813,0.001,-0.305,0.004,-0.001,0.001
-91.779,-0.045,-29.491,-9.819,0.004,-0.301,0.004,-0.001,-0.000
-91.781,-0.042,-29.494,-9.825,0.004,-0.306,0.004,-0.001,0.000
-91.777,-0.044,-29.497,-9.824,0.010,-0.299,0.004,-0.001,-0.000
-91.772,-0.039,-29.499,-9.813,-0.001,-0.296,0.003,-0.001,0.000
-91.774,-0.042,-29.502,-9.814,0.010,-0.305,0.003,-0.002,-0.001
-91.772,-0.040,-29.504,-9.817,0.005,-0.299,0.004,-0.001,-0.000
-91.770,-0.041,-29.507,-9.817,0.007,-0.301,0.004,-0.000,-0.001
-91.773,-0.035,-29.510,-9.817,-0.002,-0.308,0.004,-0.001,0.000
-91.773,-0.032,-29.512,-9.815,0.002,-0.303,0.003,-0.001,-0.000
-91.772,-0.038,-29.514,-9.820,0.013,-0.301,0.002,-0.001,-0.000
-91.772,-0.047,-29.516,-9.829,0.020,-0.303,0.004,-0.001,0.001
-91.773,-0.046,-29.519,-9.824,0.007,-0.305,0.004,-0.001,-0.000
-91.773,-0.046,-29.522,-9.816,0.008,-0.303,0.004,-0.001,-0.000
-91.774,-0.045,-29.524,-9.808,0.006,-0.302,0.003,-0.002,0.000
-91.774,-0.045,-29.526,-9.822,0.008,-0.305,0.003,-0.001,0.001
-91.776,-0.046,-29.528,-9.821,0.008,-0.306,0.003,-0.001,-0.001
-91.776,-0.045,-29.531,-9.814,0.007,-0.303,0.004,-0.001,0.000
-91.776,-0.040,-29.533,-9.814,0.001,-0.304,0.004,-0.001,-0.000
-91.775,-0.048,-29.536,-9.816,0.017,-0.300,0.003,-0.002,-0.000
-91.769,-0.051,-29.540,-9.823,0.011,-0.296,0.004,-0.001,-0.000
-91.766,-0.055,-29.542,-9.819,0.015,-0.299,0.004,-0.001,0.000
-91.770,-0.057,-29.545,-9.820,0.012,-0.306,0.004,-0.001,-0.001
-91.771,-0.047,-29.547,-9.813,-0.003,-0.303,0.003,-0.001,-0.001
-91.771,-0.045,-29.550,-9.805,0.005,-0.302,0.003,-0.002,-0.000
-91.772,-0.043,-29.552,-9.819,0.004,-0.303,0.003,-0.001,-0.001
-91.772,-0.043,-29.555,-9.812,0.007,-0.301,0.004,-0.002,-0.001
-91.765,-0.036,-29.556,-9.816,-0.004,-0.294,0.003,-0.001,-0.001
-91.766,-0.032,-29.559,-9.820,0.000,-0.303,0.003,-0.001,0.000
-91.767,-0.033,-29.562,-9.816,0.006,-0.302,0.004,-0.001,0.000
-91.767,-0.028,-29.564,-9.817,-0.002,-0.302,0.003,-0.002,-0.000
-91.765,-0.036,-29.567,-9.813,0.015,-0.299,0.004,-0.001,-0.000
-91.762,-0.040,-29.569,-9.822,0.011,-0.297,0.004,-0.001,-0.000
-91.767,-0.040,-29.572,-9.812,0.007,-0.308,0.004,-0.001,0.000
-91.768,-0.044,-29.576,-9.809,0.012,-0.302,0.004,-0.002,-0.000
-91.768,-0.050,-29.578,-9.810,0.016,-0.301,0.004,-0.001,0.001
-91.767,-0.050,-29.581,-9.806,0.009,-0.300,0.004,-0.001,0.000
-91.767,-0.051,-29.583,-9.811,0.010,-0.302,0.004,-0.001,0.000
-91.764,-0.051,-29.586,-9.817,0.008,-0.298,0.004,-0.002,-0.000
-91.772,-0.057,-29.589,-9.825,0.017,-0.310,0.004,-0.001,0.000
-91.772,-0.056,-29.591,-9.820,0.008,-0.303,0.003,-0.001,0.001
-91.769,-0.059,-29.593,-9.820,0.015,-0.297,0.003,-0.002,0.000
-91.774,-0.060,-29.596,-9.811,0.011,-0.308,0.004,-0.002,-0.001
-91.777,-0.057,-29.599,-9.816,0.005,-0.308,0.004,-0.001,-0.000
-91.777,-0.053,-29.602,-9.820,0.005,-0.303,0.004,-0.002,-0.000
-91.778,-0.056,-29.605,-9.820,0.013,-0.304,0.004,-0.001,0.000
-91.780,-0.061,-29.608,-9.813,0.016,-0.306,0.003,-0.001,0.001
-91.783,-0.055,-29.611,-9.805,0.002,-0.306,0.004,-0.002,0.000
-91.784,-0.050,-29.614,-9.806,0.002,-0.306,0.004,-0.001,0.000
-91.779,-0.045,-29.617,-9.814,0.002,-0.298,0.004,-0.001,-0.000
-91.778,-0.039,-29.620,-9.814,0.001,-0.302,0.004,-0.001,0.000
-91.783,-0.039,-29.622,-9.817,0.008,-0.311,0.003,-0.001,0.001
-91.777,-0.036,-29.624,-9.817,0.003,-0.296,0.003,-0.002,0.001
-91.779,-0.039,-29.627,-9.803,0.010,-0.306,0.004,-0.001,0.000
-91.779,-0.041,-29.630,-9.807,0.009,-0.303,0.004,-0.001,-0.000
-91.781,-0.043,-29.632,-9.816,0.011,-0.306,0.004,-0.001,0.001
-91.774,-0.041,-29.635,-9.816,0.006,-0.295,0.003,-0.001,0.001
-91.765,-0.040,-29.637,-9.821,0.005,-0.290,0.004,-0.001,0.001
-91.764,-0.039,-29.640,-9.814,0.006,-0.300,0.004,-0.001,0.001
-91.764,-0.045,-29.642,-9.822,0.016,-0.301,0.003,-0.001,0.000
-91.760,-0.047,-29.645,-9.814,0.012,-0.296,0.003,-0.001,0.000
-91.762,-0.036,-29.648,-9.827,-0.006,-0.303,0.004,-0.002,-0.000
-91.765,-0.035,-29.650,-9.823,0.005,-0.305,0.004,-0.001,0.000
-91.767,-0.036,-29.653,-9.817,0.007,-0.304,0.004,-0.001,-0.000
-91.775,-0.036,-29.656,-9.810,0.006,-0.311,0.004,-0.001,0.000
-91.774,-0.041,-29.659,-9.813,0.013,-0.302,0.003,-0.001,-0.000
-91.772,-0.038,-29.662,-9.819,0.004,-0.300,0.004,-0.001,0.000
-91.777,-0.032,-29.664,-9.828,-0.001,-0.308,0.003,-0.001,0.000
-91.773,-0.033,-29.666,-9.817,0.007,-0.298,0.003,-0.001,0.000
-91.776,-0.035,-29.669,-9.814,0.009,-0.305,0.004,-0.002,0.000
-91.781,-0.041,-29.673,-9.810,0.013,-0.308,0.004,-0.002,-0.000
-91.783,-0.042,-29.675,-9.810,0.007,-0.306,0.004,-0.002,-0.000
-91.776,-0.045,-29.679,-9.815,0.011,-0.297,0.005,-0.001,-0.000
-91.770,-0.050,-29.682,-9.831,0.014,-0.296,0.004,-0.000,-0.000
-91.772,-0.048,-29.684,-9.826,0.006,-0.305,0.004,-0.001,-0.000
-91.778,-0.042,-29.687,-9.825,0.001,-0.311,0.004,-0.001,0.001
-91.776,-0.040,-29.691,-9.820,0.004,-0.301,0.004,-0.001,0.000
-91.773,-0.040,-29.694,-9.814,0.007,-0.299,0.005,-0.001,0.000
-91.776,-0.044,-29.696,-9.817,0.013,-0.308,0.004,-0.001,-0.000
-91.777,-0.044,-29.700,-9.818,0.008,-0.304,0.004,-0.001,-0.000
-91.775,-0.046,-29.702,-9.808,0.009,-0.300,0.004,-0.002,0.000
-91.777,-0.044,-29.705,-9.819,0.005,-0.305,0.003,-0.001,-0.001
-91.777,-0.034,-29.707,-9.809,-0.008,-0.305,0.003,-0.001,-0.000
-91.775,-0.042,-29.709,-9.816,0.017,-0.300,0.003,-0.001,-0.000
-91.775,-0.046,-29.712,-9.822,0.013,-0.304,0.003,-0.001,-0.000
-91.769,-0.052,-29.714,-9.820,0.014,-0.296,0.003,-0.001,-0.001
-91.762,-0.050,-29.717,-9.823,0.007,-0.293,0.004,-0.001,0.000
-91.760,-0.050,-29.721,-9.826,0.008,-0.300,0.004,-0.001,-0.000
-91.760,-0.044,-29.723,-9.815,0.000,-0.300,0.005,-0.001,-0.000
-91.761,-0.047,-29.726,-9.814,0.010,-0.302,0.004,-0.001,-0.001
-91.765,-0.048,-29.729,-9.818,0.010,-0.305,0.004,-0.001,0.000
-91.768,-0.045,-29.732,-9.820,0.004,-0.306,0.004,-0.001,-0.001
-91.766,-0.040,-29.734,-9.826,0.001,-0.299,0.003,-0.002,0.001
-91.769,-0.033,-29.737,-9.814,-0.002,-0.305,0.004,-0.001,0.000
-91.768,-0.034,-29.739,-9.807,0.005,-0.300,0.003,-0.001,-0.000
-91.767,-0.035,-29.742,-9.812,0.008,-0.300,0.004,-0.001,-0.000
-91.760,-0.040,-29.745,-9.809,0.013,-0.293,0.004,-0.001,0.000
-91.762,-0.039,-29.747,-9.823,0.005,-0.303,0.003,-0.001,0.000
-91.753,-0.033,-29.750,-9.825,-0.002,-0.289,0.004,-0.000,-0.000
-91.753,-0.027,-29.752,-9.809,-0.003,-0.299,0.003,-0.001,0.000
-91.754,-0.026,-29.754,-9.804,0.004,-0.299,0.003,-0.002,0.001
-91.755,-0.026,-29.757,-9.812,0.005,-0.302,0.004,-0.001,0.001
-91.750,-0.027,-29.760,-9.820,0.006,-0.294,0.004,-0.001,0.000
-91.754,-0.024,-29.762,-9.819,0.000,-0.304,0.003,-0.002,0.000
-91.757,-0.025,-29.765,-9.817,0.005,-0.303,0.004,-0.001,-0.000
-91.757,-0.030,-29.768,-9.825,0.013,-0.300,0.004,-0.001,0.001
-91.757,-0.030,-29.771,-9.816,0.005,-0.299,0.004,-0.002,0.000
-91.754,-0.036,-29.774,-9.813,0.011,-0.296,0.004,-0.002,-0.002
-91.756,-0.040,-29.777,-9.823,0.011,-0.302,0.004,-0.002,-0.000
-91.757,-0.042,-29.779,-9.811,0.010,-0.300,0.003,-0.002,0.000
-91.758,-0.047,-29.781,-9.808,0.016,-0.300,0.004,-0.001,0.001
-91.764,-0.049,-29.784,-9.817,0.009,-0.308,0.004,-0.001,-0.001
-91.763,-0.046,-29.787,-9.809,0.004,-0.297,0.004,-0.002,0.000
-91.760,-0.046,-29.789,-9.818,0.009,-0.297,0.004,-0.001,0.000
-91.761,-0.044,-29.791,-9.813,0.004,-0.302,0.003,-0.002,-0.001
-91.754,-0.043,-29.794,-9.812,0.007,-0.291,0.004,-0.001,0.001
-91.753,-0.045,-29.797,-9.811,0.011,-0.299,0.004,-0.001,0.000
-91.757,-0.040,-29.801,-9.816,0.001,-0.305,0.004,-0.001,0.000
-91.761,-0.041,-29.803,-9.817,0.008,-0.306,0.003,-0.001,0.000
-91.756,-0.043,-29.805,-9.819,0.008,-0.294,0.004,-0.001,-0.001
-91.759,-0.050,-29.809,-9.811,0.016,-0.303,0.004,-0.001,0.000
-91.763,-0.050,-29.812,-9.820,0.008,-0.306,0.004,-0.001,0.000
-91.767,-0.056,-29.814,-9.818,0.016,-0.306,0.003,-0.001,0.000
-91.766,-0.059,-29.817,-9.805,0.014,-0.299,0.003,-0.001,0.001
-91.764,-0.055,-29.820,-9.816,0.006,-0.299,0.004,-0.001,-0.000
-91.763,-0.056,-29.822,-9.814,0.011,-0.301,0.004,-0.001,0.000
-91.762,-0.058,-29.825,-9.815,0.013,-0.299,0.004,-0.001,0.000
-91.763,-0.058,-29.827,-9.810,0.011,-0.303,0.003,-0.000,0.000
-91.757,-0.058,-29.830,-9.831,0.010,-0.293,0.003,-0.001,0.000
-91.763,-0.056,-29.832,-9.818,0.007,-0.308,0.003,-0.001,-0.000
-91.761,-0.059,-29.834,-9.817,0.014,-0.298,0.003,-0.002,0.000
-91.764,-0.062,-29.837,-9.817,0.014,-0.305,0.004,-0.001,0.000
-91.767,-0.059,-29.840,-9.817,0.007,-0.305,0.004,-0.002,-0.000
-91.768,-0.057,-29.843,-9.817,0.008,-0.303,0.004,-0.002,0.000
-91.770,-0.053,-29.845,-9.811,0.004,-0.303,0.003,-0.001,-0.000
-91.770,-0.049,-29.848,-9.823,0.002,-0.303,0.004,-0.002,-0.000
-91.780,-0.041,-29.851,-9.819,-0.003,-0.315,0.004,-0.001,-0.001
-91.784,-0.033,-29.854,-9.806,-0.002,-0.308,0.003,-0.002,0.001
-91.785,-0.031,-29.857,-9.821,0.004,-0.306,0.004,-0.002,0.001
-91.789,-0.033,-29.859,-9.819,0.007,-0.312,0.003,-0.001,-0.001
-91.786,-0.038,-29.861,-9.823,0.014,-0.299,0.004,-0.002,-0.000
-91.783,-0.044,-29.864,-9.816,0.014,-0.302,0.004,-0.001,-0.000
-91.781,-0.040,-29.867,-9.820,0.002,-0.302,0.003,-0.001,0.000
-91.780,-0.042,-29.869,-9.811,0.010,-0.302,0.003,-0.002,-0.000
-91.780,-0.043,-29.871,-9.810,0.009,-0.303,0.003,-0.001,0.001
-91.783,-0.047,-29.874,-9.805,0.012,-0.306,0.004,-0.002,0.000
-91.784,-0.051,-29.877,-9.807,0.012,-0.307,0.004,-0.000,-0.001
-91.784,-0.056,-29.880,-9.810,0.017,-0.305,0.004,-0.001,-0.000
-91.785,-0.056,-29.882,-9.822,0.008,-0.306,0.004,-0.001,-0.001
-91.783,-0.057,-29.885,-9.817,0.011,-0.303,0.003,0.000,-0.001
-91.786,-0.057,-29.888,-9.811,0.010,-0.308,0.004,-0.001,0.000
-91.783,-0.054,-29.890,-9.823,0.006,-0.301,0.004,-0.001,0.000
-91.781,-0.047,-29.892,-9.829,-0.002,-0.302,0.004,-0.001,0.000
-91.780,-0.044,-29.895,-9.832,0.003,-0.303,0.004,-0.001,-0.000
-91.773,-0.050,-29.898,-9.816,0.016,-0.294,0.004,-0.001,0.000
-91.773,-0.047,-29.900,-9.814,0.004,-0.303,0.004,-0.001,0.000
-91.772,-0.047,-29.903,-9.819,0.007,-0.302,0.004,-0.001,-0.000
-91.768,-0.041,-29.906,-9.817,0.001,-0.297,0.004,-0.002,0.000
-91.762,-0.040,-29.909,-9.812,0.006,-0.294,0.004,-0.001,0.000
-91.757,-0.040,-29.912,-9.812,0.006,-0.294,0.004,-0.001,0.000
-91.758,-0.038,-29.914,-9.804,0.004,-0.302,0.004,-0.001,-0.000
-91.756,-0.038,-29.916,-9.817,0.007,-0.296,0.003,-0.001,-0.000
-91.752,-0.040,-29.919,-9.816,0.009,-0.293,0.004,-0.001,0.000
-91.750,-0.042,-29.922,-9.824,0.010,-0.297,0.004,-0.001,0.001
-91.748,-0.051,-29.924,-9.814,0.022,-0.296,0.003,-0.001,0.001
-91.744,-0.048,-29.926,-9.811,0.005,-0.294,0.003,-0.001,0.000
-91.741,-0.046,-29.929,-9.817,0.005,-0.293,0.004,-0.001,-0.000
-91.744,-0.042,-29.931,-9.816,0.002,-0.302,0.004,-0.001,0.000
-91.750,-0.044,-29.934,-9.820,0.010,-0.307,0.004,-0.001,0.000
-91.753,-0.045,-29.936,-9.810,0.008,-0.303,0.004,-0.001,0.000
-91.754,-0.039,-29.939,-9.816,-0.001,-0.299,0.004,-0.002,0.000
-91.760,-0.039,-29.942,-9.812,0.007,-0.307,0.004,-0.001,0.000
-91.759,-0.045,-29.945,-9.832,0.015,-0.300,0.004,-0.001,0.000
-91.762,-0.038,-29.947,-9.811,0.000,-0.303,0.003,-0.001,0.001
-91.764,-0.033,-29.949,-9.816,-0.002,-0.303,0.003,-0.002,0.000
-91.770,-0.033,-29.953,-9.820,0.005,-0.309,0.004,-0.001,0.000
-91.772,-0.038,-29.955,-9.811,0.014,-0.305,0.004,-0.001,-0.000
-91.770,-0.038,-29.958,-9.807,0.006,-0.299,0.004,-0.001,-0.000
-91.772,-0.034,-29.962,-9.810,0.002,-0.305,0.005,-0.002,0.001
-91.773,-0.037,-29.964,-9.811,0.009,-0.302,0.004,-0.002,0.000
-91.771,-0.040,-29.967,-9.820,0.011,-0.300,0.004,-0.001,-0.001
-91.772,-0.046,-29.970,-9.825,0.015,-0.304,0.005,-0.001,-0.001
-91.775,-0.042,-29.973,-9.823,0.002,-0.308,0.004,-0.001,-0.000
-91.768,-0.040,-29.975,-9.829,0.005,-0.293,0.003,-0.001,-0.000
-91.768,-0.038,-29.979,-9.824,0.004,-0.303,0.004,-0.001,0.000
-91.759,-0.036,-29.982,-9.814,0.004,-0.290,0.004,-0.001,0.000
-91.748,-0.036,-29.985,-9.817,0.007,-0.287,0.004,-0.001,0.000
-91.748,-0.044,-29.987,-9.830,0.017,-0.300,0.004,-0.001,-0.001
-91.749,-0.047,-29.990,-9.823,0.012,-0.301,0.003,-0.001,0.000
-91.751,-0.049,-29.992,-9.817,0.012,-0.300,0.004,-0.002,0.000
-91.749,-0.050,-29.995,-9.825,0.010,-0.297,0.004,-0.001,0.000
-91.749,-0.049,-29.997,-9.812,0.008,-0.299,0.004,-0.001,0.001
-91.747,-0.050,-30.000,-9.816,0.010,-0.294,0.003,-0.002,0.001
-91.744,-0.052,-30.002,-9.816,0.012,-0.294,0.003,-0.001,0.000
-91.747,-0.052,-30.004,-9.814,0.009,-0.302,0.003,-0.001,0.000
-91.749,-0.056,-30.007,-9.815,0.013,-0.301,0.003,-0.001,-0.000
-91.751,-0.060,-30.009,-9.807,0.015,-0.302,0.003,-0.001,-0.000
-91.752,-0.063,-30.011,-9.809,0.016,-0.301,0.003,-0.000,-0.000
-91.750,-0.062,-30.013,-9.811,0.009,-0.296,0.003,-0.001,-0.000
-91.749,-0.069,-30.016,-9.807,0.019,-0.297,0.004,-0.001,-0.000
-91.751,-0.066,-30.019,-9.819,0.008,-0.301,0.004,-0.001,0.000
-91.756,-0.062,-30.021,-9.816,0.004,-0.307,0.004,-0.001,-0.001
-91.754,-0.057,-30.024,-9.812,0.002,-0.295,0.004,-0.002,-0.001
-91.753,-0.052,-30.026,-9.823,0.001,-0.299,0.004,-0.001,0.000
-91.756,-0.051,-30.029,-9.823,0.008,-0.303,0.004,-0.002,-0.000
-91.756,-0.053,-30.032,-9.812,0.011,-0.299,0.004,-0.001,-0.000
-91.756,-0.050,-30.034,-9.811,0.006,-0.300,0.002,-0.001,0.000
-91.758,-0.047,-30.037,-9.811,0.005,-0.302,0.004,-0.001,0.001
-91.753,-0.050,-30.040,-9.808,0.011,-0.293,0.004,-0.002,-0.000
-91.753,-0.050,-30.043,-9.807,0.008,-0.299,0.005,-0.002,-0.001
-91.752,-0.048,-30.046,-9.819,0.006,-0.298,0.005,-0.001,0.000
-91.752,-0.045,-30.048,-9.821,0.004,-0.299,0.003,-0.002,0.000
-91.756,-0.051,-30.051,-9.817,0.015,-0.304,0.004,-0.002,-0.000
-91.751,-0.055,-30.054,-9.810,0.013,-0.294,0.004,-0.001,-0.000
-91.743,-0.054,-30.056,-9.818,0.009,-0.286,0.004,-0.001,0.001
-91.738,-0.059,-30.060,-9.823,0.015,-0.292,0.005,-0.001,0.000
-91.741,-0.061,-30.063,-9.827,0.013,-0.300,0.004,-0.002,0.000
-91.751,-0.063,-30.066,-9.814,0.013,-0.309,0.004,-0.002,0.000
-91.751,-0.063,-30.068,-9.822,0.010,-0.299,0.003,-0.002,-0.000
-91.748,-0.061,-30.070,-9.813,0.008,-0.294,0.004,-0.001,0.000
-91.746,-0.061,-30.073,-9.818,0.010,-0.295,0.004,-0.001,0.001
-91.742,-0.057,-30.076,-9.816,0.004,-0.291,0.005,-0.002,-0.000
-91.737,-0.055,-30.078,-9.813,0.006,-0.289,0.003,-0.002,-0.000
-91.739,-0.056,-30.081,-9.817,0.011,-0.300,0.004,-0.001,0.000
-91.743,-0.053,-30.084,-9.814,0.006,-0.302,0.004,-0.002,0.001
-91.740,-0.046,-30.087,-9.825,0.000,-0.294,0.004,-0.001,0.000
-91.744,-0.042,-30.089,-9.809,0.002,-0.302,0.003,-0.001,0.000
-91.744,-0.042,-30.092,-9.812,0.008,-0.297,0.004,-0.001,0.000
-91.742,-0.044,-30.094,-9.811,0.010,-0.295,0.004,-0.001,-0.001
-91.743,-0.035,-30.097,-9.810,-0.006,-0.298,0.004,-0.002,0.000
-91.741,-0.037,-30.100,-9.808,0.009,-0.294,0.004,-0.001,-0.000
-91.746,-0.040,-30.103,-9.813,0.010,-0.303,0.004,-0.001,-0.000
-91.750,-0.038,-30.106,-9.811,0.004,-0.304,0.004,-0.001,0.000
-91.754,-0.034,-30.109,-9.813,0.001,-0.304,0.004,-0.001,-0.000
-91.754,-0.032,-30.113,-9.814,0.004,-0.300,0.005,-0.000,0.000
-91.755,-0.034,-30.117,-9.822,0.008,-0.300,0.005,-0.001,0.000
-91.757,-0.037,-30.119,-9.816,0.011,-0.304,0.004,-0.000,0.000
-91.759,-0.034,-30.122,-9.812,0.002,-0.302,0.004,-0.001,0.000
-91.754,-0.037,-30.124,-9.819,0.009,-0.294,0.003,-0.001,-0.000
-91.755,-0.031,-30.127,-9.824,-0.004,-0.301,0.004,-0.002,-0.000
-91.753,-0.028,-30.129,-9.811,0.002,-0.294,0.003,-0.002,0.000
-91.752,-0.027,-30.132,-9.813,0.004,-0.298,0.004,-0.001,0.000
-91.750,-0.028,-30.135,-9.814,0.006,-0.296,0.004,-0.002,0.000
-91.746,-0.034,-30.138,-9.822,0.013,-0.295,0.004,-0.001,0.001
-91.747,-0.031,-30.140,-9.821,0.001,-0.300,0.004,-0.001,-0.000
-91.750,-0.036,-30.143,-9.808,0.011,-0.301,0.004,-0.001,0.000
-91.746,-0.039,-30.146,-9.820,0.011,-0.293,0.004,-0.001,0.000
-91.744,-0.045,-30.148,-9.820,0.016,-0.296,0.004,-0.001,0.000
-91.741,-0.044,-30.150,-9.813,0.007,-0.293,0.003,-0.001,0.000
-91.743,-0.049,-30.152,-9.822,0.014,-0.300,0.003,-0.001,0.000
-91.749,-0.049,-30.155,-9.805,0.008,-0.305,0.004,-0.001,-0.000
-91.752,-0.050,-30.157,-9.810,0.009,-0.302,0.003,-0.002,-0.000
-91.756,-0.053,-30.160,-9.813,0.013,-0.305,0.004,-0.001,-0.000
-91.757,-0.051,-30.163,-9.820,0.007,-0.300,0.004,-0.001,0.000
-91.757,-0.052,-30.166,-9.812,0.010,-0.299,0.004,-0.001,-0.001
-91.756,-0.047,-30.168,-9.813,0.002,-0.299,0.003,-0.001,0.000
-91.755,-0.046,-30.171,-9.811,0.006,-0.298,0.004,-0.001,-0.000
-91.753,-0.051,-30.174,-9.815,0.015,-0.297,0.004,-0.001,0.001
-91.746,-0.050,-30.177,-9.816,0.007,-0.290,0.004,-0.001,0.000
-91.748,-0.050,-30.180,-9.819,0.009,-0.301,0.004,-0.001,0.001
-91.750,-0.050,-30.182,-9.820,0.009,-0.302,0.004,-0.001,0.000
-91.751,-0.049,-30.185,-9.819,0.007,-0.300,0.004,-0.001,-0.000
-91.757,-0.053,-30.188,-9.819,0.015,-0.308,0.004,-0.001,0.000
-91.763,-0.057,-30.191,-9.829,0.014,-0.308,0.004,-0.002,0.000
-91.768,-0.057,-30.194,-9.826,0.010,-0.307,0.003,-0.002,0.000
-91.770,-0.058,-30.196,-9.820,0.010,-0.305,0.003,-0.001,-0.000
-91.766,-0.057,-30.198,-9.817,0.009,-0.297,0.003,-0.001,0.000
-91.767,-0.059,-30.201,-9.818,0.014,-0.302,0.005,-0.001,0.001
-91.766,-0.057,-30.204,-9.815,0.007,-0.301,0.005,-0.000,0.000
-91.767,-0.054,-30.206,-9.807,0.006,-0.302,0.003,-0.001,0.000
-91.767,-0.052,-30.209,-9.808,0.005,-0.302,0.003,-0.001,-0.000
-91.767,-0.051,-30.211,-9.811,0.008,-0.300,0.004,-0.002,0.000
-91.765,-0.059,-30.214,-9.806,0.020,-0.299,0.005,-0.002,-0.000
-91.768,-0.062,-30.217,-9.808,0.015,-0.305,0.004,-0.001,0.000
-91.770,-0.059,-30.220,-9.818,0.007,-0.305,0.004,-0.001,-0.000
-91.776,-0.060,-30.223,-9.828,0.011,-0.311,0.004,-0.001,-0.001
-91.772,-0.057,-30.226,-9.822,0.005,-0.299,0.004,-0.001,-0.001
-91.771,-0.055,-30.229,-9.813,0.006,-0.300,0.003,-0.000,-0.000
-91.767,-0.062,-30.232,-9.816,0.019,-0.298,0.004,-0.001,0.000
-91.767,-0.061,-30.234,-9.819,0.010,-0.301,0.003,-0.002,-0.000
-91.769,-0.059,-30.237,-9.822,0.007,-0.304,0.005,-0.002,0.000
-91.772,-0.052,-30.241,-9.813,0.002,-0.304,0.004,-0.003,0.000
-91.770,-0.050,-30.244,-9.811,0.006,-0.299,0.004,-0.002,0.001
-91.767,-0.050,-30.247,-9.815,0.010,-0.299,0.004,-0.001,0.001
-91.767,-0.050,-30.249,-9.804,0.008,-0.300,0.004,-0.001,-0.000
-91.773,-0.046,-30.252,-9.819,0.004,-0.310,0.004,-0.001,-0.000
-91.782,-0.049,-30.254,-9.814,0.011,-0.315,0.003,-0.001,-0.000
-91.783,-0.043,-30.257,-9.819,0.002,-0.305,0.003,-0.001,0.001
-91.777,-0.047,-30.259,-9.824,0.012,-0.298,0.003,-0.000,0.001
-91.779,-0.046,-30.262,-9.808,0.007,-0.306,0.004,-0.001,-0.000
-91.777,-0.052,-30.265,-9.813,0.016,-0.301,0.004,-0.001,-0.000
-91.777,-0.053,-30.268,-9.819,0.010,-0.303,0.004,-0.001,0.000
-91.773,-0.054,-30.270,-9.819,0.010,-0.299,0.004,-0.001,0.000
-91.772,-0.051,-30.273,-9.820,0.005,-0.302,0.004,-0.001,-0.000
-91.769,-0.049,-30.276,-9.822,0.007,-0.299,0.004,-0.001,0.000
-91.771,-0.048,-30.279,-9.831,0.005,-0.305,0.004,-0.001,-0.000
-91.768,-0.051,-30.282,-9.828,0.012,-0.299,0.005,-0.001,-0.000
-91.765,-0.045,-30.285,-9.818,-0.001,-0.297,0.004,-0.001,-0.000
-91.767,-0.047,-30.288,-9.825,0.010,-0.305,0.004,-0.001,0.000
-91.765,-0.045,-30.291,-9.823,0.006,-0.299,0.004,-0.001,-0.000
-91.770,-0.054,-30.294,-9.826,0.019,-0.308,0.004,-0.001,0.000
-91.771,-0.054,-30.297,-9.819,0.009,-0.304,0.003,-0.001,-0.000
-91.766,-0.054,-30.300,-9.819,0.008,-0.296,0.003,-0.001,-0.000
-91.764,-0.048,-30.303,-9.813,0.002,-0.300,0.005,-0.001,0.000
-91.764,-0.046,-30.305,-9.815,0.005,-0.300,0.004,-0.001,-0.000
-91.761,-0.043,-30.308,-9.813,0.005,-0.297,0.004,-0.001,0.000
-91.759,-0.048,-30.310,-9.823,0.015,-0.298,0.003,-0.001,0.000
-91.764,-0.053,-30.313,-9.822,0.014,-0.307,0.004,-0.001,-0.001
-91.770,-0.049,-30.316,-9.817,0.002,-0.311,0.004,-0.001,-0.000
-91.776,-0.051,-30.318,-9.826,0.011,-0.310,0.004,-0.002,-0.000
-91.775,-0.053,-30.321,-9.822,0.010,-0.303,0.003,-0.001,-0.001
-91.768,-0.051,-30.323,-9.814,0.007,-0.294,0.003,-0.001,0.001
-91.769,-0.046,-30.326,-9.812,0.002,-0.302,0.004,-0.001,-0.000
-91.771,-0.040,-30.328,-9.830,-0.002,-0.305,0.004,-0.002,-0.000
-91.769,-0.038,-30.331,-9.831,0.005,-0.302,0.004,-0.001,0.001
-91.771,-0.044,-30.335,-9.823,0.014,-0.304,0.004,-0.002,0.000
-91.771,-0.042,-30.338,-9.817,0.005,-0.303,0.005,0.000,0.000
-91.771,-0.045,-30.341,-9.813,0.011,-0.303,0.004,-0.000,0.000
-91.770,-0.042,-30.344,-9.822,0.004,-0.302,0.003,-0.001,-0.000
-91.773,-0.046,-30.346,-9.820,0.013,-0.308,0.004,-0.001,0.000
-91.780,-0.046,-30.348,-9.805,0.008,-0.313,0.004,-0.001,0.001
-91.788,-0.042,-30.351,-9.821,0.001,-0.316,0.004,-0.001,-0.000
-91.786,-0.032,-30.354,-9.822,-0.005,-0.302,0.004,-0.002,-0.000
-91.784,-0.030,-30.357,-9.818,0.002,-0.300,0.004,-0.001,0.001
-91.786,-0.034,-30.360,-9.815,0.010,-0.308,0.004,-0.001,-0.001
-91.783,-0.032,-30.362,-9.814,0.002,-0.302,0.003,-0.001,-0.001
-91.786,-0.034,-30.364,-9.805,0.009,-0.308,0.003,-0.001,-0.000
-91.784,-0.028,-30.367,-9.812,-0.003,-0.303,0.004,-0.001,-0.000
-91.789,-0.032,-30.370,-9.811,0.011,-0.310,0.004,-0.002,0.001
-91.793,-0.027,-30.373,-9.812,-0.002,-0.311,0.004,-0.002,0.000
-91.793,-0.022,-30.376,-9.811,-0.002,-0.306,0.004,-0.001,-0.000
-91.789,-0.022,-30.378,-9.817,0.003,-0.300,0.004,-0.001,0.000
-91.791,-0.024,-30.380,-9.812,0.008,-0.309,0.004,-0.001,0.000
-91.786,-0.019,-30.383,-9.822,-0.004,-0.299,0.004,-0.002,-0.001
-91.779,-0.017,-30.386,-9.817,0.001,-0.294,0.004,-0.001,0.000
-91.779,-0.017,-30.388,-9.813,0.003,-0.305,0.004,-0.001,0.000
-91.777,-0.024,-30.392,-9.819,0.011,-0.301,0.005,-0.001,-0.001
-91.777,-0.033,-30.394,-9.813,0.018,-0.305,0.004,-0.001,0.000
-91.776,-0.034,-30.397,-9.807,0.007,-0.300,0.005,-0.001,0.001
-91.782,-0.040,-30.401,-9.810,0.014,-0.311,0.004,-0.001,0.000
-91.779,-0.039,-30.404,-9.809,0.006,-0.301,0.005,-0.000,0.000
-91.775,-0.039,-30.406,-9.821,0.007,-0.296,0.004,-0.002,0.001
-91.780,-0.042,-30.410,-9.816,0.011,-0.311,0.005,-0.001,0.001
-91.783,-0.045,-30.413,-9.815,0.011,-0.308,0.005,-0.001,-0.000
-91.784,-0.050,-30.415,-9.814,0.016,-0.306,0.003,-0.001,0.000
-91.782,-0.050,-30.418,-9.820,0.010,-0.302,0.004,-0.001,0.001
-91.784,-0.050,-30.421,-9.819,0.008,-0.307,0.004,-0.001,0.001
-91.781,-0.043,-30.424,-9.820,-0.002,-0.300,0.004,-0.000,0.000
-91.781,-0.044,-30.427,-9.803,0.008,-0.303,0.005,-0.001,-0.000
-91.781,-0.046,-30.430,-9.808,0.010,-0.305,0.005,-0.001,0.000
-91.784,-0.043,-30.433,-9.814,0.005,-0.308,0.004,-0.001,0.000
-91.786,-0.042,-30.436,-9.817,0.006,-0.306,0.004,-0.002,0.001
-91.790,-0.043,-30.438,-9.813,0.009,-0.310,0.003,-0.001,0.000
-91.795,-0.045,-30.442,-9.817,0.010,-0.311,0.004,-0.002,0.000
-91.793,-0.047,-30.444,-9.813,0.011,-0.303,0.003,-0.002,0.001
-91.792,-0.043,-30.448,-9.814,0.004,-0.304,0.004,-0.002,0.001
-91.792,-0.047,-30.451,-9.812,0.013,-0.305,0.004,-0.002,0.000
-91.792,-0.048,-30.454,-9.819,0.009,-0.306,0.004,-0.001,0.000
-91.789,-0.045,-30.456,-9.814,0.004,-0.303,0.004,0.000,0.000
-91.786,-0.035,-30.460,-9.814,-0.005,-0.302,0.004,-0.000,0.000
-91.785,-0.034,-30.462,-9.819,0.004,-0.305,0.004,-0.000,0.000
-91.785,-0.034,-30.465,-9.824,0.006,-0.304,0.004,-0.001,-0.000
-91.787,-0.036,-30.468,-9.810,0.007,-0.308,0.004,-0.001,0.000
-91.778,-0.036,-30.471,-9.805,0.007,-0.293,0.004,-0.001,0.001
-91.775,-0.035,-30.474,-9.815,0.004,-0.297,0.004,-0.002,0.000
-91.772,-0.030,-30.477,-9.811,-0.001,-0.299,0.004,-0.001,-0.000
-91.770,-0.030,-30.479,-9.814,0.005,-0.300,0.003,-0.000,0.000
-91.777,-0.027,-30.482,-9.817,0.002,-0.310,0.004,-0.001,0.000
-91.781,-0.029,-30.484,-9.821,0.008,-0.309,0.003,-0.001,0.001
-91.783,-0.031,-30.487,-9.822,0.007,-0.307,0.003,-0.002,-0.000
-91.780,-0.030,-30.489,-9.819,0.004,-0.299,0.003,-0.001,-0.000
-91.778,-0.024,-30.491,-9.825,-0.004,-0.302,0.003,-0.001,0.000
-91.776,-0.025,-30.493,-9.814,0.007,-0.300,0.003,-0.001,0.001
-91.780,-0.023,-30.495,-9.807,0.001,-0.310,0.003,-0.001,0.000
-91.781,-0.028,-30.498,-9.811,0.011,-0.305,0.004,-0.001,0.000
-91.777,-0.034,-30.501,-9.820,0.011,-0.299,0.004,-0.001,-0.001
-91.776,-0.041,-30.505,-9.815,0.014,-0.302,0.005,-0.001,-0.000
-91.778,-0.039,-30.508,-9.817,0.004,-0.306,0.004,-0.001,0.000
-91.777,-0.041,-30.510,-9.817,0.008,-0.303,0.003,-0.001,-0.001
-91.786,-0.041,-30.513,-9.812,0.008,-0.315,0.004,-0.001,0.001
-91.784,-0.037,-30.516,-9.804,0.002,-0.302,0.004,-0.001,0.000
-91.782,-0.042,-30.519,-9.817,0.012,-0.302,0.004,-0.002,-0.000
-91.781,-0.043,-30.521,-9.814,0.008,-0.302,0.004,-0.001,-0.000
-91.782,-0.041,-30.524,-9.816,0.005,-0.306,0.004,-0.001,0.000
-91.780,-0.044,-30.528,-9.810,0.011,-0.302,0.004,-0.001,0.001
-91.780,-0.046,-30.530,-9.814,0.009,-0.303,0.004,-0.001,-0.000
-91.780,-0.051,-30.533,-9.813,0.016,-0.304,0.004,-0.001,-0.000
-91.781,-0.047,-30.536,-9.819,0.004,-0.306,0.004,-0.001,0.000
-91.781,-0.044,-30.538,-9.827,0.003,-0.304,0.003,-0.001,-0.000
-91.782,-0.042,-30.541,-9.829,0.004,-0.305,0.004,-0.002,-0.000
-91.782,-0.041,-30.543,-9.816,0.007,-0.303,0.004,-0.002,-0.000
-91.783,-0.042,-30.546,-9.811,0.008,-0.304,0.004,-0.001,-0.000
-91.782,-0.043,-30.549,-9.809,0.009,-0.302,0.004,-0.002,0.000
-91.773,-0.043,-30.552,-9.818,0.007,-0.291,0.004,-0.001,-0.000
-91.781,-0.049,-30.555,-9.808,0.014,-0.312,0.004,-0.001,0.001
-91.785,-0.043,-30.557,-9.822,-0.001,-0.311,0.003,-0.001,-0.000
-91.789,-0.042,-30.560,-9.817,0.005,-0.311,0.004,-0.002,-0.000
-91.788,-0.043,-30.562,-9.810,0.008,-0.302,0.004,-0.002,-0.000
-91.791,-0.042,-30.565,-9.824,0.005,-0.312,0.004,-0.001,-0.000
-91.793,-0.037,-30.567,-9.823,0.001,-0.308,0.003,-0.001,-0.000
-91.791,-0.045,-30.570,-9.819,0.017,-0.303,0.004,-0.001,-0.000
-91.789,-0.046,-30.572,-9.811,0.009,-0.304,0.003,-0.001,-0.000
-91.785,-0.051,-30.575,-9.811,0.013,-0.299,0.004,-0.001,-0.001
-91.783,-0.052,-30.578,-9.814,0.010,-0.302,0.003,-0.001,-0.000
-91.784,-0.049,-30.580,-9.816,0.004,-0.306,0.003,-0.001,-0.000
-91.778,-0.042,-30.583,-9.824,0.000,-0.297,0.004,-0.001,0.000
-91.778,-0.041,-30.585,-9.821,0.004,-0.305,0.003,-0.001,0.000
-91.776,-0.041,-30.588,-9.811,0.007,-0.300,0.004,-0.002,-0.000
-91.771,-0.040,-30.590,-9.815,0.007,-0.295,0.003,-0.001,0.001
-91.775,-0.047,-30.593,-9.813,0.016,-0.308,0.004,-0.002,-0.000
-91.781,-0.052,-30.595,-9.827,0.014,-0.312,0.004,-0.001,-0.001
-91.780,-0.051,-30.598,-9.816,0.008,-0.303,0.003,-0.000,0.001
-91.783,-0.048,-30.600,-9.807,0.004,-0.308,0.004,-0.001,-0.000
-91.786,-0.045,-30.602,-9.823,0.003,-0.309,0.003,-0.001,-0.000
-91.787,-0.047,-30.605,-9.812,0.010,-0.306,0.003,-0.001,-0.000
-91.787,-0.056,-30.608,-9.813,0.018,-0.305,0.004,-0.002,-0.001
-91.789,-0.057,-30.610,-9.820,0.011,-0.307,0.004,-0.001,-0.000
-91.785,-0.065,-30.613,-9.823,0.023,-0.299,0.004,-0.001,-0.000
-91.786,-0.069,-30.616,-9.819,0.016,-0.306,0.004,-0.001,-0.000
-91.789,-0.060,-30.619,-9.811,0.001,-0.309,0.003,-0.001,-0.001
-91.791,-0.053,-30.621,-9.806,0.001,-0.306,0.003,-0.001,-0.000
-91.796,-0.054,-30.624,-9.823,0.010,-0.313,0.004,-0.001,-0.000
-91.795,-0.053,-30.627,-9.815,0.008,-0.305,0.003,-0.001,0.000
-91.788,-0.062,-30.629,-9.835,0.021,-0.297,0.004,-0.001,0.000
-91.788,-0.064,-30.632,-9.823,0.014,-0.305,0.004,-0.001,-0.001
-91.790,-0.064,-30.635,-9.822,0.010,-0.308,0.004,-0.002,-0.001
-91.793,-0.064,-30.638,-9.811,0.011,-0.310,0.004,-0.001,-0.000
-91.793,-0.058,-30.641,-9.811,0.004,-0.305,0.004,-0.002,-0.000
-91.788,-0.052,-30.644,-9.813,0.001,-0.299,0.004,-0.002,-0.000
-91.791,-0.053,-30.646,-9.823,0.010,-0.309,0.004,-0.001,-0.001
-91.790,-0.055,-30.649,-9.814,0.011,-0.305,0.004,-0.001,-0.000
-91.789,-0.051,-30.651,-9.813,0.004,-0.303,0.004,-0.001,-0.000
-91.787,-0.047,-30.654,-9.814,0.002,-0.302,0.004,-0.001,0.000
-91.785,-0.049,-30.657,-9.821,0.011,-0.303,0.004,-0.001,0.000
-91.779,-0.052,-30.659,-9.818,0.013,-0.297,0.003,-0.001,0.001
-91.778,-0.054,-30.661,-9.816,0.011,-0.302,0.003,-0.001,-0.000
-91.778,-0.046,-30.664,-9.809,-0.001,-0.303,0.004,-0.001,0.000
-91.777,-0.052,-30.666,-9.798,0.017,-0.302,0.003,-0.001,0.000
-91.776,-0.043,-30.668,-9.814,-0.003,-0.301,0.004,-0.001,0.000
-91.773,-0.043,-30.670,-9.806,0.007,-0.299,0.004,-0.001,0.000
-91.773,-0.041,-30.673,-9.822,0.005,-0.303,0.004,-0.001,0.000
-91.775,-0.044,-30.676,-9.814,0.011,-0.305,0.004,-0.001,-0.000
-91.778,-0.042,-30.679,-9.813,0.005,-0.308,0.004,-0.001,0.000
-91.772,-0.042,-30.682,-9.818,0.007,-0.296,0.004,-0.002,-0.001
-91.772,-0.038,-30.685,-9.811,0.002,-0.302,0.004,-0.001,-0.000
-91.775,-0.036,-30.688,-9.810,0.004,-0.306,0.004,-0.001,0.000
-91.770,-0.041,-30.690,-9.807,0.013,-0.295,0.004,-0.001,0.000
-91.768,-0.040,-30.693,-9.810,0.007,-0.299,0.004,-0.001,0.000
-91.766,-0.042,-30.695,-9.816,0.009,-0.299,0.003,-0.001,0.001
-91.765,-0.043,-30.698,-9.822,0.009,-0.300,0.003,-0.001,0.000
-91.768,-0.042,-30.701,-9.813,0.008,-0.304,0.004,-0.002,0.001
-91.762,-0.043,-30.704,-9.816,0.008,-0.295,0.003,-0.001,0.000
-91.763,-0.043,-30.706,-9.814,0.007,-0.302,0.003,-0.001,-0.000
-91.767,-0.042,-30.708,-9.814,0.006,-0.305,0.003,-0.002,0.000
-91.769,-0.040,-30.711,-9.814,0.005,-0.303,0.004,-0.002,-0.000
-91.772,-0.037,-30.714,-9.813,0.002,-0.305,0.004,-0.002,0.001
-91.773,-0.042,-30.717,-9.801,0.014,-0.303,0.004,-0.002,0.000
-91.771,-0.044,-30.719,-9.806,0.010,-0.299,0.004,-0.001,0.000
-91.771,-0.040,-30.722,-9.807,0.001,-0.302,0.004,-0.001,-0.000
-91.767,-0.042,-30.725,-9.819,0.008,-0.297,0.004,-0.001,-0.001
-91.771,-0.040,-30.728,-9.813,0.004,-0.307,0.003,-0.002,-0.001
-91.773,-0.039,-30.730,-9.822,0.004,-0.306,0.004,-0.001,-0.000
-91.774,-0.044,-30.732,-9.817,0.015,-0.305,0.004,-0.001,-0.000
-91.777,-0.047,-30.735,-9.813,0.011,-0.308,0.004,-0.001,-0.001
-91.779,-0.051,-30.737,-9.813,0.013,-0.306,0.003,-0.001,0.000
-91.782,-0.046,-30.739,-9.805,0.001,-0.308,0.004,-0.001,0.000
-91.784,-0.043,-30.742,-9.827,0.003,-0.308,0.003,-0.001,-0.001
-91.783,-0.044,-30.744,-9.811,0.008,-0.303,0.004,-0.002,-0.001
-91.784,-0.046,-30.747,-9.809,0.009,-0.303,0.004,-0.002,-0.001
-91.780,-0.043,-30.750,-9.804,0.003,-0.299,0.004,-0.001,0.000
-91.772,-0.046,-30.753,-9.811,0.011,-0.294,0.004,-0.000,0.000
-91.766,-0.045,-30.756,-9.824,0.007,-0.295,0.004,-0.001,-0.000
-91.768,-0.045,-30.758,-9.820,0.008,-0.305,0.003,-0.001,-0.000
