-90.380,0.048,1.624,-9.799,-0.014,-0.060,0.001,-0.001,-0.000
-90.364,0.053,1.624,-9.803,-0.016,-0.040,0.000,-0.000,-0.000
-90.352,0.055,1.624,-9.795,-0.013,-0.044,-0.001,0.000,-0.000
-90.354,0.056,1.624,-9.798,-0.011,-0.065,0.000,0.000,-0.000
-90.368,0.057,1.624,-9.792,-0.012,-0.081,-0.001,-0.000,-0.000
-90.380,0.054,1.625,-9.800,-0.005,-0.081,-0.001,-0.001,-0.001
-90.376,0.056,1.625,-9.789,-0.013,-0.058,-0.001,-0.000,-0.001
-90.365,0.061,1.625,-9.799,-0.017,-0.047,0.000,-0.000,-0.000
-90.360,0.058,1.626,-9.813,-0.007,-0.055,-0.001,-0.000,-0.001
-90.370,0.062,1.626,-9.802,-0.017,-0.076,-0.001,-0.000,-0.000
-90.373,0.067,1.627,-9.796,-0.019,-0.068,-0.001,-0.001,-0.000
-90.377,0.067,1.627,-9.799,-0.013,-0.069,0.000,0.000,-0.000
-90.371,0.071,1.627,-9.802,-0.018,-0.056,-0.000,0.001,-0.000
-90.369,0.072,1.627,-9.804,-0.014,-0.059,-0.000,-0.000,-0.000
-90.368,0.071,1.627,-9.800,-0.011,-0.062,-0.001,-0.000,-0.000
-90.359,0.067,1.628,-9.799,-0.006,-0.049,-0.001,-0.000,-0.000
-90.354,0.064,1.628,-9.802,-0.006,-0.054,-0.000,0.000,0.001
-90.361,0.062,1.628,-9.799,-0.009,-0.071,-0.000,0.000,-0.000
-90.360,0.058,1.628,-9.796,-0.002,-0.059,-0.000,0.000,0.000
-90.353,0.057,1.629,-9.792,-0.009,-0.050,-0.000,-0.000,-0.001
-90.352,0.055,1.629,-9.795,-0.007,-0.060,-0.001,0.000,-0.000
-90.362,0.056,1.629,-9.804,-0.013,-0.076,-0.001,-0.000,-0.001
-90.364,0.060,1.629,-9.813,-0.016,-0.066,-0.000,-0.001,-0.001
-90.372,0.063,1.629,-9.795,-0.015,-0.074,-0.000,-0.000,-0.001
-90.369,0.061,1.629,-9.799,-0.009,-0.058,0.000,-0.000,-0.001
-90.362,0.064,1.630,-9.799,-0.016,-0.052,-0.001,0.001,-0.001
-90.357,0.063,1.630,-9.798,-0.010,-0.053,-0.000,0.000,0.000
-90.358,0.066,1.630,-9.795,-0.016,-0.063,-0.001,-0.000,-0.001
-90.376,0.067,1.630,-9.797,-0.014,-0.091,-0.001,-0.001,-0.000
-90.383,0.070,1.631,-9.794,-0.016,-0.074,-0.000,-0.001,-0.001
-90.372,0.060,1.631,-9.811,0.002,-0.049,0.000,0.000,-0.000
-90.353,0.055,1.631,-9.786,-0.001,-0.034,-0.000,0.000,0.001
-90.351,0.048,1.631,-9.788,0.001,-0.057,-0.000,0.000,0.000
-90.366,0.048,1.631,-9.795,-0.008,-0.082,-0.000,-0.001,-0.000
-90.375,0.043,1.631,-9.787,0.000,-0.078,0.000,-0.001,-0.000
-90.379,0.038,1.631,-9.798,-0.001,-0.071,0.000,0.000,-0.000
-90.377,0.040,1.631,-9.796,-0.010,-0.063,-0.001,0.001,-0.001
-90.371,0.035,1.631,-9.793,0.001,-0.053,0.000,0.000,-0.001
-90.361,0.037,1.632,-9.804,-0.010,-0.047,-0.001,-0.000,-0.000
-90.357,0.043,1.632,-9.802,-0.017,-0.056,-0.001,-0.001,-0.001
-90.377,0.048,1.632,-9.814,-0.016,-0.095,-0.000,-0.001,0.000
-90.397,0.049,1.632,-9.807,-0.010,-0.095,-0.000,0.000,-0.000
-90.401,0.047,1.632,-9.808,-0.006,-0.074,0.000,0.000,-0.001
-90.376,0.050,1.632,-9.805,-0.014,-0.028,-0.000,0.000,-0.000
-90.358,0.049,1.633,-9.798,-0.007,-0.037,-0.001,0.001,-0.000
-90.356,0.048,1.633,-9.789,-0.007,-0.058,-0.001,-0.000,-0.000
-90.372,0.049,1.633,-9.792,-0.011,-0.085,0.000,-0.000,0.000
-90.392,0.051,1.633,-9.802,-0.010,-0.097,-0.000,-0.000,0.000
-90.388,0.052,1.633,-9.800,-0.011,-0.060,0.001,-0.001,-0.001
-90.379,0.051,1.632,-9.799,-0.007,-0.051,0.001,-0.001,-0.001
-90.356,0.052,1.632,-9.798,-0.012,-0.025,0.000,-0.001,-0.001
-90.363,0.053,1.633,-9.793,-0.010,-0.072,-0.001,0.000,-0.001
-90.379,0.061,1.633,-9.806,-0.022,-0.087,0.000,0.000,-0.000
-90.384,0.060,1.633,-9.791,-0.008,-0.074,-0.000,0.001,-0.000
-90.388,0.051,1.633,-9.801,0.004,-0.072,0.000,0.000,-0.000
-90.372,0.043,1.633,-9.788,0.004,-0.040,0.000,0.000,0.000
-90.360,0.039,1.633,-9.798,-0.001,-0.045,0.000,-0.000,-0.000
-90.359,0.038,1.633,-9.789,-0.006,-0.059,-0.001,-0.000,-0.001
-90.358,0.035,1.634,-9.799,-0.002,-0.060,-0.001,0.000,-0.000
-90.371,0.038,1.634,-9.792,-0.010,-0.081,-0.000,0.000,0.001
-90.373,0.043,1.634,-9.803,-0.015,-0.068,-0.000,-0.000,-0.001
-90.371,0.036,1.634,-9.795,0.005,-0.059,-0.000,-0.000,0.000
-90.359,0.038,1.634,-9.794,-0.010,-0.045,-0.000,-0.000,-0.000
-90.361,0.040,1.635,-9.801,-0.010,-0.064,-0.001,-0.000,0.000
-90.378,0.045,1.635,-9.802,-0.014,-0.087,-0.000,-0.001,-0.000
-90.383,0.052,1.635,-9.795,-0.020,-0.073,-0.000,0.000,0.001
-90.380,0.056,1.635,-9.796,-0.014,-0.060,0.000,0.000,-0.000
-90.372,0.061,1.635,-9.805,-0.017,-0.054,-0.000,0.000,0.000
-90.377,0.057,1.635,-9.799,-0.003,-0.072,-0.000,0.000,0.000
-90.370,0.050,1.635,-9.799,0.001,-0.054,-0.000,0.000,0.000
-90.377,0.051,1.635,-9.797,-0.010,-0.075,-0.000,-0.000,-0.001
-90.372,0.052,1.635,-9.792,-0.012,-0.056,0.000,0.000,-0.001
-90.367,0.047,1.636,-9.801,-0.003,-0.056,-0.001,0.000,-0.002
-90.373,0.050,1.636,-9.796,-0.012,-0.074,-0.000,0.001,-0.000
-90.365,0.046,1.636,-9.795,-0.004,-0.050,0.000,-0.001,-0.001
-90.390,0.051,1.635,-9.802,-0.017,-0.102,0.001,0.000,-0.001
-90.387,0.054,1.635,-9.793,-0.013,-0.061,0.000,0.000,0.000
-90.362,0.053,1.635,-9.799,-0.008,-0.028,0.000,-0.000,-0.000
-90.388,0.053,1.636,-9.808,-0.009,-0.102,-0.001,0.000,0.000
-90.388,0.053,1.636,-9.799,-0.010,-0.068,0.000,0.000,-0.001
-90.376,0.054,1.636,-9.799,-0.012,-0.047,-0.000,0.000,-0.001
-90.405,0.060,1.635,-9.802,-0.020,-0.114,0.001,0.001,-0.001
-90.408,0.062,1.635,-9.801,-0.014,-0.074,0.001,0.001,-0.001
-90.391,0.061,1.634,-9.806,-0.010,-0.043,0.001,-0.000,0.000
-90.398,0.059,1.634,-9.792,-0.007,-0.080,0.001,0.000,0.000
-90.391,0.058,1.633,-9.792,-0.008,-0.057,0.001,0.001,0.000
-90.370,0.050,1.633,-9.804,0.004,-0.031,-0.000,-0.000,-0.000
-90.367,0.047,1.633,-9.797,-0.005,-0.059,-0.000,0.001,-0.001
-90.373,0.045,1.633,-9.798,-0.005,-0.071,0.000,-0.000,-0.000
-90.372,0.042,1.634,-9.796,-0.002,-0.062,-0.001,-0.000,-0.000
-90.377,0.034,1.634,-9.801,0.005,-0.072,-0.001,-0.000,-0.000
-90.386,0.029,1.634,-9.792,-0.001,-0.078,-0.001,-0.000,-0.001
-90.389,0.033,1.635,-9.792,-0.010,-0.071,-0.000,0.001,0.000
-90.394,0.040,1.635,-9.799,-0.018,-0.075,-0.000,0.000,0.000
-90.401,0.046,1.635,-9.802,-0.016,-0.078,-0.001,0.000,0.000
-90.414,0.048,1.635,-9.810,-0.013,-0.093,0.000,0.001,-0.000
-90.438,0.055,1.634,-9.813,-0.019,-0.108,0.001,0.001,0.000
-90.491,0.053,1.633,-9.805,-0.007,-0.167,0.002,0.002,-0.000
-90.521,0.058,1.632,-9.797,-0.017,-0.133,0.002,0.002,0.000
-90.529,0.064,1.630,-9.799,-0.019,-0.105,0.003,0.004,-0.000
-90.560,0.071,1.627,-9.790,-0.025,-0.148,0.005,0.004,-0.001
-90.571,0.068,1.623,-9.811,-0.009,-0.116,0.006,0.002,-0.002
-90.561,0.061,1.620,-9.798,0.001,-0.083,0.006,0.004,0.000
-90.539,0.060,1.616,-9.802,-0.010,-0.065,0.006,0.003,-0.001
-90.471,0.054,1.613,-9.807,-0.001,0.020,0.006,0.003,-0.001
-90.376,0.049,1.611,-9.804,-0.003,0.065,0.004,0.002,-0.001
-90.319,0.050,1.609,-9.798,-0.010,0.032,0.003,0.002,-0.000
-90.261,0.043,1.609,-9.797,0.001,0.035,0.000,0.001,-0.001
-90.265,0.045,1.609,-9.792,-0.011,-0.053,-0.000,0.000,-0.001
-90.300,0.043,1.609,-9.796,-0.005,-0.099,0.000,-0.000,-0.001
-90.353,0.045,1.609,-9.794,-0.011,-0.134,0.000,0.000,-0.001
-90.408,0.051,1.608,-9.798,-0.019,-0.156,0.001,0.002,0.000
-90.443,0.049,1.607,-9.794,-0.006,-0.124,0.002,0.001,-0.001
-90.505,0.054,1.606,-9.811,-0.017,-0.182,0.003,-0.001,-0.001
-90.506,0.044,1.603,-9.796,0.006,-0.088,0.003,0.001,-0.001
-90.420,0.032,1.602,-9.802,0.010,0.047,0.002,-0.001,-0.000
-90.379,0.026,1.601,-9.789,0.004,-0.002,0.001,0.000,-0.001
-90.326,0.013,1.601,-9.807,0.016,0.017,0.001,0.000,-0.001
-90.273,0.008,1.601,-9.796,0.005,0.035,-0.001,0.000,-0.001
-90.282,0.013,1.602,-9.800,-0.010,-0.059,-0.001,-0.000,-0.001
-90.275,0.018,1.603,-9.793,-0.010,-0.035,-0.001,-0.002,-0.001
-90.254,0.021,1.604,-9.794,-0.009,-0.011,-0.002,-0.002,-0.000
-90.278,0.029,1.606,-9.807,-0.016,-0.079,-0.003,-0.002,0.000
-90.254,0.029,1.607,-9.808,-0.005,-0.007,-0.003,-0.003,0.000
-90.205,0.026,1.610,-9.803,0.002,0.044,-0.005,-0.003,0.001
-90.168,0.023,1.613,-9.798,-0.001,0.026,-0.005,-0.004,-0.000
-90.132,0.027,1.617,-9.799,-0.011,0.038,-0.006,-0.005,-0.000
-90.100,0.023,1.622,-9.767,0.001,0.034,-0.008,-0.007,-0.001
-90.088,0.029,1.628,-9.777,-0.014,0.008,-0.010,-0.007,-0.000
-90.276,0.034,1.634,-9.778,-0.013,-0.333,-0.011,-0.003,-0.000
-90.650,0.063,1.637,-9.799,-0.053,-0.636,-0.005,0.007,-0.001
-90.807,0.066,1.636,-9.782,-0.016,-0.359,0.001,0.003,-0.001
-91.178,0.094,1.633,-9.809,-0.056,-0.724,0.004,0.006,-0.001
-90.908,0.066,1.629,-9.819,0.031,0.261,0.007,0.001,-0.001
-90.353,0.037,1.629,-9.787,0.032,0.710,0.000,-0.001,-0.001
-90.358,0.043,1.632,-9.819,-0.017,-0.067,-0.004,-0.001,-0.001
-90.367,0.043,1.633,-9.791,-0.008,-0.073,-0.002,-0.003,-0.001
-90.468,0.053,1.635,-9.764,-0.022,-0.220,-0.003,0.000,-0.000
-90.611,0.056,1.636,-9.793,-0.014,-0.329,-0.003,0.005,0.000
-90.742,0.067,1.636,-9.799,-0.026,-0.309,0.001,0.001,0.000
-90.674,0.065,1.633,-9.801,-0.010,-0.012,0.004,0.002,-0.000
-90.490,0.048,1.634,-9.792,0.017,0.169,0.000,0.002,0.000
-90.459,0.050,1.635,-9.799,-0.013,-0.031,-0.002,0.000,0.000
-90.409,0.045,1.636,-9.796,-0.002,0.002,-0.002,-0.002,-0.001
-90.409,0.045,1.636,-9.788,-0.007,-0.069,-0.001,-0.001,-0.001
-90.523,0.051,1.636,-9.804,-0.019,-0.264,0.000,-0.002,0.000
-90.567,0.061,1.635,-9.804,-0.024,-0.158,0.001,0.000,-0.000
-90.567,0.063,1.634,-9.792,-0.014,-0.098,0.002,0.001,-0.001
-90.558,0.056,1.633,-9.822,0.002,-0.083,0.002,0.002,0.000
-90.544,0.045,1.631,-9.817,0.008,-0.074,0.003,-0.001,0.000
-90.486,0.045,1.630,-9.783,-0.009,0.007,0.002,-0.001,-0.001
-90.414,0.041,1.629,-9.795,-0.001,0.029,0.001,0.001,0.000
-90.405,0.040,1.630,-9.799,-0.005,-0.057,-0.001,0.000,-0.000
-90.381,0.041,1.630,-9.805,-0.010,-0.031,0.000,-0.000,-0.000
-90.343,0.040,1.630,-9.796,-0.005,-0.007,0.000,0.000,0.000
-90.330,0.036,1.630,-9.790,-0.001,-0.037,-0.001,0.001,-0.000
-90.379,0.047,1.631,-9.802,-0.023,-0.132,-0.001,0.000,-0.000
-90.413,0.051,1.631,-9.804,-0.014,-0.123,-0.000,-0.000,-0.001
-90.433,0.053,1.631,-9.803,-0.013,-0.103,0.001,0.001,-0.001
-90.425,0.051,1.630,-9.789,-0.007,-0.062,0.001,0.001,-0.000
-90.407,0.054,1.630,-9.789,-0.014,-0.043,-0.000,0.001,-0.001
-90.393,0.053,1.631,-9.792,-0.008,-0.048,-0.000,0.000,-0.000
-90.381,0.056,1.631,-9.799,-0.013,-0.048,-0.000,0.000,-0.000
-90.384,0.054,1.631,-9.799,-0.008,-0.071,-0.001,0.000,-0.000
-90.389,0.056,1.631,-9.802,-0.012,-0.075,-0.000,0.000,0.000
-90.396,0.055,1.632,-9.807,-0.007,-0.077,-0.001,0.000,-0.000
-90.395,0.050,1.632,-9.798,-0.001,-0.066,-0.000,-0.001,-0.000
-90.400,0.055,1.632,-9.801,-0.017,-0.076,0.000,-0.000,0.000
-90.401,0.053,1.632,-9.797,-0.006,-0.071,0.000,0.001,-0.000
-90.412,0.054,1.632,-9.807,-0.011,-0.087,-0.000,0.001,0.000
-90.413,0.062,1.632,-9.801,-0.021,-0.073,-0.001,0.000,-0.000
-90.419,0.069,1.633,-9.792,-0.023,-0.080,-0.001,0.000,-0.000
-90.416,0.063,1.632,-9.796,-0.001,-0.065,0.000,-0.000,-0.001
-90.411,0.059,1.632,-9.791,-0.005,-0.064,0.001,0.001,-0.001
-90.408,0.057,1.632,-9.794,-0.008,-0.066,0.000,0.000,-0.000
-90.414,0.056,1.632,-9.802,-0.008,-0.081,0.000,0.000,-0.001
-90.422,0.057,1.632,-9.797,-0.011,-0.081,-0.000,-0.001,-0.000
-90.422,0.060,1.632,-9.805,-0.016,-0.072,0.000,-0.001,-0.000
-90.425,0.057,1.631,-9.804,-0.005,-0.078,0.000,-0.001,-0.001
-90.411,0.051,1.631,-9.796,-0.001,-0.050,0.000,-0.001,-0.001
-90.397,0.047,1.632,-9.805,-0.002,-0.048,-0.000,0.000,-0.000
-90.396,0.048,1.632,-9.798,-0.010,-0.066,-0.000,-0.000,0.000
-90.408,0.048,1.632,-9.799,-0.010,-0.087,-0.000,0.000,-0.000
-90.423,0.054,1.632,-9.801,-0.017,-0.093,-0.000,-0.000,-0.000
-90.416,0.052,1.632,-9.801,-0.007,-0.061,0.000,0.000,-0.000
-90.400,0.048,1.632,-9.804,-0.002,-0.044,0.000,0.000,-0.000
-90.387,0.046,1.632,-9.794,-0.005,-0.048,-0.000,0.000,0.000
-90.401,0.049,1.632,-9.809,-0.013,-0.088,-0.001,-0.001,0.000
-90.423,0.053,1.632,-9.796,-0.014,-0.105,0.000,-0.001,-0.000
-90.440,0.059,1.631,-9.807,-0.019,-0.098,0.002,-0.001,-0.000
-90.441,0.062,1.630,-9.792,-0.016,-0.075,0.002,-0.003,-0.000
-90.509,0.069,1.624,-9.804,-0.023,-0.175,0.011,-0.016,0.000
-90.540,0.071,1.617,-9.791,-0.016,-0.119,0.010,-0.016,-0.000
-90.600,0.068,1.613,-9.798,-0.007,-0.180,0.006,-0.007,0.000
-90.583,0.066,1.614,-9.799,-0.008,-0.078,-0.001,0.006,-0.001
-90.502,0.066,1.613,-9.792,-0.012,0.022,0.001,0.004,-0.001
-90.413,0.057,1.615,-9.786,0.003,0.060,-0.003,0.007,-0.001
-90.337,0.056,1.619,-9.796,-0.008,0.038,-0.006,0.010,-0.000
-90.303,0.054,1.622,-9.814,-0.005,-0.005,-0.005,0.006,0.000
-90.313,0.052,1.624,-9.802,-0.007,-0.069,-0.003,0.001,0.000
-90.381,0.057,1.625,-9.818,-0.016,-0.160,-0.002,0.000,0.001
-90.435,0.054,1.625,-9.796,-0.004,-0.156,-0.000,-0.001,-0.000
-90.474,0.050,1.625,-9.793,-0.004,-0.135,-0.001,-0.000,-0.001
-90.503,0.050,1.625,-9.798,-0.010,-0.126,0.001,-0.000,-0.000
-90.495,0.047,1.625,-9.800,-0.004,-0.074,0.000,0.001,-0.000
-90.455,0.043,1.625,-9.798,-0.001,-0.017,-0.000,0.000,0.000
-90.400,0.040,1.626,-9.803,-0.002,0.007,-0.001,0.001,0.001
-90.381,0.038,1.627,-9.805,-0.003,-0.037,-0.002,0.001,0.000
-90.367,0.032,1.628,-9.785,0.004,-0.042,-0.002,0.000,-0.000
-90.374,0.030,1.628,-9.787,-0.003,-0.075,-0.001,-0.000,0.000
-90.407,0.034,1.629,-9.789,-0.012,-0.116,-0.001,0.001,-0.000
-90.441,0.038,1.629,-9.799,-0.013,-0.125,0.000,0.002,-0.000
-90.442,0.037,1.628,-9.798,-0.005,-0.075,0.001,-0.001,-0.000
-90.447,0.036,1.628,-9.787,-0.004,-0.081,0.000,-0.002,0.000
-90.464,0.037,1.627,-9.805,-0.008,-0.101,0.000,-0.003,-0.000
-90.482,0.041,1.626,-9.807,-0.014,-0.104,0.003,-0.007,-0.001
-90.486,0.056,1.621,-9.805,-0.029,-0.074,0.008,-0.015,0.000
-90.501,0.062,1.613,-9.801,-0.020,-0.086,0.013,-0.021,0.000
-90.482,0.062,1.605,-9.770,-0.010,-0.034,0.014,-0.018,-0.001
-90.469,0.050,1.605,-9.784,0.007,-0.068,0.000,0.005,-0.000
-90.442,0.044,1.607,-9.798,0.001,-0.044,-0.003,0.007,-0.001
-90.398,0.043,1.607,-9.795,-0.007,-0.001,0.000,0.000,-0.001
-90.353,0.040,1.605,-9.794,-0.004,0.007,0.003,-0.006,-0.001
-90.317,0.040,1.603,-9.796,-0.008,0.007,0.003,-0.006,-0.001
-90.330,0.048,1.602,-9.798,-0.019,-0.070,0.002,-0.004,-0.001
-90.386,0.053,1.601,-9.793,-0.017,-0.141,0.002,-0.003,-0.001
-90.448,0.051,1.598,-9.793,-0.008,-0.166,0.005,-0.005,-0.001
-90.491,0.052,1.595,-9.800,-0.011,-0.138,0.005,-0.007,-0.001
-90.505,0.057,1.590,-9.799,-0.017,-0.094,0.007,-0.011,-0.000
-90.511,0.060,1.582,-9.812,-0.016,-0.077,0.014,-0.021,0.000
-0.573,0.001,0.000,-9.805,-0.016,-0.095,0.001,0.001,0.000
-6.296,0.007,0.000,-9.808,-0.008,-0.072,0.002,0.002,0.001
-11.986,0.025,-0.001,-9.780,-0.031,0.004,0.001,0.001,0.001
-18.184,0.029,-0.004,-9.812,-0.005,-0.332,0.003,0.003,-0.000
-23.595,0.019,-0.008,-9.823,0.020,0.138,0.005,0.004,-0.001
-29.322,0.008,-0.010,-9.809,0.016,0.164,0.001,0.002,-0.000
-34.808,0.020,-0.011,-9.817,-0.019,0.015,0.000,0.000,-0.000
-39.364,0.008,-0.012,-9.816,0.017,0.429,-0.002,-0.003,-0.000
-44.135,-0.009,-0.008,-9.819,0.020,0.247,-0.008,-0.005,0.001
-48.722,0.005,-0.004,-9.762,-0.027,-0.140,-0.009,-0.005,0.000
-53.027,0.024,-0.002,-9.789,-0.033,-0.314,-0.005,0.002,0.001
-56.992,0.023,-0.002,-9.843,-0.004,-0.357,-0.003,0.005,0.000
-60.633,0.056,-0.006,-9.810,-0.053,-0.400,0.002,0.005,-0.000
-63.801,0.038,-0.011,-9.819,0.020,-0.141,0.005,0.002,-0.001
-66.079,0.037,-0.013,-9.820,-0.004,0.473,0.000,-0.000,-0.000
-68.556,0.034,-0.012,-9.805,-0.001,0.135,-0.003,-0.001,0.001
-70.969,0.044,-0.014,-9.813,-0.020,-0.183,0.000,-0.001,0.001
-73.027,0.044,-0.016,-9.791,-0.007,-0.004,0.001,-0.001,0.001
-75.003,0.050,-0.017,-9.820,-0.016,-0.223,-0.001,0.000,-0.000
-76.713,0.062,-0.020,-9.816,-0.028,-0.129,0.001,0.001,-0.001
-78.110,0.056,-0.023,-9.805,-0.002,0.082,0.003,0.001,-0.000
-79.260,0.044,-0.024,-9.806,0.012,0.051,0.001,0.001,-0.001
-80.392,0.032,-0.025,-9.811,0.011,0.066,-0.001,0.001,0.001
-81.495,0.041,-0.025,-9.822,-0.019,-0.081,-0.000,-0.000,0.001
-82.458,0.049,-0.026,-9.804,-0.018,-0.047,0.001,-0.001,0.000
-83.182,0.035,-0.027,-9.801,0.015,0.048,-0.000,-0.001,0.000
-83.997,0.035,-0.027,-9.806,-0.007,-0.105,-0.001,0.001,-0.001
-84.665,0.036,-0.027,-9.826,-0.007,-0.016,0.001,0.001,0.000
-85.234,0.042,-0.028,-9.801,-0.015,0.026,0.001,0.001,0.000
-85.725,0.043,-0.028,-9.814,-0.009,-0.025,-0.000,-0.001,0.000
-86.139,0.047,-0.028,-9.816,-0.013,0.087,-0.001,-0.001,0.001
-86.604,0.045,-0.028,-9.815,-0.005,-0.062,-0.000,-0.001,0.000
-86.989,0.050,-0.029,-9.813,-0.015,-0.017,0.000,-0.001,-0.000
-87.276,0.045,-0.028,-9.801,-0.001,0.070,-0.002,-0.001,0.000
-87.586,0.050,-0.027,-9.783,-0.016,-0.016,-0.002,0.000,0.000
-87.828,0.043,-0.027,-9.803,0.002,0.034,-0.001,0.002,0.001
-88.083,0.048,-0.026,-9.826,-0.015,-0.065,-0.002,0.000,0.000
-88.327,0.049,-0.025,-9.820,-0.011,-0.052,-0.002,0.000,-0.001
-88.470,0.045,-0.024,-9.820,-0.002,0.063,-0.002,-0.000,-0.000
-88.618,0.045,-0.022,-9.807,-0.008,0.032,-0.002,-0.000,-0.000
-88.710,0.042,-0.020,-9.803,-0.003,0.092,-0.004,0.000,0.001
-88.876,0.048,-0.017,-9.813,-0.016,-0.039,-0.005,0.002,0.000
-89.070,0.057,-0.015,-9.816,-0.021,-0.111,-0.003,0.002,0.001
-89.213,0.064,-0.014,-9.825,-0.022,-0.086,-0.002,-0.000,0.001
-89.359,0.062,-0.014,-9.808,-0.007,-0.093,-0.001,0.001,0.000
-89.427,0.060,-0.013,-9.813,-0.007,0.003,-0.001,0.001,0.000
-89.524,0.061,-0.012,-9.813,-0.011,-0.053,-0.001,0.001,0.000
-89.575,0.060,-0.012,-9.814,-0.010,0.001,-0.001,0.001,0.000
-89.598,0.058,-0.011,-9.805,-0.006,0.033,-0.002,0.001,0.000
-89.644,0.049,-0.010,-9.818,0.004,-0.004,-0.002,0.001,-0.001
-89.671,0.054,-0.008,-9.817,-0.017,0.020,-0.002,-0.000,-0.000
-89.701,0.050,-0.007,-9.811,-0.004,0.008,-0.002,0.001,-0.000
-89.717,0.049,-0.005,-9.804,-0.007,0.023,-0.003,0.002,0.001
-89.739,0.042,-0.003,-9.811,0.004,0.008,-0.003,0.002,0.000
-89.774,0.039,-0.000,-9.805,-0.003,-0.011,-0.005,0.002,0.000
-89.803,0.038,0.002,-9.817,-0.005,-0.006,-0.004,-0.000,0.000
-89.813,0.037,0.004,-9.811,-0.004,0.020,-0.004,-0.001,0.001
-89.785,0.037,0.007,-9.808,-0.008,0.079,-0.005,-0.000,-0.000
-89.754,0.037,0.012,-9.799,-0.006,0.086,-0.007,-0.000,-0.000
-89.744,0.043,0.016,-9.794,-0.014,0.056,-0.007,0.001,0.001
-89.757,0.043,0.020,-9.818,-0.008,0.020,-0.008,0.002,0.000
-89.797,0.040,0.025,-9.816,-0.002,-0.020,-0.008,0.000,0.000
-89.835,0.047,0.030,-9.815,-0.018,-0.031,-0.008,-0.000,0.000
-89.818,0.048,0.035,-9.810,-0.010,0.057,-0.008,-0.002,-0.001
-89.765,0.042,0.041,-9.789,0.001,0.114,-0.010,-0.001,-0.000
-89.699,0.037,0.048,-9.802,0.001,0.150,-0.012,0.003,0.000
-89.666,0.027,0.056,-9.815,0.010,0.100,-0.012,0.004,0.000
-89.719,0.030,0.063,-9.825,-0.011,-0.036,-0.013,0.003,-0.000
-89.735,0.030,0.071,-9.824,-0.004,0.023,-0.013,-0.001,-0.000
-89.707,0.032,0.079,-9.804,-0.009,0.096,-0.015,-0.003,0.000
-89.653,0.032,0.090,-9.786,-0.004,0.136,-0.017,-0.001,0.001
-89.592,0.031,0.102,-9.797,-0.004,0.153,-0.019,0.001,0.001
-89.571,0.028,0.113,-9.819,0.001,0.103,-0.020,0.002,0.000
-89.611,0.035,0.126,-9.818,-0.016,0.011,-0.021,0.002,0.001
-89.644,0.032,0.139,-9.844,0.001,0.011,-0.022,-0.001,0.001
-89.631,0.029,0.153,-9.816,-0.001,0.086,-0.022,-0.004,0.000
-89.555,0.025,0.167,-9.811,0.004,0.196,-0.025,-0.003,0.001
-89.497,0.016,0.184,-9.800,0.010,0.166,-0.027,-0.001,0.001
-89.502,0.018,0.200,-9.817,-0.005,0.076,-0.028,0.002,0.002
-89.566,0.021,0.218,-9.829,-0.007,-0.015,-0.028,0.001,0.001
-89.638,0.033,0.234,-9.818,-0.022,-0.048,-0.028,-0.000,0.001
-89.667,0.040,0.252,-9.811,-0.017,0.019,-0.029,-0.002,0.000
-89.680,0.041,0.270,-9.790,-0.009,0.041,-0.029,-0.003,0.000
-89.698,0.036,0.287,-9.796,0.002,0.025,-0.030,-0.001,0.001
-89.706,0.029,0.307,-9.817,0.006,0.039,-0.030,0.000,0.001
-89.780,0.029,0.324,-9.811,-0.006,-0.076,-0.030,-0.000,0.000
-89.855,0.040,0.341,-9.839,-0.022,-0.078,-0.028,-0.001,0.000
-89.937,0.038,0.357,-9.822,-0.001,-0.114,-0.027,-0.003,0.001
-90.040,0.047,0.373,-9.810,-0.020,-0.145,-0.026,-0.004,0.001
-90.093,0.044,0.388,-9.815,-0.004,-0.087,-0.024,-0.003,0.000
-90.160,0.041,0.403,-9.800,-0.002,-0.120,-0.023,-0.000,0.000
-90.222,0.045,0.415,-9.798,-0.013,-0.135,-0.021,0.003,-0.000
-90.311,0.051,0.427,-9.824,-0.018,-0.180,-0.020,0.003,0.000
-90.477,0.062,0.437,-9.827,-0.026,-0.340,-0.016,0.002,0.000
-90.611,0.070,0.444,-9.834,-0.024,-0.290,-0.012,-0.000,0.000
-90.696,0.072,0.450,-9.809,-0.014,-0.235,-0.010,-0.002,-0.000
-90.727,0.073,0.454,-9.800,-0.014,-0.167,-0.006,-0.000,0.000
-90.742,0.075,0.456,-9.814,-0.015,-0.153,-0.003,0.002,-0.000
-90.756,0.071,0.458,-9.814,-0.007,-0.150,-0.002,0.001,-0.000
-90.769,0.068,0.458,-9.824,-0.008,-0.152,0.000,0.002,-0.000
-90.743,0.073,0.457,-9.809,-0.020,-0.088,0.001,0.001,-0.000
-90.688,0.076,0.455,-9.804,-0.017,-0.044,0.002,0.002,-0.001
-90.640,0.074,0.454,-9.805,-0.010,-0.038,0.002,0.003,-0.000
-90.574,0.072,0.452,-9.826,-0.010,-0.009,0.003,0.002,-0.000
-90.466,0.068,0.450,-9.820,-0.007,0.069,0.003,0.002,-0.001
-90.361,0.064,0.450,-9.815,-0.004,0.099,0.001,0.001,0.000
-90.235,0.058,0.450,-9.825,-0.001,0.134,0.000,-0.001,0.000
-90.104,0.052,0.450,-9.814,0.001,0.186,-0.001,-0.002,-0.000
-90.032,0.050,0.453,-9.814,-0.005,0.097,-0.004,-0.003,0.000
-90.028,0.047,0.455,-9.816,-0.004,0.007,-0.004,-0.004,0.000
-90.031,0.047,0.458,-9.814,-0.008,-0.007,-0.004,-0.004,-0.000
-90.093,0.050,0.459,-9.804,-0.013,-0.098,-0.003,-0.004,-0.000
-90.175,0.056,0.460,-9.809,-0.020,-0.155,-0.001,-0.002,-0.000
-90.240,0.051,0.460,-9.803,-0.001,-0.131,0.001,0.000,-0.001
-90.299,0.053,0.458,-9.807,-0.013,-0.134,0.003,0.001,-0.000
-90.289,0.060,0.456,-9.812,-0.021,-0.037,0.003,0.003,0.000
-90.252,0.058,0.454,-9.831,-0.007,0.006,0.003,0.003,-0.000
-90.203,0.054,0.453,-9.825,-0.005,0.038,0.003,0.002,-0.001
-90.145,0.054,0.452,-9.816,-0.008,0.053,0.002,0.002,0.000
-90.089,0.055,0.451,-9.828,-0.012,0.071,0.001,0.002,-0.000
-90.028,0.054,0.451,-9.817,-0.008,0.079,0.001,0.000,0.000
-89.942,0.051,0.452,-9.831,-0.004,0.144,-0.001,-0.001,0.000
-89.898,0.038,0.453,-9.823,0.012,0.081,-0.003,-0.002,0.000
-89.864,0.032,0.456,-9.820,0.002,0.078,-0.004,-0.003,-0.001
-89.879,0.034,0.459,-9.810,-0.008,0.004,-0.005,-0.004,-0.000
-89.914,0.041,0.462,-9.801,-0.018,-0.031,-0.005,-0.003,-0.000
-89.979,0.047,0.464,-9.810,-0.017,-0.093,-0.004,-0.003,-0.000
-89.804,0.030,0.467,-9.768,0.018,0.269,-0.004,0.006,-0.000
-89.705,0.023,0.471,-9.807,0.006,0.179,-0.007,0.008,-0.000
-89.844,0.040,0.473,-9.820,-0.033,-0.193,-0.004,0.006,0.000
-89.919,0.040,0.474,-9.869,-0.007,-0.093,-0.002,0.002,-0.001
-89.830,0.024,0.476,-9.822,0.017,0.154,-0.002,-0.002,-0.000
-89.816,0.025,0.478,-9.814,-0.005,0.057,-0.004,-0.003,0.000
-89.824,0.024,0.480,-9.820,-0.004,0.022,-0.003,-0.004,0.000
-89.835,0.025,0.483,-9.818,-0.005,0.014,-0.004,-0.002,-0.000
-89.930,0.026,0.484,-9.817,-0.007,-0.119,-0.003,-0.002,0.000
-89.829,0.036,0.487,-9.762,-0.020,0.168,-0.003,0.001,-0.000
-89.727,0.025,0.490,-9.800,0.014,0.199,-0.005,0.005,0.001
-89.848,0.036,0.491,-9.822,-0.020,-0.147,-0.003,0.006,0.001
-89.838,0.032,0.492,-9.857,0.001,0.039,-0.001,0.004,0.000
-89.801,0.023,0.494,-9.829,0.008,0.087,-0.002,-0.001,0.000
-89.810,0.028,0.496,-9.832,-0.014,0.020,-0.004,-0.003,-0.000
-89.673,0.017,0.500,-9.817,0.014,0.253,-0.006,-0.006,0.001
-89.664,0.025,0.504,-9.807,-0.017,0.078,-0.008,-0.006,0.000
-89.490,0.017,0.510,-9.745,0.008,0.327,-0.008,-0.002,0.000
-89.374,0.018,0.517,-9.795,-0.004,0.283,-0.013,0.003,0.001
-89.500,0.026,0.525,-9.808,-0.014,-0.092,-0.013,0.004,0.001
-89.588,0.037,0.531,-9.846,-0.020,-0.056,-0.010,0.004,0.001
-89.737,0.033,0.536,-9.823,0.000,-0.183,-0.009,-0.001,-0.000
-89.895,0.040,0.541,-9.806,-0.016,-0.201,-0.008,-0.001,0.001
-89.988,0.040,0.545,-9.835,-0.007,-0.126,-0.006,-0.001,0.001
-90.180,0.052,0.546,-9.810,-0.026,-0.329,-0.002,0.001,0.001
-90.296,0.062,0.544,-9.805,-0.024,-0.214,0.002,0.004,0.001
-90.336,0.058,0.541,-9.799,-0.004,-0.124,0.004,0.005,0.001
-90.431,0.061,0.538,-9.809,-0.013,-0.210,0.006,0.006,0.000
-90.386,0.056,0.533,-9.810,-0.004,-0.002,0.007,0.005,-0.000
-90.182,0.047,0.530,-9.805,0.004,0.246,0.006,0.005,-0.000
-90.108,0.047,0.527,-9.819,-0.007,0.092,0.004,0.004,0.000
-90.053,0.045,0.525,-9.825,-0.005,0.064,0.003,0.003,-0.000
-89.910,0.030,0.525,-9.816,0.018,0.236,0.001,-0.000,-0.000
-89.805,0.021,0.526,-9.819,0.008,0.180,-0.002,-0.001,-0.001
-89.812,0.021,0.528,-9.819,-0.005,0.023,-0.003,-0.002,-0.000
-89.784,0.023,0.530,-9.818,-0.007,0.079,-0.004,-0.003,-0.000
-89.825,0.022,0.533,-9.816,-0.002,-0.023,-0.005,-0.003,0.000
-89.955,0.030,0.536,-9.807,-0.018,-0.191,-0.004,-0.002,0.000
-90.058,0.043,0.536,-9.798,-0.026,-0.151,-0.001,-0.001,0.000
-90.136,0.048,0.535,-9.793,-0.015,-0.133,0.001,0.002,0.000
-90.261,0.055,0.533,-9.809,-0.020,-0.242,0.004,0.004,0.000
-90.357,0.061,0.528,-9.799,-0.019,-0.199,0.007,0.006,-0.001
-90.353,0.067,0.524,-9.804,-0.020,-0.061,0.008,0.007,0.000
-90.331,0.067,0.518,-9.793,-0.012,-0.034,0.009,0.008,0.000
-90.283,0.058,0.513,-9.808,0.004,0.019,0.010,0.007,0.001
-90.146,0.045,0.507,-9.817,0.011,0.158,0.009,0.006,0.000
-90.033,0.042,0.504,-9.812,-0.003,0.164,0.006,0.005,-0.000
-89.926,0.030,0.502,-9.815,0.011,0.158,0.004,0.003,-0.000
-89.813,0.025,0.500,-9.817,0.004,0.205,0.002,0.001,0.000
-89.773,0.020,0.501,-9.811,0.005,0.100,-0.001,-0.001,0.001
-89.801,0.024,0.502,-9.816,-0.010,-0.004,-0.001,-0.001,0.000
-89.822,0.024,0.502,-9.803,-0.003,0.004,-0.001,-0.001,-0.000
-89.857,0.029,0.502,-9.815,-0.013,-0.028,-0.000,-0.002,0.001
-89.963,0.038,0.502,-9.807,-0.019,-0.141,0.000,-0.000,-0.000
-90.048,0.041,0.501,-9.807,-0.010,-0.127,0.002,0.001,-0.000
-90.081,0.043,0.499,-9.810,-0.011,-0.067,0.003,0.003,0.000
-90.124,0.045,0.496,-9.813,-0.010,-0.084,0.004,0.003,0.000
-90.119,0.044,0.493,-9.805,-0.006,-0.017,0.005,0.003,0.000
-90.063,0.037,0.490,-9.784,0.002,0.063,0.005,0.004,-0.001
-90.004,0.052,0.488,-9.822,-0.032,0.089,0.004,0.003,-0.000
-89.958,0.029,0.486,-9.814,0.028,0.069,0.002,0.002,0.001
-89.870,0.038,0.486,-9.814,-0.020,0.157,0.001,0.000,0.000
-89.797,0.029,0.486,-9.801,0.009,0.148,-0.000,-0.000,-0.000
-89.784,0.038,0.487,-9.836,-0.019,0.057,-0.002,-0.001,0.001
-89.768,0.034,0.489,-9.825,0.000,0.067,-0.002,-0.003,-0.000
-89.766,0.037,0.491,-9.819,-0.010,0.046,-0.003,-0.004,-0.000
-89.814,0.034,0.492,-9.813,-0.003,-0.031,-0.003,-0.003,-0.001
-89.842,0.039,0.495,-9.808,-0.013,-0.008,-0.003,-0.004,0.000
-89.885,0.038,0.496,-9.798,-0.006,-0.045,-0.003,-0.002,0.000
-89.973,0.052,0.497,-9.804,-0.027,-0.116,-0.001,-0.001,0.000
-90.019,0.051,0.496,-9.813,-0.007,-0.068,0.001,0.000,-0.000
-90.040,0.048,0.496,-9.814,-0.005,-0.039,0.001,0.000,0.000
-90.121,0.130,0.495,-9.667,-0.133,-0.129,0.002,-0.002,-0.001
-90.116,0.116,0.494,-9.792,0.001,-0.012,0.002,0.000,0.000
-90.116,0.125,0.493,-9.785,-0.034,-0.020,0.001,-0.000,-0.000
-90.070,0.127,0.493,-9.795,-0.025,0.053,0.001,-0.001,0.000
-90.053,0.127,0.492,-9.806,-0.021,0.018,0.002,-0.001,-0.000
-90.034,0.118,0.491,-9.807,-0.008,0.019,0.001,0.000,-0.000
-90.020,0.115,0.491,-9.802,-0.016,0.018,0.000,0.001,-0.000
-90.029,0.104,0.490,-9.803,-0.003,-0.017,0.001,0.000,0.000
-90.015,0.103,0.490,-9.812,-0.014,0.017,0.000,0.000,0.001
-90.000,0.097,0.490,-9.800,-0.010,0.020,0.001,0.001,-0.001
-90.005,0.093,0.490,-9.808,-0.009,-0.008,0.000,0.000,0.000
-89.997,0.081,0.490,-9.816,0.003,0.011,0.000,0.000,0.000
-89.987,0.081,0.490,-9.812,-0.014,0.018,-0.000,0.000,-0.000
-90.008,0.079,0.490,-9.816,-0.010,-0.034,0.000,0.001,-0.000
-90.016,0.070,0.489,-9.807,0.000,-0.014,0.001,0.001,-0.001
-90.010,0.064,0.489,-9.811,-0.003,0.004,0.001,0.001,-0.000
-90.030,0.062,0.488,-9.801,-0.008,-0.035,0.001,0.000,0.001
-90.041,0.066,0.488,-9.796,-0.017,-0.023,0.001,0.000,0.000
-90.004,0.051,0.487,-9.809,0.015,0.055,0.001,0.001,0.000
-90.036,0.053,0.486,-9.807,-0.012,-0.056,0.001,0.001,0.000
-90.081,0.053,0.485,-9.803,-0.009,-0.079,0.002,0.002,0.000
-90.067,0.055,0.483,-9.804,-0.013,0.009,0.004,0.001,0.000
-90.106,0.058,0.481,-9.810,-0.013,-0.075,0.003,0.002,-0.000
-90.134,0.057,0.479,-9.823,-0.010,-0.069,0.004,0.003,0.000
-90.114,0.054,0.477,-9.828,-0.004,0.006,0.004,0.003,0.000
-90.096,0.053,0.474,-9.819,-0.009,0.008,0.004,0.003,-0.001
-90.075,0.050,0.471,-9.823,-0.004,0.013,0.004,0.003,0.000
-90.020,0.042,0.469,-9.810,0.005,0.078,0.004,0.003,0.000
-89.959,0.036,0.468,-9.809,0.002,0.090,0.003,0.003,0.000
-89.931,0.033,0.467,-9.814,-0.001,0.053,0.002,0.002,0.000
-89.917,0.028,0.466,-9.811,0.002,0.034,0.001,0.001,-0.000
-89.917,0.023,0.466,-9.805,0.004,0.013,0.000,0.001,0.000
-89.923,0.028,0.466,-9.804,-0.013,0.003,0.001,0.001,0.000
-89.947,0.033,0.465,-9.806,-0.013,-0.028,0.001,0.000,0.000
-89.993,0.041,0.464,-9.807,-0.018,-0.064,0.001,0.001,0.000
-90.010,0.042,0.463,-9.809,-0.008,-0.029,0.002,0.001,-0.000
-90.002,0.039,0.462,-9.817,-0.004,0.010,0.001,0.001,-0.000
-90.025,0.039,0.461,-9.827,-0.006,-0.038,0.002,0.001,-0.000
-90.029,0.035,0.459,-9.810,-0.001,-0.014,0.003,0.002,-0.001
-90.013,0.028,0.458,-9.812,0.005,0.020,0.003,0.001,0.000
-90.003,0.029,0.457,-9.817,-0.005,0.013,0.002,0.002,0.001
-89.995,0.036,0.455,-9.814,-0.017,0.011,0.002,0.002,0.000
-89.972,0.036,0.454,-9.817,-0.004,0.034,0.002,0.001,0.001
-89.966,0.030,0.453,-9.819,0.005,0.014,0.002,0.001,0.001
-89.967,0.025,0.452,-9.814,0.003,0.003,0.002,0.001,0.000
-89.955,0.027,0.451,-9.806,-0.007,0.025,0.002,0.001,0.001
-89.948,0.026,0.450,-9.817,-0.004,0.019,0.001,0.001,0.000
-89.942,0.025,0.450,-9.814,-0.003,0.017,0.000,0.001,-0.000
-89.944,0.021,0.450,-9.812,0.002,0.007,0.001,0.000,-0.000
-89.948,0.022,0.449,-9.813,-0.004,0.002,0.001,0.001,0.001
-89.950,0.019,0.449,-9.807,0.002,0.005,-0.000,0.001,0.000
-89.948,0.019,0.449,-9.808,-0.003,0.011,0.000,0.001,0.000
-89.953,0.021,0.449,-9.810,-0.007,0.000,0.001,0.001,0.000
-89.966,0.027,0.449,-9.808,-0.014,-0.014,0.000,0.000,0.000
-89.972,0.028,0.448,-9.809,-0.005,-0.005,0.001,0.001,-0.000
-89.961,0.031,0.447,-9.807,-0.011,0.023,0.002,0.001,-0.001
-89.957,0.033,0.446,-9.812,-0.008,0.013,0.001,0.001,-0.000
-89.962,0.036,0.446,-9.817,-0.011,-0.002,0.001,0.001,0.000
-89.967,0.044,0.445,-9.819,-0.019,-0.002,0.001,0.001,0.001
-89.965,0.044,0.445,-9.805,-0.007,0.007,0.001,0.001,0.000
-89.966,0.046,0.444,-9.816,-0.010,0.004,0.001,0.001,0.000
-89.968,0.046,0.443,-9.818,-0.008,0.002,0.002,0.001,0.000
-89.975,0.042,0.443,-9.810,-0.001,-0.007,0.001,0.001,0.000
-89.985,0.045,0.442,-9.811,-0.012,-0.013,0.001,0.001,0.001
-89.983,0.033,0.442,-9.809,0.011,0.005,0.001,0.000,0.000
-89.985,0.031,0.442,-9.811,-0.001,-0.002,0.000,0.001,0.000
-89.993,0.028,0.441,-9.812,-0.001,-0.012,0.001,0.001,-0.000
-89.990,0.032,0.441,-9.819,-0.011,0.005,0.001,0.001,-0.001
-89.995,0.038,0.440,-9.823,-0.015,-0.007,0.001,0.001,-0.000
-89.992,0.041,0.440,-9.814,-0.012,0.004,0.001,0.000,-0.000
-89.990,0.042,0.439,-9.811,-0.009,0.005,0.001,0.000,-0.001
-89.990,0.041,0.438,-9.801,-0.005,0.001,0.001,0.001,-0.000
-89.992,0.036,0.438,-9.810,0.001,-0.002,0.001,0.001,0.000
-89.992,0.033,0.438,-9.811,-0.001,0.001,0.001,0.001,0.001
-89.985,0.023,0.437,-9.801,0.012,0.013,0.001,0.001,0.000
-89.982,0.018,0.436,-9.801,0.004,0.005,0.001,0.001,0.000
-89.983,0.019,0.436,-9.813,-0.005,0.000,0.001,0.001,0.000
-89.993,0.022,0.436,-9.817,-0.008,-0.015,0.001,0.001,0.001
-89.988,0.019,0.435,-9.806,0.002,0.007,0.000,0.002,-0.000
-89.985,0.019,0.435,-9.808,-0.004,0.008,0.000,0.000,0.000
-89.990,0.025,0.434,-9.813,-0.012,-0.006,0.001,0.000,0.001
-89.993,0.027,0.434,-9.816,-0.008,-0.003,0.001,0.000,0.000
-89.999,0.023,0.433,-9.809,0.002,-0.008,0.001,0.001,-0.000
-90.003,0.027,0.433,-9.796,-0.010,-0.008,0.001,0.001,0.001
-90.004,0.025,0.432,-9.805,-0.001,-0.004,0.001,0.001,0.001
-90.008,0.023,0.431,-9.805,0.000,-0.009,0.002,0.001,0.001
-90.013,0.023,0.431,-9.805,-0.004,-0.008,0.001,0.000,0.000
-90.016,0.026,0.431,-9.811,-0.010,-0.008,0.000,0.001,0.000
-90.011,0.023,0.430,-9.814,0.000,0.003,0.000,0.001,-0.000
-90.011,0.018,0.430,-9.814,0.005,-0.002,0.001,-0.000,0.000
-90.011,0.025,0.430,-9.810,-0.015,-0.002,0.001,0.001,-0.000
-90.014,0.021,0.429,-9.814,0.002,-0.006,0.001,0.001,-0.000
-90.005,0.020,0.429,-9.813,-0.004,0.010,0.001,0.001,-0.001
-89.999,0.021,0.428,-9.815,-0.005,0.010,0.000,0.001,0.000
-90.000,0.029,0.428,-9.813,-0.016,-0.002,0.001,0.000,0.000
-90.007,0.037,0.427,-9.820,-0.017,-0.011,0.001,0.000,-0.000
-90.011,0.039,0.427,-9.807,-0.010,-0.008,0.001,0.001,0.000
-90.005,0.041,0.426,-9.817,-0.010,0.007,0.001,0.001,0.001
-90.001,0.042,0.426,-9.813,-0.009,0.006,0.001,0.001,0.000
-89.993,0.041,0.425,-9.813,-0.005,0.011,0.001,0.002,-0.000
-89.990,0.045,0.424,-9.801,-0.013,0.005,0.001,0.000,0.000
-89.996,0.046,0.424,-9.804,-0.009,-0.007,0.000,0.000,0.001
-90.000,0.049,0.423,-9.815,-0.013,-0.008,0.002,0.001,0.000
-90.002,0.050,0.423,-9.814,-0.010,-0.004,0.001,0.000,0.000
-89.999,0.051,0.422,-9.817,-0.011,0.005,0.001,0.000,-0.000
-89.991,0.049,0.422,-9.813,-0.006,0.011,0.001,0.001,0.000
-89.993,0.045,0.422,-9.806,-0.002,-0.002,0.000,0.000,-0.001
-90.002,0.044,0.421,-9.814,-0.005,-0.012,0.001,0.000,-0.001
-90.009,0.041,0.421,-9.816,-0.005,-0.012,0.001,0.000,-0.001
-90.008,0.035,0.421,-9.816,0.003,-0.002,0.000,0.001,-0.000
-90.003,0.035,0.420,-9.825,-0.007,0.007,0.001,0.001,-0.000
-89.997,0.030,0.420,-9.807,0.002,0.010,0.001,0.000,0.000
-89.995,0.032,0.419,-9.816,-0.009,0.002,0.001,0.002,0.000
-89.997,0.034,0.419,-9.809,-0.008,-0.003,0.000,0.001,-0.001
-90.007,0.033,0.419,-9.810,-0.005,-0.017,0.001,0.001,-0.001
-90.008,0.039,0.419,-9.815,-0.015,-0.002,0.000,-0.000,0.000
-90.004,0.039,0.418,-9.813,-0.006,0.004,0.001,0.001,0.001
-89.998,0.036,0.418,-9.813,-0.001,0.010,0.001,-0.000,0.001
-89.989,0.032,0.417,-9.815,0.001,0.015,0.001,0.001,0.000
-89.995,0.037,0.417,-9.814,-0.014,-0.008,0.000,0.001,0.000
-90.003,0.037,0.417,-9.805,-0.005,-0.012,0.001,0.000,0.001
-90.004,0.040,0.416,-9.818,-0.011,-0.002,0.001,0.001,-0.001
-90.000,0.034,0.415,-9.807,0.004,0.004,0.001,0.001,0.000
-89.996,0.034,0.415,-9.816,-0.005,0.007,0.001,0.000,0.000
-89.993,0.033,0.414,-9.816,-0.004,0.005,0.001,0.000,0.001
-90.002,0.038,0.414,-9.805,-0.015,-0.015,0.001,0.001,-0.000
-90.008,0.039,0.414,-9.800,-0.008,-0.010,0.000,0.001,-0.000
-90.005,0.041,0.413,-9.798,-0.008,0.001,0.001,0.001,0.000
-90.005,0.041,0.413,-9.802,-0.008,-0.002,0.001,0.001,-0.001
-90.009,0.043,0.412,-9.816,-0.011,-0.007,0.001,0.001,-0.000
-90.004,0.045,0.412,-9.810,-0.010,0.005,0.000,0.001,0.000
-90.002,0.041,0.412,-9.813,-0.001,0.002,0.001,0.001,0.000
-90.002,0.038,0.411,-9.817,-0.003,-0.002,0.001,0.001,-0.000
-90.003,0.040,0.410,-9.802,-0.010,-0.004,0.001,0.001,-0.000
-89.997,0.043,0.410,-9.808,-0.011,0.009,0.001,0.001,0.000
-89.991,0.044,0.410,-9.811,-0.010,0.010,0.000,0.001,-0.000
-89.992,0.048,0.409,-9.811,-0.014,-0.002,0.001,0.001,0.000
-89.997,0.050,0.408,-9.827,-0.011,-0.007,0.002,0.001,0.001
-90.000,0.049,0.407,-9.817,-0.007,-0.005,0.001,0.001,-0.000
-89.998,0.044,0.407,-9.819,-0.001,0.002,0.001,0.001,-0.000
-89.998,0.043,0.406,-9.811,-0.005,0.000,0.001,0.001,-0.000
-90.001,0.037,0.406,-9.813,0.002,-0.005,0.001,0.000,0.000
-90.002,0.036,0.406,-9.821,-0.005,-0.002,0.000,0.000,0.000
-90.001,0.033,0.406,-9.815,-0.001,0.001,0.000,0.001,-0.000
-90.002,0.037,0.405,-9.814,-0.012,-0.003,0.001,0.001,0.000
-90.005,0.039,0.405,-9.813,-0.010,-0.004,0.000,0.000,0.000
-90.000,0.037,0.405,-9.819,-0.003,0.007,0.000,0.000,0.000
-89.995,0.040,0.405,-9.823,-0.010,0.008,0.000,0.000,0.001
-89.994,0.037,0.404,-9.811,-0.001,0.002,0.001,0.000,0.000
-90.000,0.036,0.403,-9.807,-0.005,-0.010,0.001,0.000,-0.000
-90.006,0.038,0.403,-9.809,-0.009,-0.010,0.001,0.001,0.000
-90.005,0.030,0.403,-9.811,0.005,0.001,0.000,0.001,-0.000
-90.001,0.026,0.402,-9.807,0.002,0.005,0.001,0.000,0.000
-89.993,0.019,0.401,-9.808,0.008,0.014,0.001,0.001,0.000
-89.985,0.005,0.401,-9.818,0.019,0.013,0.001,0.001,0.001
-89.992,0.005,0.401,-9.826,-0.001,-0.010,-0.000,0.000,0.001
-90.001,0.011,0.401,-9.813,-0.009,-0.015,-0.000,0.001,0.001
-90.005,0.017,0.401,-9.809,-0.011,-0.008,0.000,0.001,0.000
-90.002,0.017,0.400,-9.819,-0.003,0.004,0.001,0.000,0.001
-89.995,0.017,0.400,-9.814,-0.002,0.011,0.001,-0.000,0.001
-89.991,0.019,0.399,-9.814,-0.005,0.007,0.001,0.001,0.000
-89.990,0.028,0.398,-9.813,-0.017,0.002,0.001,0.002,0.000
-89.991,0.033,0.398,-9.822,-0.013,-0.002,0.001,0.001,-0.000
-89.990,0.037,0.397,-9.817,-0.012,0.004,0.001,0.000,0.000
-89.993,0.038,0.397,-9.814,-0.008,-0.006,0.000,0.001,-0.000
-89.997,0.038,0.396,-9.818,-0.006,-0.006,0.001,0.001,0.001
-89.995,0.038,0.395,-9.808,-0.007,0.005,0.002,0.001,0.001
-89.987,0.038,0.394,-9.816,-0.005,0.012,0.001,0.000,0.000
-89.990,0.032,0.394,-9.814,0.003,-0.002,0.001,-0.000,0.000
-89.999,0.030,0.393,-9.815,-0.002,-0.013,0.001,0.001,-0.000
-90.004,0.032,0.392,-9.810,-0.009,-0.009,0.002,0.002,-0.000
-89.996,0.037,0.391,-9.811,-0.013,0.010,0.001,0.001,0.001
-89.989,0.041,0.391,-9.810,-0.012,0.012,0.001,0.001,0.000
-89.995,0.041,0.390,-9.808,-0.008,-0.007,0.001,0.001,-0.000
-90.000,0.042,0.389,-9.808,-0.008,-0.008,0.001,0.001,0.001
-90.004,0.044,0.389,-9.808,-0.009,-0.008,0.001,0.001,0.001
-90.003,0.044,0.388,-9.804,-0.007,0.001,0.001,0.000,0.001
-90.003,0.044,0.388,-9.811,-0.008,0.000,0.000,0.000,0.000
-90.006,0.048,0.388,-9.807,-0.013,-0.005,0.001,0.000,0.000
-90.006,0.056,0.388,-9.814,-0.021,-0.002,0.001,0.001,0.000
-90.008,0.052,0.387,-9.802,-0.004,-0.005,0.001,0.000,-0.000
-90.005,0.051,0.387,-9.806,-0.006,0.002,0.001,0.001,0.000
-90.003,0.050,0.386,-9.811,-0.008,0.002,0.001,0.001,0.000
-90.000,0.045,0.386,-9.809,0.000,0.002,0.001,0.001,0.001
-89.997,0.040,0.385,-9.819,0.002,0.005,0.001,0.001,0.000
-89.995,0.039,0.385,-9.805,-0.004,0.002,0.000,0.001,0.000
-90.003,0.037,0.385,-9.806,-0.003,-0.013,-0.000,0.001,0.001
-90.007,0.038,0.385,-9.807,-0.008,-0.006,0.000,0.000,0.000
-90.003,0.041,0.385,-9.802,-0.011,0.004,0.000,0.000,0.000
-90.000,0.041,0.384,-9.801,-0.005,0.004,0.000,0.000,0.001
-90.006,0.036,0.384,-9.813,0.001,-0.011,0.001,0.001,-0.000
-90.010,0.031,0.384,-9.808,0.002,-0.007,0.001,0.000,0.000
-90.008,0.029,0.383,-9.808,-0.001,0.001,0.001,0.001,0.001
-90.012,0.033,0.383,-9.817,-0.011,-0.007,0.000,0.000,0.000
-90.015,0.029,0.383,-9.807,0.000,-0.010,0.001,0.001,-0.000
-90.010,0.025,0.382,-9.811,0.002,0.005,0.000,0.001,0.001
-90.002,0.022,0.382,-9.806,0.000,0.011,0.001,0.001,-0.000
-90.002,0.027,0.382,-9.802,-0.013,-0.001,0.001,0.001,-0.001
-90.003,0.033,0.381,-9.808,-0.014,-0.003,0.000,0.001,0.001
-89.999,0.038,0.381,-9.810,-0.013,0.005,0.001,0.001,-0.000
-89.997,0.038,0.380,-9.804,-0.006,0.002,0.001,0.001,-0.000
-90.002,0.037,0.380,-9.814,-0.006,-0.008,0.000,0.001,-0.000
-90.004,0.038,0.380,-9.821,-0.007,-0.004,0.000,0.001,0.000
-90.013,0.033,0.380,-9.801,0.002,-0.016,0.000,0.001,0.000
-90.014,0.035,0.380,-9.802,-0.010,-0.003,0.000,-0.000,-0.000
-90.011,0.031,0.380,-9.810,0.000,0.001,0.000,0.001,0.000
-90.006,0.035,0.380,-9.810,-0.011,0.005,0.000,0.001,-0.000
-90.008,0.035,0.379,-9.817,-0.006,-0.005,0.000,0.001,0.000
-90.011,0.033,0.379,-9.813,-0.002,-0.008,0.001,0.002,0.001
-90.014,0.036,0.379,-9.798,-0.010,-0.007,0.000,0.001,-0.000
-90.015,0.032,0.379,-9.813,0.001,-0.005,0.000,0.001,-0.000
-90.009,0.027,0.378,-9.806,0.003,0.006,0.001,0.001,0.000
-90.000,0.030,0.378,-9.811,-0.011,0.014,0.000,0.001,-0.001
-89.997,0.026,0.377,-9.814,0.002,0.005,0.001,-0.000,0.000
-90.011,0.024,0.377,-9.807,-0.002,-0.023,0.001,0.000,0.000
-90.024,0.029,0.376,-9.810,-0.011,-0.023,0.001,-0.000,0.000
-90.025,0.028,0.376,-9.818,-0.004,-0.005,0.001,0.000,0.000
-90.020,0.026,0.376,-9.814,-0.002,0.004,0.000,0.000,-0.002
-90.008,0.028,0.375,-9.807,-0.008,0.016,0.001,0.001,-0.000
-90.007,0.033,0.375,-9.811,-0.012,0.000,0.001,0.000,0.001
-90.009,0.031,0.375,-9.810,-0.002,-0.005,0.000,0.001,0.001
-90.015,0.028,0.374,-9.802,-0.001,-0.013,0.000,0.001,-0.000
-90.014,0.029,0.374,-9.816,-0.008,-0.002,0.000,0.001,-0.000
-90.006,0.030,0.374,-9.817,-0.007,0.011,0.001,0.000,-0.000
-89.994,0.024,0.374,-9.813,0.006,0.018,0.001,0.000,0.000
-89.999,0.023,0.373,-9.814,-0.002,-0.007,0.001,0.000,0.000
-90.010,0.024,0.372,-9.804,-0.005,-0.020,0.001,0.001,0.000
-90.011,0.027,0.372,-9.809,-0.008,-0.004,0.001,0.000,0.000
-90.006,0.030,0.371,-9.808,-0.011,0.007,0.001,0.000,-0.001
-90.005,0.033,0.370,-9.810,-0.010,0.001,0.001,0.000,-0.000
-90.001,0.033,0.370,-9.816,-0.006,0.005,0.000,0.001,-0.000
-90.007,0.027,0.369,-9.817,0.003,-0.011,0.001,0.001,-0.000
-90.014,0.028,0.368,-9.825,-0.005,-0.014,0.002,0.001,0.000
-90.023,0.029,0.367,-9.825,-0.007,-0.016,0.002,0.001,-0.000
-90.020,0.031,0.367,-9.809,-0.010,0.000,-0.000,0.000,0.000
-90.010,0.037,0.367,-9.803,-0.014,0.012,0.000,0.000,-0.000
-90.003,0.038,0.367,-9.810,-0.009,0.010,0.000,0.001,-0.001
-90.008,0.031,0.367,-9.817,0.005,-0.008,0.000,0.000,-0.000
-90.008,0.032,0.366,-9.812,-0.008,-0.002,0.001,-0.000,0.000
-90.013,0.034,0.366,-9.804,-0.008,-0.008,0.001,-0.000,0.000
-90.011,0.032,0.366,-9.802,-0.002,0.001,0.000,0.000,-0.000
-90.004,0.033,0.366,-9.810,-0.007,0.009,0.000,-0.000,0.000
-90.003,0.034,0.365,-9.808,-0.008,0.000,0.000,0.000,0.000
-89.998,0.036,0.365,-9.817,-0.010,0.007,0.000,0.001,-0.000
-90.004,0.035,0.365,-9.811,-0.004,-0.010,0.001,0.000,-0.001
-90.006,0.036,0.364,-9.811,-0.008,-0.004,0.001,0.000,0.001
-90.007,0.042,0.364,-9.818,-0.016,-0.002,0.001,-0.000,-0.000
-89.997,0.040,0.364,-9.809,-0.005,0.013,0.001,0.000,-0.001
-89.997,0.033,0.363,-9.810,0.004,0.000,0.001,0.000,-0.000
-90.005,0.035,0.363,-9.813,-0.010,-0.013,0.001,-0.000,0.000
-90.007,0.039,0.362,-9.802,-0.012,-0.004,0.001,0.000,0.000
-90.004,0.034,0.362,-9.810,0.002,0.002,0.000,0.000,-0.000
-89.997,0.032,0.361,-9.813,-0.003,0.010,0.001,0.000,0.000
-89.993,0.039,0.361,-9.825,-0.018,0.008,-0.000,0.000,0.000
-89.992,0.044,0.361,-9.804,-0.015,0.002,0.000,0.000,0.000
-89.994,0.042,0.361,-9.822,-0.004,-0.003,0.001,0.001,0.000
-89.997,0.046,0.361,-9.817,-0.014,-0.004,0.001,0.000,0.000
-89.998,0.043,0.360,-9.805,-0.004,-0.002,0.001,0.001,0.001
-89.996,0.042,0.360,-9.804,-0.005,0.002,0.001,0.001,0.001
-89.988,0.039,0.359,-9.817,-0.001,0.014,0.001,0.001,0.001
-89.989,0.033,0.359,-9.815,0.003,-0.001,-0.000,0.000,0.000
-89.994,0.033,0.359,-9.803,-0.005,-0.006,0.001,-0.000,0.001
-90.000,0.035,0.358,-9.810,-0.008,-0.009,0.001,-0.000,-0.000
-90.003,0.031,0.357,-9.819,0.001,-0.004,0.001,-0.000,0.001
-89.996,0.031,0.357,-9.809,-0.005,0.011,0.000,0.000,0.001
-89.995,0.028,0.357,-9.805,-0.001,0.002,0.001,0.001,0.000
-89.996,0.026,0.357,-9.805,-0.001,-0.002,-0.000,0.001,0.000
-89.997,0.028,0.356,-9.806,-0.006,-0.002,0.001,0.001,0.001
-90.002,0.026,0.356,-9.801,-0.001,-0.009,0.001,0.001,0.000
-90.007,0.022,0.355,-9.805,0.002,-0.008,0.001,0.001,0.001
-90.001,0.019,0.354,-9.806,0.002,0.008,0.000,0.000,0.000
-89.991,0.017,0.354,-9.819,-0.001,0.014,0.001,0.001,-0.001
-89.987,0.014,0.353,-9.813,0.002,0.008,0.000,0.001,0.000
-89.989,0.018,0.353,-9.810,-0.008,-0.002,0.000,0.001,0.000
-90.003,0.018,0.353,-9.816,-0.003,-0.022,0.001,0.001,0.001
-90.002,0.020,0.352,-9.811,-0.008,0.001,0.001,-0.000,-0.000
-89.999,0.024,0.352,-9.816,-0.009,0.004,0.001,0.000,-0.001
-90.000,0.025,0.351,-9.813,-0.005,-0.002,0.001,0.000,0.000
-90.002,0.026,0.351,-9.802,-0.007,-0.003,0.001,0.000,0.000
-90.008,0.028,0.351,-9.810,-0.008,-0.010,0.001,0.001,-0.000
-90.013,0.027,0.350,-9.813,-0.002,-0.011,0.001,0.000,-0.000
-90.015,0.029,0.350,-9.816,-0.009,-0.006,0.001,0.000,-0.001
-90.013,0.033,0.349,-9.814,-0.011,0.001,0.001,0.000,0.000
-90.011,0.030,0.348,-9.825,-0.001,-0.001,0.001,0.001,0.000
-90.013,0.030,0.348,-9.813,-0.005,-0.007,0.001,0.000,0.000
-90.018,0.030,0.348,-9.813,-0.004,-0.009,0.000,0.000,0.001
-90.026,0.035,0.347,-9.804,-0.014,-0.017,0.001,-0.000,-0.000
-90.028,0.036,0.347,-9.801,-0.008,-0.008,0.001,0.000,-0.000
-90.022,0.033,0.346,-9.808,-0.001,0.004,0.001,-0.000,-0.000
-90.016,0.028,0.346,-9.807,0.002,0.007,0.000,0.000,0.000
-90.016,0.022,0.345,-9.804,0.005,-0.002,0.001,0.000,0.000
-90.018,0.024,0.345,-9.813,-0.007,-0.007,0.001,0.001,0.001
-90.021,0.031,0.344,-9.811,-0.015,-0.009,0.001,0.001,-0.000
-90.023,0.035,0.343,-9.813,-0.012,-0.008,0.001,0.001,0.000
-90.015,0.040,0.343,-9.804,-0.014,0.009,0.001,0.001,-0.000
-90.009,0.041,0.343,-9.804,-0.009,0.005,0.001,0.001,-0.000
-90.016,0.047,0.342,-9.810,-0.017,-0.014,0.001,0.000,0.000
-90.019,0.048,0.341,-9.818,-0.010,-0.008,0.001,0.001,-0.001
-90.018,0.052,0.341,-9.810,-0.015,-0.002,0.001,0.001,0.000
-90.013,0.052,0.340,-9.808,-0.008,0.005,0.001,0.001,0.000
-90.010,0.050,0.340,-9.807,-0.005,0.002,0.001,0.001,0.000
-90.010,0.051,0.339,-9.807,-0.011,-0.002,0.001,0.001,0.000
-90.009,0.056,0.340,-9.815,-0.016,-0.002,-0.000,0.001,0.000
-90.010,0.062,0.339,-9.816,-0.020,-0.003,0.001,0.000,0.000
-90.005,0.057,0.338,-9.822,-0.002,0.008,0.001,-0.000,0.000
-90.003,0.054,0.338,-9.815,-0.004,0.001,0.001,0.001,0.000
-89.999,0.057,0.338,-9.814,-0.014,0.005,0.000,0.001,0.000
-90.001,0.057,0.337,-9.804,-0.010,-0.003,0.001,0.000,0.000
-90.000,0.058,0.336,-9.810,-0.011,0.002,0.001,0.001,0.000
-90.002,0.064,0.336,-9.818,-0.018,-0.004,0.001,-0.000,0.000
-90.013,0.064,0.335,-9.818,-0.012,-0.019,0.001,0.000,0.000
-90.014,0.060,0.334,-9.820,-0.004,-0.004,0.001,0.000,0.000
-90.010,0.058,0.333,-9.814,-0.007,0.004,0.001,0.000,0.000
-89.998,0.058,0.333,-9.810,-0.010,0.017,0.001,0.001,0.000
-90.005,0.056,0.333,-9.822,-0.006,-0.012,0.000,0.001,0.000
-90.012,0.055,0.332,-9.826,-0.008,-0.014,0.000,0.001,0.000
-90.017,0.058,0.332,-9.816,-0.015,-0.011,0.001,0.001,-0.000
-90.016,0.058,0.332,-9.817,-0.010,-0.002,0.000,0.000,-0.000
-90.008,0.055,0.332,-9.805,-0.004,0.011,0.001,0.000,0.000
-90.005,0.055,0.331,-9.805,-0.010,0.001,0.001,0.001,0.000
-90.008,0.055,0.330,-9.820,-0.008,-0.006,0.001,0.001,0.000
-90.015,0.056,0.329,-9.806,-0.011,-0.012,0.001,0.000,0.000
-90.011,0.056,0.329,-9.803,-0.011,0.003,0.001,0.000,-0.001
-90.014,0.048,0.328,-9.812,0.003,-0.005,0.001,-0.000,-0.000
-90.011,0.046,0.327,-9.804,-0.005,0.003,0.001,-0.000,0.000
-90.005,0.047,0.327,-9.808,-0.009,0.006,0.001,0.000,0.001
-90.008,0.050,0.326,-9.817,-0.013,-0.007,0.001,0.001,0.000
-90.007,0.052,0.326,-9.804,-0.011,0.000,0.001,0.001,0.000
-90.007,0.054,0.325,-9.813,-0.012,-0.002,0.001,0.001,0.000
-90.002,0.055,0.325,-9.807,-0.011,0.005,0.001,0.001,0.000
-89.997,0.055,0.324,-9.812,-0.009,0.010,0.001,-0.001,-0.000
-89.990,0.052,0.324,-9.819,-0.006,0.010,0.001,0.000,-0.001
-89.988,0.049,0.323,-9.810,-0.003,0.006,0.000,0.000,0.000
-89.984,0.047,0.323,-9.816,-0.005,0.007,0.001,0.001,-0.000
-89.986,0.054,0.323,-9.809,-0.020,-0.002,0.000,0.001,-0.000
-89.986,0.051,0.322,-9.809,-0.004,0.002,0.001,0.001,0.000
-89.987,0.051,0.321,-9.810,-0.008,-0.001,0.001,0.001,0.001
-89.993,0.053,0.321,-9.817,-0.013,-0.008,0.001,0.001,-0.000
-89.999,0.054,0.320,-9.814,-0.012,-0.010,0.001,0.001,-0.001
-90.006,0.055,0.320,-9.819,-0.011,-0.010,0.001,0.000,-0.001
-90.007,0.060,0.319,-9.815,-0.018,-0.004,0.001,0.000,-0.001
-90.004,0.062,0.319,-9.804,-0.015,0.003,0.001,0.001,-0.000
-90.006,0.063,0.318,-9.811,-0.013,-0.004,0.001,0.000,-0.000
-90.004,0.058,0.318,-9.828,-0.002,0.001,0.001,0.001,0.000
-90.005,0.052,0.318,-9.816,-0.001,-0.003,0.000,0.001,-0.000
-90.005,0.051,0.318,-9.812,-0.007,-0.002,0.000,0.001,0.000
-90.011,0.050,0.317,-9.811,-0.006,-0.010,0.001,-0.000,0.001
-90.012,0.048,0.316,-9.809,-0.006,-0.003,0.001,0.000,0.000
-90.007,0.047,0.315,-9.812,-0.005,0.006,0.001,0.000,0.001
-90.005,0.048,0.315,-9.811,-0.010,0.000,0.001,0.001,0.001
-90.006,0.047,0.315,-9.813,-0.006,-0.002,0.000,0.001,0.000
-90.004,0.045,0.314,-9.805,-0.005,0.001,0.001,0.001,0.001
-90.009,0.042,0.313,-9.805,-0.001,-0.010,0.001,0.000,0.001
-90.011,0.041,0.313,-9.803,-0.006,-0.005,0.001,0.000,0.000
-90.007,0.046,0.312,-9.802,-0.015,0.005,0.001,0.000,0.000
-90.008,0.040,0.311,-9.817,0.001,-0.002,0.001,0.000,0.000
-90.007,0.047,0.311,-9.811,-0.019,0.000,0.001,-0.000,-0.001
-90.012,0.043,0.310,-9.813,-0.002,-0.010,0.001,0.001,0.000
-90.018,0.041,0.310,-9.816,-0.003,-0.013,0.001,0.001,0.000
-90.019,0.040,0.309,-9.815,-0.006,-0.005,0.001,0.000,-0.000
-90.018,0.041,0.309,-9.815,-0.008,-0.003,0.000,0.001,-0.000
-90.012,0.035,0.308,-9.818,0.002,0.006,0.001,0.001,-0.000
-90.016,0.029,0.308,-9.813,0.004,-0.010,0.000,0.000,0.000
-90.020,0.027,0.308,-9.815,-0.002,-0.010,0.000,0.000,0.000
-90.023,0.035,0.307,-9.810,-0.016,-0.009,0.001,0.000,0.001
-90.021,0.034,0.307,-9.814,-0.005,-0.001,0.001,0.001,0.000
-90.017,0.027,0.306,-9.802,0.006,0.002,0.001,0.000,0.000
-90.018,0.032,0.305,-9.815,-0.012,-0.004,0.001,0.000,0.000
-90.020,0.033,0.305,-9.814,-0.007,-0.008,0.001,0.001,0.000
-90.016,0.031,0.305,-9.822,-0.001,0.002,0.001,0.001,0.000
-90.015,0.036,0.304,-9.817,-0.013,-0.002,0.000,0.001,0.001
-90.016,0.043,0.304,-9.813,-0.018,-0.004,0.001,0.001,0.000
-90.012,0.048,0.303,-9.812,-0.016,0.002,0.001,0.001,0.000
-90.006,0.054,0.302,-9.810,-0.017,0.009,0.001,0.000,0.000
-90.001,0.055,0.302,-9.815,-0.011,0.005,0.001,0.000,0.000
-90.002,0.058,0.302,-9.807,-0.014,-0.002,0.001,0.001,0.000
-90.007,0.062,0.301,-9.818,-0.016,-0.010,0.001,0.000,0.001
-90.008,0.061,0.301,-9.815,-0.008,-0.002,0.001,0.001,0.000
-90.006,0.059,0.300,-9.806,-0.008,0.000,0.002,0.001,-0.000
-90.007,0.064,0.299,-9.813,-0.020,-0.002,0.001,0.000,-0.001
-90.010,0.066,0.298,-9.811,-0.015,-0.008,0.001,0.002,-0.000
-90.012,0.064,0.298,-9.823,-0.007,-0.007,0.001,0.001,0.000
-90.014,0.059,0.297,-9.820,-0.003,-0.005,0.001,0.000,0.000
-90.013,0.061,0.297,-9.805,-0.013,-0.002,0.000,0.001,-0.000
-90.014,0.057,0.296,-9.811,-0.004,-0.004,0.001,0.000,0.001
-90.018,0.053,0.295,-9.810,-0.003,-0.010,0.001,0.001,-0.000
-90.024,0.054,0.295,-9.815,-0.011,-0.014,0.001,0.001,0.000
-90.027,0.054,0.294,-9.810,-0.010,-0.009,0.000,0.001,-0.000
-90.025,0.053,0.294,-9.813,-0.008,-0.002,0.000,0.001,0.000
-90.024,0.050,0.294,-9.795,-0.004,-0.002,0.001,0.000,0.000
-90.026,0.047,0.293,-9.808,-0.004,-0.010,0.001,0.001,-0.000
-90.024,0.049,0.292,-9.807,-0.011,-0.002,0.001,0.001,0.000
-90.024,0.050,0.292,-9.814,-0.010,-0.005,0.001,0.001,0.000
-90.023,0.051,0.291,-9.807,-0.009,-0.002,0.001,0.000,0.001
-90.022,0.051,0.291,-9.810,-0.007,-0.003,0.001,0.001,0.001
-90.025,0.052,0.290,-9.818,-0.011,-0.008,0.001,0.000,0.000
-90.025,0.048,0.290,-9.807,-0.001,-0.005,0.001,0.001,0.000
-90.023,0.043,0.289,-9.813,-0.001,-0.002,0.001,-0.000,0.000
-90.018,0.041,0.289,-9.818,-0.005,0.004,0.001,-0.000,-0.000
-90.019,0.042,0.288,-9.812,-0.009,-0.006,0.001,0.001,0.000
-90.024,0.043,0.288,-9.810,-0.009,-0.011,0.001,0.001,0.000
-90.023,0.039,0.287,-9.807,-0.001,-0.002,0.001,0.001,-0.000
-90.016,0.041,0.287,-9.808,-0.010,0.006,0.001,0.000,-0.000
-90.009,0.040,0.286,-9.816,-0.006,0.010,0.001,0.001,-0.000
-90.007,0.040,0.285,-9.819,-0.007,-0.001,0.002,0.001,0.000
-90.010,0.044,0.285,-9.807,-0.013,-0.005,0.000,0.000,0.000
-90.014,0.047,0.284,-9.810,-0.013,-0.009,0.001,0.000,0.001
-90.012,0.048,0.284,-9.808,-0.009,-0.001,0.001,0.001,-0.000
-90.008,0.050,0.284,-9.804,-0.012,0.004,0.000,0.000,0.000
-90.004,0.050,0.283,-9.805,-0.009,0.005,0.001,0.000,-0.000
-90.008,0.048,0.283,-9.806,-0.005,-0.007,0.001,0.000,0.000
-90.012,0.053,0.282,-9.803,-0.016,-0.010,0.001,0.001,-0.000
-90.013,0.057,0.281,-9.806,-0.016,-0.004,0.001,0.000,0.000
-90.009,0.063,0.281,-9.808,-0.021,0.005,0.001,0.001,-0.000
-90.003,0.061,0.280,-9.814,-0.008,0.007,0.001,0.001,-0.001
-89.998,0.062,0.280,-9.808,-0.011,0.007,0.000,0.001,-0.000
-89.998,0.062,0.280,-9.811,-0.011,0.001,0.000,0.000,0.000
-89.998,0.061,0.279,-9.801,-0.008,-0.001,0.001,0.001,0.000
-89.994,0.060,0.279,-9.810,-0.008,0.006,0.000,0.001,0.000
-89.988,0.059,0.279,-9.813,-0.009,0.010,0.001,0.001,-0.000
-89.986,0.061,0.278,-9.815,-0.014,0.004,0.001,0.001,0.000
-89.984,0.057,0.278,-9.813,-0.003,0.005,0.001,0.001,0.001
-89.983,0.052,0.277,-9.820,-0.002,0.004,0.001,0.000,-0.000
-89.986,0.048,0.277,-9.819,-0.002,-0.002,0.001,0.000,-0.000
-89.989,0.044,0.276,-9.811,-0.002,-0.002,0.001,-0.000,-0.000
-89.989,0.042,0.275,-9.813,-0.005,0.002,0.002,0.000,-0.000
-89.985,0.041,0.274,-9.811,-0.006,0.007,0.001,0.001,-0.000
-89.986,0.043,0.274,-9.816,-0.008,0.001,0.000,0.000,0.001
-89.990,0.046,0.274,-9.807,-0.012,-0.004,0.000,0.000,0.000
-89.993,0.051,0.274,-9.811,-0.016,-0.004,0.000,0.001,0.000
-90.002,0.046,0.273,-9.814,-0.001,-0.014,0.001,0.001,0.000
-90.000,0.045,0.273,-9.823,-0.007,0.002,0.001,0.001,-0.000
-89.998,0.042,0.273,-9.803,-0.004,0.004,0.001,0.000,-0.001
-89.997,0.038,0.272,-9.810,0.001,0.001,0.001,0.001,-0.000
-90.001,0.032,0.272,-9.805,0.001,-0.006,0.001,0.001,-0.000
-90.006,0.032,0.271,-9.810,-0.005,-0.010,0.001,0.001,-0.000
-90.006,0.031,0.270,-9.814,-0.005,-0.002,0.001,0.000,-0.000
-90.003,0.030,0.271,-9.814,-0.004,0.004,-0.000,0.001,-0.000
-90.004,0.029,0.270,-9.817,-0.004,-0.004,0.000,0.001,-0.000
-90.008,0.037,0.270,-9.811,-0.017,-0.008,0.001,0.001,0.000
-90.011,0.041,0.269,-9.815,-0.012,-0.007,0.001,0.001,0.000
-90.015,0.036,0.269,-9.807,0.000,-0.008,0.001,0.001,0.000
-90.015,0.032,0.269,-9.809,0.001,-0.004,0.000,0.001,-0.000
-90.016,0.032,0.268,-9.808,-0.006,-0.005,0.001,-0.001,0.000
-90.009,0.027,0.268,-9.810,0.002,0.008,0.001,0.000,0.000
-90.010,0.024,0.267,-9.812,0.000,-0.002,0.001,-0.001,-0.000
-90.008,0.027,0.266,-9.813,-0.008,0.001,0.001,0.001,0.000
-90.006,0.029,0.266,-9.817,-0.008,0.002,0.001,0.000,0.000
-90.004,0.035,0.266,-9.812,-0.015,0.002,0.000,-0.000,0.000
-90.004,0.028,0.265,-9.811,0.007,-0.001,0.001,0.001,0.000
-90.000,0.026,0.264,-9.818,-0.001,0.005,0.001,0.000,0.000
-89.999,0.031,0.264,-9.818,-0.014,0.001,0.000,0.000,0.000
-90.001,0.030,0.264,-9.809,-0.003,-0.002,0.001,0.000,0.000
-89.996,0.031,0.264,-9.807,-0.007,0.007,0.000,0.001,0.000
-89.991,0.035,0.264,-9.820,-0.012,0.009,0.000,0.001,-0.000
-89.985,0.034,0.263,-9.822,-0.005,0.009,0.001,0.001,0.000
-89.989,0.040,0.263,-9.805,-0.016,-0.005,0.001,0.000,-0.000
-89.993,0.044,0.262,-9.802,-0.013,-0.003,0.001,-0.000,0.000
-89.997,0.044,0.262,-9.819,-0.008,-0.007,0.001,-0.000,0.001
-89.994,0.043,0.261,-9.823,-0.005,0.005,0.001,0.001,0.000
-89.987,0.043,0.260,-9.821,-0.008,0.012,0.001,0.000,0.000
-89.986,0.044,0.260,-9.813,-0.007,0.003,0.001,0.001,0.001
-89.993,0.045,0.260,-9.806,-0.010,-0.010,0.000,0.001,0.000
-89.998,0.042,0.259,-9.813,-0.004,-0.007,0.001,0.001,-0.001
-89.994,0.036,0.259,-9.811,0.002,0.005,0.001,0.001,-0.001
-89.988,0.034,0.258,-9.810,-0.004,0.010,0.001,0.001,-0.000
-89.984,0.029,0.258,-9.814,0.004,0.009,0.001,0.001,0.001
-89.987,0.026,0.257,-9.815,-0.001,-0.002,0.001,0.000,0.001
-89.991,0.025,0.257,-9.810,-0.002,-0.005,0.001,0.000,0.000
-90.001,0.024,0.256,-9.810,-0.004,-0.014,0.001,0.000,-0.000
-90.000,0.020,0.256,-9.810,0.002,0.001,0.000,0.001,-0.000
-89.996,0.016,0.256,-9.817,0.002,0.005,0.000,0.000,-0.000
-89.994,0.019,0.256,-9.806,-0.008,0.004,0.001,-0.000,0.000
-89.998,0.018,0.255,-9.811,-0.002,-0.004,0.000,-0.000,0.000
-89.998,0.022,0.255,-9.808,-0.010,-0.001,0.000,0.001,0.001
-89.995,0.027,0.255,-9.813,-0.011,0.004,0.000,0.001,0.000
-90.003,0.033,0.255,-9.816,-0.014,-0.013,0.000,0.001,0.001
-90.004,0.031,0.254,-9.810,-0.002,-0.002,0.001,0.000,0.000
-90.003,0.027,0.254,-9.813,0.001,0.000,0.001,0.000,-0.000
-90.002,0.029,0.253,-9.802,-0.008,0.002,0.001,0.001,0.000
-90.003,0.033,0.253,-9.811,-0.011,-0.003,0.000,0.000,0.000
-89.999,0.032,0.253,-9.811,-0.003,0.006,0.000,0.001,-0.000
-89.996,0.035,0.253,-9.817,-0.011,0.004,0.001,0.001,0.000
-89.989,0.036,0.253,-9.814,-0.008,0.011,0.000,0.001,-0.000
-89.984,0.029,0.252,-9.808,0.005,0.009,0.001,0.001,0.000
-89.985,0.025,0.251,-9.808,0.001,0.001,0.001,0.000,-0.001
-89.987,0.021,0.251,-9.810,0.003,-0.002,0.001,0.001,-0.000
-89.990,0.024,0.250,-9.813,-0.008,-0.002,0.000,0.000,0.000
-89.990,0.022,0.250,-9.813,-0.001,0.000,0.001,0.001,0.000
-89.994,0.021,0.249,-9.810,-0.003,-0.004,0.001,-0.000,0.000
-89.999,0.018,0.249,-9.807,0.003,-0.008,0.000,-0.000,0.001
-90.002,0.017,0.249,-9.803,-0.002,-0.005,0.001,0.000,0.000
-90.002,0.016,0.248,-9.810,-0.001,-0.001,0.001,0.000,0.000
-90.005,0.018,0.248,-9.808,-0.005,-0.005,0.001,-0.000,0.001
-90.011,0.026,0.248,-9.816,-0.016,-0.010,-0.000,-0.001,-0.000
-90.019,0.029,0.247,-9.823,-0.010,-0.015,0.001,-0.000,0.000
-90.021,0.029,0.247,-9.811,-0.004,-0.007,0.001,0.000,-0.000
-90.021,0.029,0.246,-9.822,-0.005,-0.005,0.001,0.002,-0.000
-90.020,0.026,0.246,-9.813,0.000,-0.002,0.001,0.001,0.000
-90.020,0.026,0.245,-9.811,-0.005,-0.005,0.001,0.001,-0.001
-90.019,0.025,0.244,-9.813,-0.002,-0.002,0.002,0.001,0.000
-90.016,0.032,0.243,-9.812,-0.015,0.001,0.001,0.000,0.001
-90.019,0.035,0.242,-9.813,-0.010,-0.007,0.001,-0.000,0.000
-90.022,0.031,0.242,-9.816,0.000,-0.008,0.001,0.000,0.001
-90.030,0.031,0.241,-9.811,-0.004,-0.017,0.001,0.000,-0.000
-90.030,0.032,0.241,-9.812,-0.008,-0.006,0.001,0.001,0.000
-90.023,0.032,0.241,-9.811,-0.005,0.006,0.000,0.001,0.000
-90.020,0.031,0.240,-9.806,-0.004,-0.001,0.001,0.001,0.000
