0.552508
0.414381
0.092085
0.552508
0.000000
0.874804
0.644593
0.138127
0.276254
0.230212
0.138127
0.046042
0.092085
0.322296
0.322296
0.000000
0.000000
0.000000
0.230212
0.230212
0.230212
0.092085
0.276254
0.230212
0.000000
0.322296
0.138127
0.598550
0.782720
0.138127
0.092085
0.000000
0.184169
0.092085
0.184169
0.046042
0.184169
0.184169
0.322296
0.099758
0.368339
0.460423
0.736677
0.368339
0.230212
0.046042
0.092085
0.000000
0.828762
0.644593
0.552508
0.552508
0.138127
0.000000
0.138127
0.322296
0.184169
0.046042
0.092085
0.092085
0.000000
0.046042
0.000000
0.368339
0.598550
1.012931
1.381270
0.920847
0.322296
0.138127
0.598550
0.092085
0.092085
0.460423
0.414381
0.184169
0.000000
0.092085
0.276254
0.230212
0.138127
0.276254
0.046042
0.276254
0.460423
0.184169
0.046042
0.138127
0.046042
0.230212
0.046042
0.644593
0.276254
0.230212
0.230212
0.368339
0.000000
0.414381
0.322296
0.322296
0.184169
0.092085
0.092085
0.368339
0.138127
0.000000
0.368339
0.349154
0.552508
0.230212
0.276254
0.414381
0.046042
0.920847
0.092085
0.092085
0.644593
0.184169
0.046042
0.460423
0.138127
0.690635
0.368339
0.368339
0.598550
0.046042
0.874804
1.012931
0.368339
0.046042
0.184169
0.322296
0.230212
0.046042
0.138127
0.000000
0.414381
0.506466
0.230212
0.184169
0.138127
0.230212
0.138127
0.184169
0.414381
0.598550
0.322296
0.322296
0.046042
0.230212
0.690635
0.184169
0.230212
0.460423
0.506466
0.368339
0.598550
0.138127
0.644593
0.276254
0.138127
0.138127
0.368339
0.046042
0.276254
0.092085
0.138127
0.368339
0.460423
0.046042
0.138127
0.046042
1.012931
0.736677
0.368339
0.874804
0.414381
0.092085
0.552508
0.046042
0.000000
0.092085
0.046042
0.138127
0.184169
0.368339
0.506466
0.598550
0.138127
0.460423
0.276254
0.368339
0.414381
0.736677
0.997584
0.230212
0.046042
0.000000
0.230212
0.046042
0.460423
0.000000
0.138127
0.598550
0.092085
0.460423
0.276254
0.322296
0.092085
0.092085
0.046042
0.276254
0.092085
0.046042
0.184169
0.322296
1.381270
1.519397
0.046042
0.368339
0.322296
0.000000
0.368339
0.184169
0.046042
0.046042
0.276254
0.230212
0.184169
0.230212
0.322296
0.460423
0.414381
0.736677
0.322296
0.322296
0.552508
0.184169
0.000000
0.184169
0.138127
0.782720
2.854625
2.440244
0.736677
0.046042
0.276254
0.552508
0.184169
0.276254
0.414381
0.092085
0.230212
0.138127
0.046042
0.046042
0.184169
0.046042
0.184169
0.092085
0.414381
0.230212
0.506466
1.841694
1.657524
0.414381
0.460423
0.092085
0.276254
0.782720
1.289185
1.012931
0.368339
0.276254
0.046042
0.149638
0.230212
0.092085
0.322296
0.414381
0.046042
0.138127
0.046042
0.460423
0.736677
0.414381
9.622848
4.959417
4.558192
2.348159
11.799994
0.322296
8.764489
3.315048
1.197101
3.163766
4.788403
0.690635
1.068840
0.736678
0.138127
0.460423
0.138127
0.000000
0.092085
0.092085
0.690635
0.470290
0.782720
0.506466
0.046042
0.230212
0.213768
0.276254
0.092085
0.256522
0.414381
0.414381
0.552508
0.000000
0.046042
0.427536
0.230212
0.046042
1.012931
0.920847
0.092085
0.184169
0.460423
0.256522
0.368339
0.138127
0.046042
0.276254
0.322296
0.460423
0.555797
0.046042
0.414381
0.920847
0.874804
1.058974
0.184169
0.322296
0.555797
0.138127
0.598550
0.138127
0.368339
0.414381
0.552508
0.641304
0.736677
0.092085
0.138127
0.368339
0.368339
0.966889
0.342029
0.414381
0.230212
0.046042
0.460423
0.598550
0.230212
0.184169
0.598550
0.782720
0.598550
0.782720
0.046042
0.506466
0.184169
0.384782
0.644593
0.322296
0.184169
0.598550
0.414381
0.092085
0.506466
0.213768
0.046042
0.276254
0.184169
0.046042
0.092085
0.046042
0.042754
0.092085
0.368339
1.243143
0.368339
0.000000
1.289185
0.598550
0.470290
0.368339
0.460423
0.322296
0.828762
0.414381
0.460423
0.092085
0.299275
0.920847
0.138127
0.828762
0.552508
0.138127
0.966889
0.855072
0.138127
0.598550
0.552508
0.322296
0.092085
0.598550
0.470290
0.828762
0.782720
0.414381
0.230212
0.276254
0.092085
0.184169
0.769565
0.230212
0.092085
0.092085
0.000000
0.322296
0.230212
0.230212
0.042754
0.460423
0.460423
0.000000
0.414381
0.644593
0.368339
0.230212
0.000000
0.598550
0.046042
0.046042
0.000000
0.138127
0.736677
0.322296
0.470290
0.552508
0.092085
0.322296
0.138127
0.138127
0.506466
0.256522
0.368339
0.920847
0.460423
0.414381
0.138127
0.276254
0.427536
0.644593
0.782720
0.368339
0.184169
0.046042
0.276254
0.046042
0.812318
0.276254
0.368339
0.322296
0.046042
0.460423
0.506466
0.342029
0.046042
0.276254
0.184169
0.000000
0.000000
0.184169
0.414381
0.513043
0.782720
0.046042
0.460423
0.276254
0.046042
0.368339
0.138127
0.256522
0.322296
0.138127
0.552508
0.828762
0.552508
0.092085
0.769565
0.874804