0.239420
0.635960
0.322296
0.460423
0.299275
0.230212
0.092085
0.249396
0.460423
0.276254
0.299275
0.000000
0.184169
0.299275
0.276254
0.644593
0.847946
0.184169
0.448913
0.552508
0.276254
0.299275
0.460423
0.230212
0.299275
0.046042
0.046042
0.548671
0.368339
0.506466
1.047463
1.151059
0.368339
0.049879
0.230212
0.368339
0.099758
0.506466
0.552508
1.446497
1.335228
0.828762
0.498792
0.644593
0.046042
0.149638
0.552508
1.058974
0.399034
1.243143
1.047463
0.276254
0.552508
0.249396
0.230212
1.058974
0.498792
0.552508
0.460423
0.498792
0.046042
0.460423
0.399034
0.230212
0.184169
0.099758
0.184169
0.276254
0.399034
0.138127
0.414381
0.498792
0.690635
0.782720
0.598550
1.012931
0.690635
0.299275
0.046042
0.046042
0.299275
0.460423
0.249396
0.276254
0.092085
0.598550
0.644593
0.460423
0.448913
0.276254
0.598550
0.000000
0.414381
0.644593
0.000000
0.828762
0.644593
0.997584
0.598550
0.092085
0.698309
0.690635
0.138127
0.299275
0.138127
0.138127
0.099758
0.092085
0.199517
0.506466
0.414381
0.099758
0.230212
0.276254
0.299275
0.552508
0.046042
0.399034
0.184169
0.184169
0.049879
0.460423
0.414381
0.448913
0.276254
0.092085
0.598550
0.506466
0.782720
0.099758
0.046042
0.322296
0.000000
0.782720
0.966889
0.249396
0.184169
0.399034
0.322296
0.322296
0.947705
0.092085
0.230212
0.997584
0.690635
0.506466
0.349154
0.230212
0.368339
0.648430
0.230212
0.598550
0.000000
0.736677
0.920847
0.798067
0.046042
0.230212
0.349154
0.092085
0.230212
0.049879
0.092085
0.099758
0.276254
0.184169
0.548671
0.138127
0.782720
0.598550
0.598550
1.012931
0.798067
0.138127
0.138127
0.099758
0.184169
0.184169
0.149638
0.782720
0.368339
0.349154
0.046042
0.368339
0.049879
0.230212
0.184169
0.099758
0.092085
0.184169
0.349154
0.506466
0.414381
0.847946
0.736677
0.249396
0.506466
0.092085
1.047463
1.427313
0.828762
0.798067
0.736677
0.230212
0.349154
0.000000
0.184169
0.448913
0.414381
0.046042
0.149638
0.000000
0.506466
0.049879
0.782720
0.782720
1.346738
0.506466
0.798067
0.644593
0.092085
0.149638
0.644593
0.506466
0.199517
0.598550
0.506466
0.249396
0.414381
0.920847
0.299275
0.000000
0.092085
0.299275
0.230212
0.736677
0.049879
0.736677
0.276254
0.149638
0.092085
0.276254
0.598550
0.046042
0.230212
0.149638
0.184169
0.598550
0.736677
0.230212
0.049879
0.276254
0.046042
0.548671
0.000000
0.230212
0.099758
0.598550
0.782720
0.648430
0.322296
0.046042
0.199517
0.322296
0.276254
0.748188
0.322296
0.690635
0.598550
0.184169
0.138127
0.099758
0.368339
0.414381
0.099758
0.000000
0.099758
0.414381
0.138127
0.847946
0.874804
0.184169
0.049879
0.414381
0.046042
0.448913
0.000000
0.782720
0.000000
0.828762
1.105016
0.897826
0.552508
0.046042
0.498792
0.368339
0.049879
1.381270
0.690635
0.349154
0.598550
0.460423
0.448913
0.276254
0.322296
0.199517
0.184169
0.138127
0.149638
0.644593
0.368339
0.149638
0.966889
0.736677
0.648430
0.046042
0.552508
0.698309
0.368339
0.184169
0.049879
0.000000
0.276254
0.149638
0.230212
0.149638
0.736677
1.012931
0.099758
0.322296
0.368339
0.049879
0.046042
0.874804
0.448913
0.184169
0.552508
0.598550
0.184169
0.552508
0.698309
0.276254
0.092085
0.249396
0.046042
0.874804
0.149638
0.690635
0.138127
0.498792
0.598550
0.690635
0.249396
0.092085
0.322296
0.199517
0.046042
0.184169
0.698309
0.000000
0.149638
0.184169
0.644593
0.548671
0.230212
0.874804
0.149638
0.874804
0.322296
0.399034
0.690635
0.460423
0.099758
0.368339
0.000000
0.199517
0.138127
0.552508
0.299275
0.230212
0.000000
0.548671
1.335228
0.000000
0.644593
0.046042
0.349154
0.552508
0.368339
0.249396
0.644593
0.414381
0.947705
0.690635
0.138127
0.099758
0.230212
0.046042
0.498792
0.874804
1.012931
0.847946
0.368339
1.289186
1.047463
0.230212
0.644593
0.149638
0.092085
0.092085
0.138127
0.213768
0.322296
0.736677
0.641304
0.414381
0.213768
0.230212
0.506466
0.427536
0.506466
0.368339
0.128261
0.138127
0.046042
0.966889
0.506466
0.322296
0.644593
0.555797
1.243143
0.230212
0.138127
0.092085
0.184169
0.276254
0.184169
0.598550
0.598550
0.276254
0.966889
0.598550
0.322296
0.414381
0.085507
0.506466
0.322296
0.736677
0.460423
0.092085
0.000000
0.046042
0.000000
0.966889
1.105016
0.769565
1.105016
0.256522
0.322296
0.384782
1.151059
0.855072
0.184169
0.085507
1.105016
0.598550
0.368339
0.641304
0.782720
0.897826
0.690635
0.726811
0.138127
0.171014
0.092085
0.230212
0.213768
0.322296
1.197101
1.381270
2.052173
0.598550
1.154347
1.289185
0.940579
0.276254
0.042754
0.000000
0.726811
0.782720
0.042754
0.138127
0.726811
0.046042
0.384782
0.184169
0.042754
0.046042
0.470290
0.552508
0.384782
0.092085
0.782720
0.555797
1.105016
0.414381
1.282608
1.565440
0.506466
0.513043
0.736678
0.342029
0.736677
1.325362
1.749609
0.256522
1.427313
0.940579
0.046042
0.299275
0.230212
0.256522
0.506466
0.470290
0.276254
0.213768
0.460423
0.598550
0.000000
0.128261
0.138127
0.046042
1.581883
5.202784
3.634056
0.828762
0.042754
3.959641
0.684058
0.138127
0.213768
1.151058
0.726811
0.276254
0.555797
0.138127
0.256522
1.427312
1.581883
0.046042
0.384782
0.598550
0.513043
0.042754
0.184169
0.641304
0.414381
0.342029
0.644593
0.506466
0.230212
0.171014
0.276254
0.552508
0.138127
0.555797
0.552508
0.092085
0.128261
0.046042
0.736677
0.874804
0.855072
0.552508
0.414381
0.276254
0.000000
0.046042
0.506466
0.470290
0.138127
0.184169
0.920847
0.299275
0.368339
0.184169
0.506466
0.598550
0.598550
0.966889
0.171014
0.184169
0.184169
0.414381
0.000000
0.000000
0.138127
0.368339
0.299275
0.874804
0.782720
0.000000
0.184169
0.092085
0.460423
0.555797
0.368339
0.368339
0.460423
0.128261
0.322296
0.046042
0.138127
0.855072
0.644593
0.276254
0.000000
0.230212
0.138127
0.322296
0.342029
0.230212
0.230212
1.012932
0.128261
1.519397
0.460423
0.513043
0.552508
0.046042
0.092085
0.342029
0.368339
0.184169
0.138127
1.325362
0.460423
0.506466
0.427536
0.322296
0.046042
0.414381
0.042754
1.151058
0.138127
0.470290
0.598550
0.966889
0.276254
0.684058
0.460423
0.184169
0.368339
0.085507
0.322296
0.368339
0.000000
0.552508
0.552508
0.138127
0.042754
0.414381
0.184169
0.322296
0.299275
0.092085
0.690635
0.085507
0.920847
0.092085
0.230212
0.598550
0.828762
0.368339
1.151058
0.000000
0.138127
0.322296
0.322296
0.213768
0.736677
0.828762
1.325362
1.657524
0.184169
0.092085
0.128261
0.322296
0.092085
0.092085
0.042754
0.460423
0.552508
0.641304
0.092085
0.299275
1.611482
3.762317
3.729429
0.085507
0.184169
1.111594
1.105016
0.171014
0.046042
2.351448
2.992752
3.890577
0.046042
1.496376
5.755292
3.505795
10.497655
9.320285
8.471791
7.596986
3.933331
9.254510
8.379706
4.360867
1.519397
0.726811
0.782720
0.506466
1.795651
0.460423
0.460423
2.308694
0.920847
1.496376
0.138127
1.111594
2.302117
2.992752
0.184169
1.282608
1.703567
0.940579
0.782720
0.513043
7.090520
1.154347
6.491970
2.949999
6.541300
8.702002
0.460424
2.736231
3.775472
5.771736
2.900668
0.000000
3.222964
0.460423
2.565216
1.749609
0.299275
1.058974
0.384782
1.335228
0.684058
0.322296
0.171014
0.598550
0.427536
0.368339
2.436955
1.335228
12.398544
11.280373
8.037677
10.431879
15.654396
1.710143
2.025863
5.814490
5.248827
4.660142
9.622849
0.726811
10.313484
5.525081
5.755292
0.000000
1.012931
0.644593
0.736677
0.171014
0.782720
5.064657
3.591303
0.276254
0.966889
2.308695
0.000000
0.598550
0.684058
0.460423
0.342029
0.782720
0.736677
1.368115
7.090520
2.854625
0.690636
1.624637
8.563876
2.946710
2.009419
3.084837
7.274690
4.745650
1.243143
7.353619
5.202785
2.351448
1.749609
4.147099
3.729429
0.874804
4.702896
6.722182
3.078259
5.617165
1.111594
1.565440
0.555797
1.325362
2.578371
0.128261
2.808583
6.199272
4.604234
0.940579
0.920846
9.491299
10.267441
6.584055
9.484722
18.739233
6.712316
9.116383
5.571123
2.992752
0.276254
1.058974
1.581883
0.322296
0.138127
0.213768
0.828762
0.427536
1.795651
1.289185
0.983333
0.046042
9.484722
2.223187
10.497653
0.322296
0.427536
1.519397
4.959418
0.230212
3.867556
0.427536
4.972573
8.287621
7.610141
4.051726
2.736230
1.289185
1.881158
0.046042
9.277531
1.381270
8.103452
0.641304
0.460423
1.026086
1.151058
0.460423
2.565216
1.151058
0.230212
9.192024
14.181042
20.222454
5.755293
6.031547
11.586226
3.130879
14.493471
1.841694
4.104346
2.071905
0.828762
0.897826
0.552508
0.920847
0.042754
1.795651
1.068840
0.782720
2.440244
0.470290
0.874804
3.729430
2.778984
6.584054
9.116383
1.068840
7.228647
9.024298
1.838405
3.959641
2.624413
0.299275
2.256074
1.496376
2.210032
0.874804
0.342029
0.690635
0.736678
1.368115
0.184169
0.213768
1.151059
0.322296
1.795651
2.071905
0.184169
2.094926
3.775472
0.726811
6.998435
7.596987
5.600723
5.248826
0.736677
3.206520
0.874804
0.470290
1.381270
2.025863
0.684058
3.913599
3.269006
2.308694
0.460423
1.453622
1.335228
9.254510
0.085508
4.880488
2.624413
1.325362
0.230212
0.000000
0.506466
0.414381
0.128261
0.690635
0.598550
0.171014
7.412816
4.489128
4.005684
1.473355
6.722181
6.242025
0.690635
2.900667
17.311920
17.785498
12.753728
12.142023
8.333663
5.018615
19.538396
19.015487
3.334781
0.598550
1.368115
4.097768
3.591303
2.348159
0.513043
1.496376
0.690635
1.368115
0.046042
0.470290
1.012931
0.128261
2.071905
1.282608
9.300553
4.788403
8.794087
13.766660
8.379706
0.555797
0.506466
5.617166
6.242026
1.151058
18.140682
9.833329
9.438679
1.887736
0.940579
1.289186
0.368339
0.470290
1.197101
2.578371
0.085507
0.460423
0.983333
0.874804
0.000000
0.128261
0.276254
0.736678
2.394202
0.138127
1.239854
0.460423
0.966889
0.256522
0.230212
0.828762
0.384783
0.598550
1.427313
0.460423
0.171014
0.552508
0.983333
0.368339
1.197101
1.289185
0.726811
0.138127
0.598550
0.427536
0.920847
0.460424
0.171015
2.762540
0.641304
1.335228
0.276254
0.470290
0.414381
1.012931
0.384782
0.874804
0.085507
0.414381
1.565440
0.085507
0.506466
1.933778
0.555797
1.012931
0.046042
0.368339
1.154347
0.460423
1.243143
0.000000
0.598550
1.197101
0.598550
0.598550
0.184169
0.276254
0.276254
1.335228
0.184169
1.841694
18.002554
10.089849
7.090520
2.265941
8.057409
2.907245
3.729430
1.749609
0.042754
2.071905
0.966889
0.983333
0.138127
0.470290
1.151058
1.611482
2.137680
0.598550
0.000000
7.919282
1.068840
11.280374
14.042914
0.128261
22.238449
15.516268
0.128262
4.466107
5.173186
3.176921
1.703567
4.061592
1.427312
4.788403
1.657524
0.414381
0.684058
0.552508
0.506466
0.427536
0.414381
0.684058
0.414381
0.414381
2.821738
2.946710
3.453176
6.926083
2.163990
2.137680
2.808583
3.591303
8.721735
11.878923
9.116384
10.346371
0.828762
9.021009
7.550943
4.143811
3.084837
0.085507
0.828762
1.151059
0.641304
0.782720
0.046042
0.812318
0.828762
1.105016
0.427536
2.440244
3.548549
1.565440
0.506466
0.769565
0.920847
0.828762
0.299275
0.092085
0.684058
7.320732
2.440244
1.282608
4.696319
2.900667
4.916664
2.163990
10.589738
8.165938
2.670455
2.532329
1.710144
0.644593
2.394202
3.719563
0.782720
12.526805
0.644592
6.445927
6.669562
1.058974
1.496376
0.769565
1.473355
0.256522
0.690635
0.171014
0.460423
0.042754
0.322296
0.213768
0.368339
0.598550
0.230212
0.855072
1.243143
0.598550
0.138127
1.058974
0.897826
0.552508
0.230212
0.230212
0.644593
0.874804
0.874804
0.342029
0.046042
0.736678
0.506466
0.184169
0.046042
2.946710
0.276254
0.128261
2.762540
4.558191
2.223187
9.484722
0.460423
6.584054
17.081708
4.916664
1.197101
4.420065
12.441298
5.248827
7.139851
1.611482
3.176921
9.320285
8.195536
4.959417
2.486286
3.729430
0.042754
2.762540
2.532328
1.966666
1.473355
1.539130
0.782720
1.105016
0.983333
13.812702
8.794087
0.256521
1.565439
11.740796
6.307800
10.389125
5.663208
1.473355
6.261758
2.650723
13.076025
9.024299
3.591302
1.795651
0.000000
0.000000
0.690635
0.000000
0.414381
0.256522
1.197101
1.058974
0.384782
0.322296
0.184169
0.342029
0.782720
0.046042
0.555797
0.138127
0.171014
1.151058
1.473355
6.071011
2.946709
5.985504
3.163766
4.788404
7.652895
0.966889
10.681823
0.940579
10.359527
3.420288
8.241579
3.361091
5.044925
3.637345
2.479709
1.381270
11.326415
6.669562
5.479039
0.138127
1.381270
0.769565
1.611482
0.046042
2.302117
0.171014
0.552508
0.384782
0.828762
0.184169
0.042754
0.598550
5.340912
0.983332
3.084837
6.353842
5.755293
6.327533
21.363646
13.812703
5.173186
5.939462
6.077589
0.342029
12.523516
11.158690
2.348159
2.071905
1.923912
1.381270
0.171014
1.012931
1.611482
0.128261
0.874804
0.552508
1.026086
0.690635
0.000000
0.085507
0.920847
0.855072
0.046042
0.644593
3.121013
6.123631
3.130879
3.121013
0.414381
0.855072
1.979821
16.759412
6.584056
10.727865
3.505795
4.880488
3.683387
3.634056
4.558191
3.548549
0.414381
4.926530
4.466107
8.165937
6.491970
3.361091
0.769565
1.565440
2.907245
1.243143
1.335228
5.472461
0.552508
6.630097
0.342029
0.322296
2.094926
1.473355
8.563876
2.137681
5.064657
1.611482
0.230212
0.085507
2.992752
22.192407
22.284492
0.213768
13.766659
2.949999
14.687506
2.864491
0.092085
1.381270
0.940579
0.552508
0.085507
0.138127
0.276254
0.812318
1.105016
2.486286
0.470290
5.202784
7.738402
8.932213
7.781155
10.132603
0.092085
3.676809
4.051727
1.427313
0.085507
6.584055
1.289186
7.567387
1.151059
4.189853
3.038794
5.432996
2.009419
6.215716
9.392638
0.213768
3.407133
0.812319
2.624413
0.092085
0.684058
8.655960
7.735113
1.881158
18.002555
17.496089
0.726811
4.512149
2.762540
6.199272
6.860309
7.097097
5.985505
12.983940
3.805070
0.828762
3.292027
0.000000
0.874804
1.624637
0.368339
2.670456
0.855072
0.460424
0.384782
1.703567
1.289185
0.598550
6.445928
2.946710
4.489128
1.105016
3.407133
2.223187
6.123631
0.085507
3.269007
9.668892
0.128261
12.477474
12.845813
0.256522
1.381270
2.163990
1.519397
2.992752
0.460423
1.838405
0.000000
1.749609
2.522462
1.841694
1.289185
3.976085
1.887736
1.239854
1.335228
8.471790
1.105016
5.248827
1.154347
1.979821
15.009803
12.655066
1.427313
2.693477
7.090521
5.386954
1.838405
1.933778
0.726811
4.281937
0.460424
1.453622
0.552508
1.058974
2.223187
2.532329
3.634056
0.644593
0.276254
0.000000
0.092085
4.926530
3.377534
0.368339
6.327533
9.807018
3.038794
1.026086
1.473355
14.319168
11.372458
7.458859
8.764488
3.729430
8.471791
3.420288
5.248827
3.269006
0.128261
0.966889
0.506466
0.213768
0.690635
0.213768
0.230212
0.506466
0.213768
1.841694
1.381270
0.598550
0.138127
4.403621
3.176921
2.532328
8.517833
9.961589
2.670456
0.085507
0.552508
5.479038
3.805070
2.302117
2.256074
1.111594
0.276254
0.513043
0.046042
0.230212
1.068840
0.276254
1.105016
0.384782
0.138127
0.213768
0.276254
0.000000
0.555797
0.322296
0.460423
1.335228
0.042754
0.782720
0.782720
0.322296
0.736677
13.582490
7.781155
6.169674
8.422460
6.906351
7.182605
15.904340
7.274690
4.403621
1.105016
0.828762
1.795651
0.414381
0.874804
0.598550
0.368339
1.410869
0.414381
1.703567
2.094927
1.381270
0.552508
0.598550
5.202784
0.384783
0.644593
8.057409
13.122066
8.892748
11.786838
7.919282
9.149270
12.983939
3.084837
1.453623
2.117948
0.085507
0.368339
0.046042
0.171015
0.644593
0.460424
0.085507
0.184169
0.598550
0.460423
7.965324
5.258693
12.707685
9.277531
5.847377
14.411252
4.446375
1.381271
1.838405
3.038794
6.952393
5.686229
7.873240
1.105016
1.282608
1.565439
0.213768
2.808583
0.736677
0.299275
1.703566
0.046042
0.128261
0.276254
0.726811
2.808583
0.782720
3.976085
4.420064
8.011367
11.115936
23.481592
16.943580
3.933331
8.609917
4.742361
1.105016
2.479709
0.092085
1.427312
0.470290
1.703567
1.105016
0.000000
0.046042
0.085507
0.828762
0.690635
0.470290
4.604234
3.775472
3.762317
1.657524
2.736231
1.243143
1.197101
12.227530
1.795652
5.130432
3.499217
3.176921
3.933331
6.399885
4.281938
2.736231
1.427313
1.105016
0.000000
2.348159
0.046042
1.496376
0.138127
0.470290
0.092085
0.138127
0.940579
1.105016
2.486286
4.403621
0.046042
4.834446
19.367381
19.982375
11.004119
1.410869
2.486286
10.958076
9.063763
7.735113
2.436955
1.289186
0.414381
0.000000
0.138127
0.644593
0.897826
0.828762
0.552508
0.641304
5.847377
0.555797
3.176921
4.880488
0.000000
9.484721
9.760975
7.695648
15.240016
11.799995
7.274689
4.831157
7.689071
1.335228
1.703566
0.470290
0.966889
1.058974
0.855072
0.690635
0.230211
1.154347
0.966889
1.197101
0.414381
0.920847
5.130432
5.479039
8.978256
2.650724
0.598551
16.022735
22.702162
2.992752
0.506466
9.899103
7.097097
0.506466
9.346595
5.386953
4.097769
1.151058
0.470290
0.000000
0.128261
0.874804
0.184169
0.940579
0.092085
1.289185
2.436956
5.709250
3.420288
3.361091
12.983940
4.061592
9.300552
2.670456
0.256521
13.352278
16.160861
9.116383
4.446374
1.243144
1.933778
3.377534
4.742361
0.874805
1.243143
0.171015
2.117948
0.213768
0.184169
1.105016
1.710144
5.018615
5.156742
2.052173
8.932214
3.269006
4.531882
15.009803
0.322296
3.035506
11.004119
2.693477
0.782720
6.399886
2.394202
1.197101
1.979820
1.667391
2.762540
0.769565
0.736677
0.828762
0.342029
0.184169
0.092085
0.470290
0.782720
7.310866
1.335228
6.630097
2.864491
0.230211
3.407133
7.011591
3.913599
0.256521
6.906351
8.609917
1.111593
0.276254
0.230212
0.598550
0.874804
0.555797
0.414381
1.151059
0.128261
0.782720
1.012931
0.085507
0.000000
5.344200
4.051726
11.004119
12.707685
3.976085
1.565439
8.702002
7.310865
13.214152
9.899103
2.778984
0.138127
2.210032
0.513043
0.046042
1.368115
1.335228
0.828762
0.684058
1.289186
0.171015
0.920847
0.414381
5.515215
6.077589
4.189853
1.368115
0.368339
3.334781
3.637345
10.083272
13.381877
0.276254
0.299275
13.766659
14.134998
0.470290
0.506466
0.085507
2.486286
1.335228
3.548549
2.624413
1.752898
2.025863
0.966889
5.771736
5.340911
3.821514
3.420288
1.565439
1.381271
11.757240
9.991188
4.873911
3.545260
7.458859
4.232607
1.151059
6.840576
0.368339
5.801335
2.052173
0.138127
0.138127
3.078259
5.018615
5.215939
0.966889
0.092085
1.068840
0.184169
3.084837
0.513043
0.552508
0.042754
0.460424
1.105016
0.513043
1.703566
0.644593
0.555797
0.460423
0.171014
0.046042
8.195536
7.353619
2.163990
4.972573
4.745650
7.228647
2.094926
0.184169
7.458859
10.816661
5.755293
3.269006
1.239854
0.690635
2.900667
2.180434
0.690635
0.690635
2.052173
1.657524
0.513043
0.598550
2.808583
4.018838
2.762540
2.808583
0.171014
5.386954
7.136563
6.712315
6.169673
3.933331
2.210032
2.302117
0.085507
1.197101
5.248827
6.498547
9.254510
0.769565
1.887736
0.322296
0.213768
1.611482
0.552508
2.351448
0.230211
1.111594
0.644593
0.414381
0.085507
3.453175
0.552508
5.087678
4.512150
6.071011
11.326416
9.576806
5.002171
4.558191
6.156518
1.381270
0.276254
9.192024
1.565440
6.031547
0.897825
1.611482
3.913599
2.565216
0.368339
1.243143
0.690635
0.812318
0.736677
0.276254
1.667390
1.427313
2.052173
3.591303
3.775472
3.334781
5.248827
1.289185
2.265941
9.991187
10.958076
0.513043
8.471791
2.900667
2.907245
1.012932
3.499218
0.042754
1.058974
0.342029
0.644593
1.933778
0.299275
1.703566
0.460423
0.513043
0.598550
0.299275
0.092085
0.000000
0.256522
6.630097
2.210032
9.790574
4.788403
3.762317
0.920847
4.189853
1.325362
0.184169
5.709250
2.223187
1.197101
4.147099
2.071905
5.939462
2.607970
6.584055
2.716498
2.821738
0.598550
4.189853
3.407133
1.979821
0.128261
2.670456
3.867557
0.598550
5.018615
1.154348
2.071905
2.256075
1.841694
5.087679
6.538012
0.000000
2.052173
2.854625
1.197101
1.749609
4.512149
12.997095
7.919282
3.676810
1.979821
0.092085
0.855072
0.828762
5.755292
3.292027
2.532329
1.453622
2.486286
3.038794
1.154347
1.979821
1.335228
0.299275
0.506466
0.171014
2.762540
0.920847
1.795651
3.269006
4.005684
0.812318
1.058974
0.138127
1.325362
0.322296
0.000000
0.506466
0.322296
0.897826
0.460424
0.184169
0.427536
0.000000
0.598550
3.545260
1.243143
2.949998
0.874804
0.092085
4.702896
1.427312
5.985505
10.517386
2.025863
2.094927
2.992752
6.169673
1.667390
2.440244
0.552508
0.513043
0.644593
0.828762
0.384782
0.230212
0.171014
0.598550
0.920847
1.154347
0.828762
1.887736
0.128261
0.276254
4.061592
2.256075
1.151058
1.068840
7.044478
4.650276
2.223187
0.184169
0.855072
1.381270
1.657524
2.864491
0.368339
0.782720
2.351448
2.946710
0.042754
1.058974
0.184169
1.923912
0.828762
0.368339
0.299275
1.749609
0.256522
0.092085
0.460424
0.690635
0.184169
5.617165
5.002171
0.368339
0.598550
0.085507
4.604234
3.821514
0.812318
1.565440
0.256522
7.458859
4.281938
3.890578
3.084837
4.143811
4.275360
1.335228
3.078259
0.276254
0.138127
0.470290
0.598551
0.598550
1.282608
0.184169
0.555797
0.184169
1.058974
0.769565
0.920847
0.276254
0.042754
1.887736
2.778984
0.092085
3.130879
1.838405
5.064657
0.920846
2.394201
0.506466
0.983333
0.322296
1.335228
0.342029
1.105016
0.138127
1.068840
0.230212
1.325362
0.322296
1.519397
0.171014
0.828762
1.289186
0.128261
7.827198
0.983333
3.222963
6.491970
8.935503
4.742361
7.320732
1.838405
0.046042
0.513043
2.624414
4.788404
0.085507
4.696319
4.834446
1.068840
0.506466
0.641304
0.460423
1.611482
0.213768
0.092085
0.782720
6.156518
4.374022
1.197101
2.351448
0.874804
0.299275
0.874804
1.243143
1.624637
12.707686
8.892749
2.117948
0.092085
0.000000
0.184169
0.230212
0.299275
1.012931
0.460423
0.085507
0.322296
0.256521
0.046042
0.276254
0.897826
4.420064
3.683387
9.063763
6.630097
6.370286
5.709250
1.427312
3.847824
6.307801
1.581883
1.933778
2.900667
0.812318
1.427313
0.276254
0.427536
0.460423
0.644593
0.128261
0.184169
0.000000
0.368339
0.138127
0.598550
0.276254
2.440244
2.565216
3.499218
1.795651
2.302117
7.044478
5.728983
4.650276
1.887736
0.641304
0.920847
1.923912
1.749609
1.657524
0.299275
0.230212
5.018615
2.992752
2.117948
0.256522
0.414381
0.092085
0.085507
0.690635
6.261758
0.427536
1.381270
6.071011
0.920847
3.591302
1.752898
0.138127
1.197101
1.239854
1.289185
1.368115
1.243143
1.979820
4.531881
0.092085
0.092085
0.171015
0.736677
0.085507
0.598550
0.460423
0.342029
0.920847
0.644593
0.384782
2.486286
3.035506
0.046042
8.978257
0.128262
7.965324
0.736677
2.992752
2.256074
2.210032
5.643475
4.051726
1.881158
1.795651
1.519397
0.042754
0.046042
0.828762
1.154347
2.946710
0.042754
0.460423
1.012931
0.684058
0.230212
0.460424
7.225359
7.044478
1.496376
4.972572
3.729429
0.769565
1.058974
2.900667
6.071011
4.189853
1.282608
1.427313
0.230212
7.011591
4.696319
0.368339
0.427536
3.959641
0.128261
0.966889
0.368339
0.427536
0.230212
4.420065
5.771736
10.129315
0.555797
8.379706
1.243143
2.778984
0.414381
3.453176
1.154347
2.117948
2.736231
0.644593
0.092085
1.111594
5.248827
1.473355
0.042754
0.782720
1.026086
0.184169
0.046042
0.213768
0.460423
0.230212
4.617389
0.920846
1.154348
6.491970
1.197101
2.009419
0.000000
2.348159
1.282608
2.210032
2.394202
4.005684
4.466107
1.368115
2.440244
1.197101
0.470290
1.012931
0.256522
0.230212
0.230212
0.171015
0.506466
0.184169
0.726811
6.538012
7.225358
2.532329
2.163990
5.893419
4.360867
3.130879
3.377534
5.248827
2.025863
0.641304
2.348159
0.644593
0.641304
2.394202
2.949999
0.414381
0.552508
0.684057
0.276254
0.322296
1.068840
0.966889
1.496376
0.184169
3.637345
2.394201
0.276254
4.466107
1.410869
0.506466
1.795651
2.025863
1.473355
1.154347
1.105016
0.598550
0.769565
0.874804
1.068840
0.092085
0.184169
1.154347
1.519397
0.046043
0.641304
1.703567
1.239854
1.012932
1.381270
3.634056
2.532329
0.552508
2.351448
0.920847
3.933331
1.611482
4.650277
2.778984
10.083273
5.985504
1.335228
0.460423
0.598550
0.644593
0.276254
0.171014
0.598550
0.256521
0.368339
2.302117
1.838405
4.005683
10.083272
4.788403
5.755292
0.171014
2.670456
2.992752
4.660143
3.775472
2.180433
1.703566
0.092085
0.513043
0.414381
0.460423
0.384782
0.598550
0.171014
0.092085
0.230212
0.769565
0.184169
0.506466
5.215939
4.742361
0.897826
1.012931
0.046042
1.282608
6.860309
6.998436
5.002171
5.801335
0.598550
0.641304
1.197101
7.909416
2.394202
1.427312
3.035506
0.138127
0.230212
0.085507
0.138127
1.239854
1.012931
0.414381
0.427536
1.243143
0.736677
11.372457
8.425748
0.598551
3.821514
3.176921
2.864491
0.736678
2.265941
4.972573
2.670456
0.940579
1.151059
1.795651
1.368115
2.071905
0.042754
1.473355
1.012931
0.085507
1.381270
1.565440
3.719563
2.946710
1.703567
3.634056
1.887736
2.163990
0.812318
0.138127
1.539130
0.690635
3.499218
4.061592
6.491970
5.110700
0.769565
3.913599
4.650277
13.681151
14.227082
6.712315
7.919283
3.545260
1.923912
1.243143
1.154347
3.729429
1.012931
2.052173
1.979820
1.058974
0.085507
0.598550
0.513043
0.230212
0.414381
0.299275
0.046042
0.828762
0.769565
0.046042
0.555797
0.690635
8.886172
3.377535
1.381271
2.348159
5.429707
2.302117
3.035506
2.762540
2.440244
0.384783
0.460424
1.703566
0.769565
0.368339
0.427536
0.736677
0.920847
0.641304
1.058974
0.046042
0.042754
1.105016
1.581883
0.092085
0.230211
2.522462
1.519397
0.092085
0.042754
1.887736
1.881158
4.696319
3.775472
5.814490
2.578371
1.427313
9.438679
3.035505
5.571123
2.052173
0.322296
2.025863
0.085507
1.473355
0.046042
1.710144
0.644593
0.384782
0.184169
0.138127
0.213768
0.046042
0.046042
0.171015
0.552508
0.342029
0.828762
0.368339
0.322296
0.085507
0.230212
10.497653
4.880488
1.539130
1.289185
0.506466
0.256522
0.598550
2.094926
0.966889
0.092085
1.111594
2.854625
4.696318
1.197101
1.565439
0.042754
0.460424
2.394202
0.598550
2.348159
1.289186
0.897826
5.386954
0.171014
2.532329
1.749609
0.384782
0.322296
4.788403
2.778984
0.414381
5.044925
6.491970
0.966889
0.552508
2.094926
1.703566
6.906351
7.827198
0.213768
5.525081
1.012932
1.068840
2.210032
0.299275
2.578371
0.828762
0.513043
1.611482
0.414381
0.128261
0.046042
0.812318
0.966889
0.552508
0.256521
0.690635
0.598551
0.085507
0.092085
5.728983
4.097769
2.210032
1.667390
4.696319
0.598550
3.976085
2.624413
2.308694
2.532328
1.335228
0.855072
0.046042
0.092085
0.855072
0.046042
0.213768
0.736677
1.105016
0.384782
0.230212
0.874804
0.384782
0.230212
0.256522
0.322296
5.248827
5.429707
2.348159
3.499218
5.472460
10.359526
1.058974
1.154347
13.490405
8.764488
2.394201
1.565440
1.282608
1.473355
0.874804
0.085507
1.335228
0.983333
1.058974
0.000000
0.171015
4.972573
3.499218
0.256522
1.933778
2.137680
0.782720
2.946710
1.111594
2.946710
2.578371
1.496376
2.394202
4.360867
0.920847
0.598550
1.239854
1.335228
5.479038
3.377534
1.105016
1.068840
0.690635
0.644593
0.726811
0.644593
0.598550
0.128261
2.946710
1.453622
0.414381
1.565439
0.427536
3.637345
2.394201
1.282608
1.887736
0.299275
6.584054
5.801335
10.773907
2.578371
0.000000
2.436956
2.071905
0.470290
1.473355
1.933778
3.847824
0.000000
2.578371
0.641304
0.414381
0.092085
1.581883
1.335228
0.085507
0.690635
7.550944
5.429708
1.473355
0.322296
1.453622
3.222964
4.788403
0.966889
5.663208
1.966666
2.992752
0.092085
0.299275
0.874804
0.684058
0.276254
1.289186
1.368115
0.874804
0.552508
0.427536
0.230212
0.085507
0.230212
0.736677
1.667390
2.348159
1.289185
1.539130
0.092085
2.223187
6.169673
3.867556
1.197101
3.222964
0.460423
0.812318
0.276254
4.702896
3.269006
0.644593
0.427536
0.414381
0.000000
5.087678
0.322296
2.907245
3.084837
0.460423
2.565216
2.394202
0.874805
0.342029
2.163990
1.966666
1.565440
1.427313
0.128261
0.276254
1.197101
0.641304
0.092085
0.427536
0.460424
0.460424
0.299275
1.289186
1.427313
0.427536
0.322296
0.184169
0.368339
0.726811
0.828762
0.506466
1.335228
0.690635
0.506466
0.092085
0.171014
0.322296
0.460423
5.156742
6.307801
0.000000
0.460423
1.026086
0.782720
0.460423
0.230212
0.874804
0.368339
1.197101
0.322296
0.555797
0.368339
4.051726
0.506466
3.163766
1.933778
0.506466
1.282608
0.230212
0.684058
0.966889
0.276254
0.171014
0.460423
1.105016
0.598550
0.368339
1.105016
0.855072
0.046042
0.128261
0.782720
0.184169
0.046042
0.299275
0.966889
0.322296
0.322296
1.427312
1.289186
0.322296
0.555797
0.092085
0.138127
0.598550
0.092085
0.368339
0.276254
0.460424
1.325362
3.729430
0.322296
1.657524
2.210032
0.322296
2.486286
0.470290
1.105016
0.828762
1.381270
0.506466
0.322296
0.138127
2.256075
0.085507
1.427313
0.138127
0.552508
0.874804
1.058974
1.012931
0.598551
1.427313
0.506466
1.335228
1.611482
0.966889
0.384783
0.138127
1.581883
0.184169
1.243143
0.470290
1.012931
0.276254
0.684058
0.092085
0.138127
0.046042
0.690635
0.460423
0.414381
0.085507
0.000000
0.000000
0.046042
0.000000
0.046042
0.690635
0.368339
0.506466
0.128261
0.322296
0.138127
0.552508
1.012931
1.565439
0.736677
0.128261
0.322296
0.046043
0.966889
1.012931
1.381270
2.900667
0.983332
6.538012
1.923912
1.197101
0.000000
2.009419
2.163990
3.130879
1.325362
0.644593
2.624413
1.068840
2.992752
1.239854
0.276254
1.105016
0.342029
0.184169
0.552508
1.026086
0.644593
0.128261
2.210032
3.130879
0.855072
1.335228
3.084837
6.113765
2.071905
0.644593
0.342029
0.506466
0.184169
0.470290
0.966889
1.154347
0.046042
0.322296
1.410869
0.092085
0.782720
0.513043
2.348159
1.282608
0.506466
1.197101
0.470290
0.506466
0.000000
0.276254
0.092085
0.414381
0.230212
0.042754
11.326416
9.622849
0.641304
0.552508
2.670456
0.940579
1.565439
0.552508
0.384782
0.644593
0.513043
0.414381
0.460423
0.598550
1.243143
0.138127
0.427536
0.368339
0.299275
1.151059
0.598550
0.384782
0.046042
0.046042
0.470290
0.920847
0.368339
1.197101
0.230212
1.197101
2.302117
0.460424
1.496376
0.000000
0.552508
0.046042
7.458859
2.265941
2.808583
1.335228
0.726811
1.243143
1.282608
1.841694
3.222964
0.684057
0.782720
1.979821
0.256522
0.828762
1.795651
0.920847
1.335228
0.213768
1.335228
0.598550
0.299275
0.920847
0.414381
0.427536
0.046042
0.920847
1.243143
0.598550
0.966889
0.046042
0.138127
0.855072
0.092085
2.210032
0.427536
0.414381
0.506466
1.881158
0.460423
0.940579
0.506466
2.163990
1.197101
0.414381
0.184169
2.351448
0.368339
0.342029
0.184169
0.966889
0.213768
0.322296
0.138127
0.384782
0.000000
0.276254
0.184169
0.046042
0.644593
0.506466
0.828762
0.769565
0.322296
0.000000
0.368339
0.460423
0.046042
0.828762
4.834446
5.215939
0.414381
10.346371
7.550943
0.322296
0.726811
3.361091
2.650723
2.394202
0.046042
2.223187
0.736677
1.058974
0.769565
2.854625
0.598550
1.151059
6.952393
8.165938
0.046042
2.163990
1.068840
0.920847
0.513043
0.230212
0.092085
2.821738
2.117948
1.565439
2.436955
0.046042
0.213768
1.887736
2.117948
1.710144
0.782720
4.742361
4.531882
0.414381
0.897826
7.643028
7.412816
10.602892
2.440244
1.026086
1.657524
1.703567
0.598550
6.169674
0.828762
2.265941
1.795651
0.644593
0.000000
0.322296
0.000000
0.414381
0.046042
0.513043
0.736677
0.092085
0.213768
0.322296
0.000000
0.042754
0.782720
0.897826
0.046042
0.276254
0.736677
0.598550
0.000000
3.775472
0.046042
0.230212
2.302117
1.624637
1.427313
2.025863
2.052173
1.565440
0.736677
0.213768
0.276254
0.213768
0.782720
0.598550
3.035506
0.230212
0.184169
0.085507
1.335228
0.299275
0.598550
0.460423
0.213768
2.946710
3.315048
0.128261
0.644593
1.197101
0.184169
0.414381
0.414381
0.128261
1.058974
1.473355
0.920847
0.598550
4.018838
7.366774
10.589738
3.505795
0.230212
3.121013
1.012931
4.420064
3.121013
2.949998
0.460423
0.085507
1.289185
0.171014
1.058974
0.213768
1.611482
1.197101
0.230212
0.299275
0.736677
0.684058
0.690635
2.052173
0.506466
0.641304
1.565440
3.420288
9.070341
5.847377
4.489128
0.690635
0.046042
1.710144
0.138127
3.206520
3.407133
1.105016
0.213768
0.368339
0.184169
0.042754
0.552508
0.427536
0.092085
0.322296
0.384782
0.138127
1.197101
2.009419
0.966889
0.726811
0.966889
0.736677
5.215939
0.368338
11.510585
16.160861
17.680258
1.325361
12.247262
1.667391
1.197101
1.923912
0.828762
0.042754
0.000000
0.470290
0.046042
0.855072
5.755292
3.206520
2.900668
1.282608
1.611482
0.769565
2.532329
7.965324
7.695648
6.998435
7.054344
2.716498
0.138127
3.334781
3.913599
6.860308
1.154347
0.184169
0.213768
0.598550
0.552508
1.539130
0.138127
0.690635
0.085507
0.184169
0.726811
0.414381
1.058974
1.111594
1.058974
11.878924
9.234778
0.276254
7.054344
8.748044
16.068776
2.009419
0.460423
0.690635
1.453623
0.138127
0.384782
0.828762
0.983333
0.138127
0.684058
0.322296
0.342029
0.644593
0.299275
0.644593
1.966666
7.412817
4.275361
5.156742
11.096204
4.617389
0.276254
5.600722
2.946710
1.887736
12.697820
15.700438
2.578371
1.795651
0.046042
0.184169
0.299275
0.644593
0.322296
0.085507
0.092085
0.414381
0.256522
0.230212
1.154347
2.440244
4.420065
0.384783
0.184169
5.110700
8.251445
4.374022
3.775472
0.983333
0.184169
0.940579
0.276254
1.012931
0.256521
0.276254
0.046042
0.726811
0.230212
0.855072
0.690635
5.340911
5.600721
4.972573
0.598550
2.137680
1.565439
0.042754
3.637345
1.381270
1.197101
9.668892
4.604235
6.626808
0.966889
0.299275
0.184169
1.197101
0.684058
0.782720
0.368339
0.384782
0.828762
1.111594
0.966889
0.138127
7.481880
7.090520
0.828762
3.269006
15.092021
20.765095
8.721734
8.379706
10.819950
3.163767
1.197101
0.726811
0.506466
0.342029
0.552508
0.299275
0.726811
5.847377
3.548549
4.005684
0.322297
3.591302
1.703567
1.966666
1.979821
4.880488
3.719563
1.795651
0.644593
1.026086
0.138127
0.128261
0.138127
0.138127
0.983333
0.046043
1.381270
0.256522
0.736677
0.171014
0.230212
0.736677
0.171014
1.105016
0.966889
0.684058
0.782720
0.276254
0.276254
0.046042
1.058974
1.282608
0.322296
8.103451
8.886171
4.360867
5.432996
6.307800
5.939462
7.011591
2.394201
1.111594
0.276254
1.473355
0.171015
0.690635
0.276254
0.213768
1.058974
1.453622
0.782720
0.322296
1.154347
0.276254
5.571123
6.712315
1.197101
0.128261
0.322296
0.322296
0.042754
0.874804
0.644593
0.213768
0.828762
0.042754
0.782720
0.644593
0.427536
11.096204
12.740573
12.523517
4.696319
1.496376
4.051726
0.769565
1.933778
2.302117
1.282608
6.445928
3.719563
3.545260
0.414381
0.513043
0.414381
1.012931
0.299275
0.598550
0.342029
0.598550
0.414381
0.897826
0.138127
1.841694
0.897826
0.046042
1.749609
5.728982
3.545260
12.868833
11.142246
5.044925
2.071905
2.854625
6.883330
8.149494
1.838405
1.519397
0.128261
0.736677
0.940579
0.920847
0.256522
0.184169
0.128261
0.092085
0.812318
2.137680
2.071905
0.085507
2.210032
3.315048
0.384783
7.412817
0.552508
0.342029
0.874804
0.427536
0.046042
1.151059
0.384782
0.598550
0.322296
0.171014
0.092085
0.085507
0.552508
0.368339
0.042754
0.506466
0.138127
0.684058
0.782720
0.138127
0.368339
0.555797
1.151058
0.184169
0.966889
3.453175
3.453176
3.976085
9.254511
4.926531
3.634056
4.880488
12.142022
1.105016
0.641304
0.460424
1.539129
0.184169
0.855072
0.506466
0.555797
0.644593
0.641304
4.696319
9.277531
15.792522
4.147099
10.083272
12.569558
9.668891
6.755069
4.512149
1.841694
1.325362
6.169673
1.243143
4.788403
1.151058
0.427536
1.381270
0.690635
0.427536
6.538012
5.801335
1.368115
2.394202
6.860309
9.405791
14.641463
3.637345
5.985504
3.867556
3.847824
5.479038
0.641304
1.657524
0.213768
1.197101
0.812318
0.598550
2.479709
0.230212
0.256522
1.151059
0.470290
0.230212
0.000000
0.460423
0.555797
0.782720
0.513043
0.046042
0.427536
0.966889
0.414381
0.042754
0.460423
0.920847
1.068840
0.644593
0.046042
1.197101
1.111593
0.644593
0.000000
0.276254
0.171014
0.046042
1.473355
0.384783
1.243143
0.092085
0.322296
0.299275
0.506466
2.900667
1.239855
0.598550
1.539130
1.151058
0.897826
0.506466
0.513043
0.506466
0.213768
0.000000
0.598550
1.427313
0.299275
0.046042
0.427536
0.506466
0.684058
0.230212
0.171015
1.368115
0.782720
0.322296
0.368339
0.684058
0.368339
0.046042
0.138127
0.085507
0.690635
0.644593
0.171014
0.690635
0.276254
0.046042
0.128261
0.230212
0.920847
0.812318
0.322296
0.322296
0.276254
0.384782
1.058974
0.046042
1.197101
0.046042
0.092085
0.138127
0.256521
0.000000
0.138127
0.782720
0.726811
0.046042
0.368339
0.684058
0.690635
0.736677
0.138127
0.256522
0.460423
0.322296
0.256522
1.197101
1.197101
0.460423
0.983333
0.046042
0.322296
0.812318
0.092085
0.276254
0.552508
0.299275
0.092085
0.138127
0.184169
0.897826
1.012931
0.138127
0.042754
0.184169
0.874804
0.414381
0.213768
0.046042
0.322296
1.154347
1.703567
0.322296
0.690635
