0.085507
0.414381
0.506466
0.184169
0.552508
0.736677
0.138127
0.506466
0.213768
0.598550
0.736677
0.184169
0.138127
0.138127
0.460423
0.513043
0.644593
0.368339
0.138127
0.414381
0.460423
0.092085
0.256522
0.092085
0.184169
0.552508
0.092085
0.138127
0.414381
0.427536
0.230212
0.368339
0.460423
0.552508
0.414381
0.552508
0.552508
0.427536
0.690635
0.092085
0.000000
0.598550
0.460423
0.092085
0.046042
0.000000
0.000000
0.874805
0.782720
0.506466
0.092085
0.046042
0.138127
0.256522
0.046042
0.460423
0.506466
0.690635
0.506466
0.552508
0.983333
0.690635
0.046042
0.046042
0.506466
0.368339
0.552508
0.171014
0.736677
0.782720
0.046042
0.874804
0.506466
0.782720
0.598550
0.256522
1.012931
1.105016
0.138127
0.828762
0.276254
0.368339
0.299275
0.874804
1.012932
0.046042
0.828762
0.046042
0.000000
0.230212
0.769565
0.184169
0.552508
0.276254
0.644593
0.230212
1.381270
0.470290
0.046042
0.874804
1.151059
0.414381
0.184169
0.598550
0.092085
0.855072
0.276254
0.736677
0.690635
0.322296
0.138127
0.460423
0.000000
0.460423
0.460423
0.230212
0.276254
0.230212
0.322296
0.644593
0.299275
0.644593
0.138127
0.276254
0.690635
0.460423
0.046042
0.299275
0.092085
0.092085
0.368339
0.046042
0.368339
0.414381
0.506466
0.342029
0.460423
0.368339
0.598550
1.289186
0.276254
0.138127
0.427536
0.368339
0.276254
0.184169
0.000000
0.368339
0.184169
0.414381
0.555797
0.000000
0.598550
5.294869
3.084837
1.111594
1.335228
0.506466
0.427536
0.414381
0.085507
0.966889
0.598550
1.795651
1.887736
0.184169
0.000000
0.276254
0.769565
0.736677
1.151059
0.342029
1.887736
0.828762
0.940579
0.184169
0.299275
1.703567
0.230212
0.299275
0.920847
0.920847
0.726811
0.598550
0.322296
0.299275
0.460423
0.000000
0.322296
0.368339
0.138127
0.874804
0.000000
0.138127
1.012931
0.042754
0.368339
0.138127
2.578371
2.946710
0.726811
0.046042
0.828762
0.427536
0.460423
1.154347
1.243143
2.946710
2.565216
0.138127
0.046042
0.085507
0.552508
0.460423
0.213768
0.230212
0.641304
0.138127
0.368339
0.983333
0.046042
0.966889
0.128261
0.276254
0.276254
1.381270
1.795651
2.025863
0.736678
0.920847
0.046042
1.151058
0.184169
0.644593
0.769565
0.046042
0.230212
0.598550
0.138127
0.644593
0.966889
0.470290
0.552508
0.644593
2.071905
1.473355
0.138127
0.966889
2.025863
0.598550
1.289186
1.243143
0.322296
0.000000
0.828762
0.046042
0.085507
0.552508
0.644593
1.058974
0.138127
0.828762
0.230212
1.105016
0.085507
0.092085
0.598550
0.874804
0.690635
0.552508
0.184169
0.368339
0.855072
0.506466
1.519397
0.828762
0.276254
0.138127
0.966889
0.213768
0.138127
0.368339
0.552508
1.012931
0.828762
0.184169
0.092085
0.342029
0.368339
0.414381
0.230212
0.322296
0.368339
0.736677
0.940579
0.322296
0.414381
1.381270
0.184169
1.841694
0.874804
0.230212
1.026086
0.000000
0.690635
3.407133
2.071905
1.282608
0.460423
0.230212
0.171014
0.230212
1.111594
0.000000
1.197101
0.042754
0.046042
0.000000
1.154347
0.828762
0.046042
0.276254
0.184169
1.427312
0.812318
0.184169
0.046042
0.092085
0.184169
0.046042
0.184169
0.092085
0.171014
0.460423
1.197101
0.092085
0.368339
0.230212
0.598550
0.470290
0.138127
0.276254
2.992752
1.105016
0.966889
0.460423
0.427536
2.025863
0.368339
1.154347
0.782720
3.821514
2.946710
1.624637
7.919282
4.281938
3.762317
1.012931
0.555797
0.368339
0.552508
0.213768
0.736677
0.368339
0.085507
0.276254
0.213768
0.046042
0.184169
0.342029
0.138127
0.276254
0.042754
0.690635
0.184169
0.000000
0.598550
0.684058
0.644593
0.322296
0.046042
0.138127
4.558192
2.025863
3.163767
0.598550
4.281938
0.276254
0.427536
1.887736
1.243143
1.657524
3.805070
4.466107
2.071905
1.368115
1.197101
0.276254
0.966889
0.042754
2.808583
0.138127
2.094927
0.506466
1.381270
0.812318
0.690635
0.276254
0.138127
0.384782
10.865992
0.213768
20.811138
28.362082
1.710144
1.749609
1.703567
1.565440
0.470290
0.920847
3.130879
1.749609
0.470290
16.160861
0.966889
12.845812
4.360867
1.289186
2.821738
0.782720
1.841694
1.154347
0.690635
1.657524
2.650723
1.933778
0.085507
0.184169
0.184169
0.769565
0.460423
1.105016
0.769565
0.322296
0.171014
0.276254
1.058974
0.256522
0.138127
0.690635
0.342029
0.046042
0.046042
0.874804
1.197101
0.092085
2.440244
1.151058
0.555797
0.460423
0.000000
0.368339
2.808583
1.565439
2.052173
2.900667
1.381270
0.042754
0.184169
0.427536
1.381270
0.276254
1.581883
0.046042
0.368339
0.171014
0.368339
0.726811
1.058974
1.565440
0.256522
0.322296
0.138127
0.000000
0.184169
0.092085
1.012931
0.368339
0.460423
2.025863
2.210032
1.838405
1.657524
0.276254
0.506466
0.414381
0.506466
1.381270
0.276254
1.710144
1.012931
5.709250
1.933778
4.420065
8.123184
5.202784
1.933778
2.949999
0.874804
4.005684
0.085507
2.394202
1.197101
0.513043
0.414381
0.460423
0.299275
0.414381
0.256522
0.276254
0.414381
0.256522
0.046042
0.230212
0.042754
0.138127
0.042754
0.184169
0.138127
0.414381
0.736677
0.046042
0.368339
0.598550
0.690635
0.368339
0.368339
0.368339
5.064657
2.992752
3.719563
2.624413
0.460423
0.213768
0.920847
2.808583
7.044478
7.182605
0.092085
1.026086
0.184169
0.460424
2.900667
0.513043
0.092085
0.092085
0.322296
0.384782
0.138127
0.046042
0.736677
0.598550
0.000000
0.460423
3.206520
3.959641
2.716498
1.519397
0.966889
0.042754
2.210032
0.552508
1.282608
2.163990
0.690635
1.026086
2.163990
0.598550
0.769565
1.519397
0.874804
0.726811
1.105016
0.644593
0.256522
1.243143
0.138127
0.684058
0.828762
0.085507
0.092085
0.460423
0.213768
0.368339
0.230212
0.184169
0.276254
0.171014
0.184169
0.368339
0.184169
0.000000
0.690635
0.230212
0.470290
0.598550
0.782720
8.287621
0.920847
1.667391
3.130879
5.801335
5.173186
3.407133
0.213768
2.900667
1.105016
0.598550
1.243143
0.184169
0.506466
0.213768
0.138127
0.552508
0.513043
0.506466
0.042754
0.230212
0.368339
3.591302
4.051726
1.381270
0.322296
2.565216
3.545260
0.230212
1.795651
1.151058
0.342029
2.117948
1.657524
0.184169
2.137680
0.460423
1.749609
0.128261
0.046042
0.460423
0.042754
0.368339
2.693477
1.058974
0.690635
0.384782
0.644593
0.782720
0.855072
1.197101
0.555797
1.151059
0.874804
0.555797
0.046042
0.276254
0.414381
0.276254
0.230212
0.828762
0.342029
0.552508
0.184169
0.460423
0.184169
0.138127
0.414381
0.555797
0.920847
0.414381
0.322296
1.058974
0.644593
0.092085
1.335228
0.256522
0.322296
0.368339
0.138127
0.276254
0.138127
0.460423
0.171014
0.276254
0.414381
0.506466
0.230212
0.598550
0.184169
0.644593
0.299275
0.230212
0.230212
0.920847
1.012931
1.703567
0.092085
0.085507
0.322296
0.322296
0.506466
0.000000
0.368339
0.046042
0.000000
0.256522
0.460423
0.138127
0.046042
0.138127
0.184169
0.552508
0.414381
0.812318
0.092085
0.138127
0.276254
0.414381
0.552508
0.368339
0.342029
0.230212
0.644593
0.368339
0.920847
0.874804
0.276254
0.414381
0.128261
0.368339
0.460423
0.506466
0.552508
1.105016
0.184169
0.256522
0.414381
0.184169
0.414381
0.828762
1.289185
0.230212
0.552508
0.128261
0.322296
0.552508
8.517833
9.254511
5.002172
2.163990
1.427313
1.624637
1.335228
0.920847
1.197101
3.038795
1.923912
0.828762
2.670456
1.841694
0.256522
0.368339
0.000000
0.046042
0.782720
1.026086
0.690635
0.092085
0.171014
0.230212
0.092085
0.256522
0.506466
0.368339
6.199272
5.340911
0.092085
3.591303
3.315049
3.463042
1.611482
3.637345
5.344200
0.092085
1.565439
0.598550
1.058974
0.092085
0.726811
0.598550
0.085507
0.552508
0.828762
0.000000
1.151058
1.243143
0.966889
0.042754
0.920847
2.394202
2.117948
1.335228
17.173792
12.954341
1.197101
3.163766
6.123631
8.425747
4.650277
0.299275
0.046042
0.552508
0.092085
0.920847
0.684058
1.703566
0.230212
0.552508
0.983333
0.736677
1.105016
0.042754
0.414381
1.381270
0.513043
0.552508
2.762540
3.084837
0.920847
0.342029
0.322296
0.460423
1.703567
1.325362
0.184169
0.322296
0.184169
2.762540
1.703567
0.684058
0.046042
0.644593
1.105016
0.000000
0.276254
0.736677
0.299275
0.598550
0.414381
0.598550
0.598550
0.552508
0.276254
0.046042
0.368339
0.368339
0.414381
0.598550
0.092085
0.046042
0.184169
0.000000
0.046042
0.276254
0.276254
0.276254
0.230212
0.230212
0.276254
0.414381
0.230212
0.552508
0.276254
0.322296
0.414381
0.414381
0.046042
0.138127
0.276254
0.092085
0.092085
0.046042
1.749609
1.335228
0.230212
0.184169
0.276254
0.184169
0.276254
0.874804
0.368339
0.769565
0.138127
4.742361
3.821514
1.881158
2.117948
2.854625
0.641304
3.130879
1.105016
0.322296
0.983333
0.644593
6.584054
7.044478
0.171014
1.105016
0.966889
0.299275
0.092085
0.230212
0.555797
0.230212
0.085507
0.230212
4.742361
4.466107
0.299275
0.368339
3.176921
2.821738
0.460423
0.230212
0.897826
0.368339
0.966889
0.171014
0.598550
0.641304
0.184169
0.322296
1.710144
1.197101
0.322296
0.874804
0.427536
0.092085
0.276254
0.414381
0.138127
0.552508
0.000000
0.046042
0.276254
0.460423
0.230212
0.552508
0.322296
0.000000
0.230212
0.644593
0.460423
0.184169
0.460423
0.046042
0.414381
0.085507
0.000000
0.460423
0.000000
0.138127
0.414381
0.644593
0.322296
0.000000
0.138127
0.046042
0.184169
0.046042
0.184169
0.230212
8.379706
5.857243
1.703567
0.276254
0.184169
0.213768
0.598550
0.184169
0.414381
0.171014
0.414381
0.644593
0.184169
0.940579
0.184169
0.085507
0.092085
0.000000
0.256522
0.322296
0.138127
0.046042
0.322296
4.374022
3.591302
0.092085
0.414381
0.322296
0.506466
0.092085
0.092085
0.230212
0.138127
0.506466
0.092085
0.184169
0.138127
0.184169
0.460423
0.184169
0.230212
0.046042
1.565439
1.979821
0.782720
0.414381
0.092085
2.210032
9.853060
9.346594
2.670456
1.667390
2.578371
3.867557
0.513043
0.230212
0.000000
1.151059
0.000000
0.276254
0.092085
0.230212
0.230212
0.085507
0.552508
0.874804
0.322296
0.598550
0.644593
0.042754
0.690635
0.736677
0.414381
0.368339
0.368339
0.414381
0.085507
0.138127
0.598550
1.012931
0.000000
0.506466
0.092085
0.276254
0.085507
0.322296
7.781155
4.742361
0.427536
1.473355
0.322296
0.384782
0.184169
0.506466
0.342029
0.966889
0.213768
1.105016
0.000000
0.042754
0.782720
0.184169
0.256522
0.598550
5.709250
4.018838
3.913599
4.466107
9.070341
2.479709
2.808583
1.887736
7.781156
5.728983
0.920847
0.555797
1.012932
3.269006
0.046042
0.855072
0.092085
0.128261
0.046042
0.092085
0.213768
0.046042
0.092085
0.128261
0.092085
0.684058
0.184169
1.105016
0.184169
0.368339
0.092085
0.000000
0.046042
0.414381
0.092085
0.184169
0.138127
0.598550
0.046042
0.276254
0.230212
1.289185
6.445928
5.386954
2.308695
10.865992
11.372458
9.438680
4.880488
3.847824
0.046042
2.624413
0.427536
1.887736
3.130879
2.256075
0.598550
1.381270
0.690635
1.427313
0.736677
0.555797
3.176921
0.966889
2.163990
0.513043
1.887736
1.565440
0.555797
0.874804
2.256075
2.736230
0.138127
5.018615
1.565440
2.650723
0.874804
0.322296
1.657524
2.992752
1.795651
4.420065
0.368339
0.000000
0.414381
0.644593
0.769565
0.368339
0.085507
0.276254
0.644593
0.042754
0.322296
0.368339
0.085507
0.598550
0.414381
0.276254
0.046042
0.000000
0.042754
0.046042
0.782720
0.736677
0.736677
12.109135
10.132603
0.276254
0.368339
1.410869
0.046042
1.026086
1.519397
7.182605
9.021010
4.926530
3.453176
1.881158
9.622848
6.814266
1.752898
1.151058
1.581883
0.644593
0.966889
0.000000
0.506466
0.726811
1.058974
0.506466
5.087679
4.604234
0.414381
0.460423
0.726811
2.163990
2.946710
5.472461
1.979821
0.184169
0.042754
0.414381
0.828762
3.762317
3.176921
1.068840
0.046042
2.025863
0.726811
0.046042
0.598550
0.342029
0.322296
0.598550
0.506466
0.874804
0.641304
0.046042
0.046042
0.276254
0.046042
0.046042
0.138127
0.555797
0.230212
0.000000
0.690635
0.184169
0.184169
0.736677
0.644593
0.128261
0.184169
0.184169
0.092085
0.414381
1.105016
0.782720
0.138127
0.085507
0.828762
0.736677
0.460423
0.138127
0.092085
0.230212
0.085507
0.046042
0.046042
0.046042
0.782720
0.322296
0.000000
0.506466
0.555797
0.460423
0.230212
0.276254
0.000000
0.184169
9.070341
7.952170
1.012931
0.368339
1.539130
4.097768
2.522463
2.210032
3.315048
0.414381
0.256522
0.460423
0.506466
0.184169
0.171014
0.138127
0.000000
3.361091
2.210032
1.197101
6.123631
2.348160
0.920847
1.410869
1.979820
0.322296
1.239854
0.414381
1.105016
0.128261
1.473355
1.197101
1.154347
0.184169
0.230212
0.213768
0.920847
0.046042
0.470290
0.276254
0.042754
0.184169
0.092085
0.299275
0.460423
0.322296
0.506466
0.460423
0.138127
0.230212
0.042754
0.092085
0.092085
0.552508
1.058974
0.828762
0.598550
0.128261
0.000000
2.256075
2.348159
1.335228
2.486286
3.084837
4.097768
4.360867
0.138127
0.736677
0.828762
0.184169
0.092085
1.473355
1.381270
0.085507
0.276254
0.230212
0.092085
0.092085
0.368339
0.092085
0.128261
0.874804
0.046042
0.874804
1.058974
0.276254
0.368339
0.414381
0.128261
0.138127
0.322296
0.644593
0.460423
0.138127
0.828762
0.427536
0.276254
0.690635
0.276254
0.966889
0.920847
0.046042
0.644593
0.256522
0.690635
0.138127
0.230212
0.460423
0.506466
0.828762
0.684058
0.230212
0.230212
0.874804
0.092085
0.276254
1.058974
0.828762
0.940579
0.276254
0.322296
0.736678
0.138127
0.552508
0.552508
1.282608
0.322296
0.598550
0.828762
1.058974
1.105016
0.874804
1.657524
0.128261
0.920847
0.092085
0.138127
0.230212
0.230212
0.276254
1.282608
0.092085
1.519397
0.046042
0.966889
0.506466
0.046042
1.335228
2.821738
0.138127
0.138127
0.552508
0.644593
0.092085
0.092085
0.384782
0.046042
0.092085
0.414381
0.092085
0.000000
0.138127
0.092085
0.513043
0.368339
0.598550
0.368339
0.506466
0.184169
0.230212
0.368339
0.342029
0.000000
0.092085
0.644593
0.460424
0.690635
1.243143
0.368339
0.213768
0.138127
0.414381
0.460423
0.552508
0.046042
0.046042
0.470290
0.092085
0.138127
0.368339
0.138127
0.506466
0.368339
0.736677
5.087678
6.261758
0.460423
0.690635
6.883330
7.136563
1.611482
1.012931
0.782720
0.042754
0.138127
0.736677
0.230212
0.555797
0.920847
1.151059
0.322296
0.213768
0.092085
0.138127
0.138127
0.171014
0.046042
0.598550
0.414381
0.184169
0.414381
0.368339
0.092085
0.966889
1.197101
0.138127
0.276254
0.368339
0.460423
0.046042
0.184169
0.230212
0.184169
0.184169
1.012932
0.598550
0.230212
0.184169
0.276254
0.322296
0.644593
0.092085
0.184169
0.644593
0.828762
0.920847
1.105016
0.276254
0.046042
0.736677
1.611482
0.230212
1.611482
1.473355
0.552508
0.460423
0.782720
0.322296
0.552508
0.138127
0.644593
0.092085
0.213768
0.368339
0.138127
0.598550
0.213768
0.368339
0.000000
0.138127
0.322296
0.368339
0.299275
0.184169
0.598550
0.644593
0.828762
0.046042
0.046042
0.414381
0.138127
0.598550
0.000000
0.322296
0.184169
0.414381
0.230212
0.092085
0.184169
0.092085
0.920847
0.920847
0.184169
0.874805
3.683387
4.281937
2.670455
6.284779
0.828762
1.887736
0.736677
0.855072
0.644593
3.222963
3.683387
1.966666
3.499218
1.519397
0.046042
4.097768
1.325362
1.749609
1.368115
0.414381
0.828762
1.581883
1.473355
0.460423
0.427536
0.414381
0.983333
0.322296
0.506466
0.384782
0.230212
0.092085
0.256522
0.046042
0.213768
0.276254
0.920847
0.138127
0.322296
0.322296
0.184169
0.855072
0.644593
0.046042
1.197101
1.335228
8.932214
5.386954
15.101887
9.254510
6.123631
1.239854
0.184169
1.151059
2.117948
0.470289
0.046042
0.828762
0.966889
0.128261
0.230212
0.184169
0.552508
0.966889
0.171014
1.151059
0.230212
0.552508
0.427536
0.644593
0.138127
0.138127
0.322296
0.736677
0.000000
0.092085
0.414381
0.736677
0.414381
0.920847
0.920847
0.414381
0.874805
1.151059
0.736677
0.414381
0.184169
0.276254
0.598550
1.611482
0.828762
0.414381
0.046042
0.322296
0.460424
0.966889
0.506466
1.335228
0.460424
0.368339
0.414381
1.427313
0.920847
0.368339
0.368339
0.046042
0.782720
0.046042
0.046042
0.460424
1.427312
5.939462
2.808583
4.466107
4.143810
1.105016
8.721735
8.149494
2.256075
0.276254
1.881158
0.414381
1.289185
0.276254
0.641304
0.552508
1.012931
2.302117
0.128261
1.933778
4.327980
0.644593
0.042754
2.670456
10.267441
12.845813
1.453622
0.138127
0.506466
1.335228
3.676810
1.887736
0.092085
0.322296
0.230212
0.256522
0.874804
0.138127
0.506466
0.299275
1.058974
0.874804
0.506466
0.213768
0.092085
0.598550
0.276254
0.552508
0.555797
0.322296
0.230212
0.828762
0.598550
0.874804
0.874804
0.690635
0.046042
0.414381
0.276254
0.046042
0.322296
1.197101
0.828762
0.782720
1.151058
0.690635
2.163990
1.289185
0.874804
1.473355
5.847377
2.094927
14.549379
9.070341
4.745650
3.084837
0.736678
0.322296
14.536225
10.405569
3.315049
1.581883
0.276254
0.322296
0.414381
0.342029
0.552508
0.782720
0.184169
2.348159
1.624637
4.374023
7.458859
0.598550
2.265941
9.162425
8.563875
0.940579
0.460423
5.202784
0.812319
5.571123
0.414381
0.230212
1.923912
3.499218
2.117948
2.117948
0.322296
1.581883
1.151059
0.230212
0.322296
0.085507
0.046042
0.368339
0.322296
0.230212
0.812318
0.276254
0.184169
0.690635
0.230212
1.197101
0.769565
1.105016
0.690635
0.092085
0.726811
0.644593
2.946710
0.920847
1.243143
0.897826
0.782720
2.210032
1.381270
2.565216
4.696319
5.755293
1.565439
0.171014
1.519397
2.946710
1.105016
0.299275
0.598550
0.322296
0.552508
0.322296
0.256522
0.920847
0.046042
0.690635
0.085507
0.782720
1.519397
1.703567
8.379706
6.952393
1.979821
0.598550
2.486286
9.833328
8.702002
14.641465
3.847825
9.438680
5.801335
0.299275
1.979821
0.690635
2.302117
0.384782
0.276254
1.657524
0.828762
0.171014
0.230212
0.046042
0.138127
0.092085
0.171014
0.598551
0.092085
0.092085
0.384782
0.552508
0.092085
1.012931
0.322296
0.598550
0.322296
0.184169
0.184169
0.598550
0.276254
0.046042
2.163990
2.532328
0.644593
0.184169
0.552508
2.348159
11.418500
4.512149
2.607969
10.405570
10.497655
12.911587
2.256075
0.046042
1.519397
0.042754
0.920847
1.151059
0.184169
0.513043
0.506466
0.368339
2.117948
2.009419
3.453175
0.828762
3.499218
0.828762
4.831157
2.578371
4.005684
8.563875
0.042754
8.425748
1.565440
0.138127
0.644593
0.684058
0.460423
0.506466
0.414381
0.470289
0.828762
0.276254
0.460423
0.598550
0.552508
0.644593
0.230212
0.138127
0.128261
0.046042
0.828762
0.046042
0.322296
0.230212
0.920847
3.130879
19.752163
5.515213
15.746481
2.440244
3.361091
1.325362
2.762541
1.841694
2.532329
1.752898
6.538012
1.151059
7.090521
1.105016
0.256522
1.058974
1.565440
0.276254
0.470290
0.276254
0.920847
0.414381
0.769565
0.690635
0.230212
0.276254
1.105016
0.855072
0.184169
0.598550
0.322296
6.242025
3.453175
4.650277
6.722182
5.600722
3.545260
2.117948
1.703566
1.026086
2.762540
0.046042
1.519397
0.046042
0.256522
0.874804
0.598550
0.782720
0.555797
0.046042
0.322296
0.782720
0.427536
0.690635
0.046042
1.657524
1.197101
0.276254
0.322296
0.230212
0.414381
0.092085
0.230212
0.874804
0.414381
0.092085
0.138127
4.604234
4.275360
7.827198
3.821514
6.261758
11.628979
15.608354
4.466107
15.605065
1.197101
0.138127
0.184169
0.983333
0.184169
0.184169
0.368339
0.342029
0.138127
0.230212
0.184169
0.342029
0.322296
0.138127
0.046042
5.110700
4.232606
9.116383
8.333664
0.128261
2.210032
0.414381
0.966889
2.210032
1.239855
1.335228
0.368339
1.243143
0.384782
2.117948
1.611482
0.920847
2.736230
4.281938
1.381270
1.703567
0.736678
0.042754
0.598550
0.322296
0.046042
0.256522
0.598550
0.092085
0.046042
0.940579
0.138127
0.230212
0.552508
0.092085
0.920847
0.552508
0.460423
0.092085
0.506466
0.184169
37.892844
11.799993
22.330534
5.340911
8.037677
1.151058
0.138127
2.117948
2.762540
0.384782
0.690635
0.506466
0.644593
0.256522
0.368339
0.874805
0.092085
0.513043
0.184169
0.552508
0.184169
1.611482
10.902168
10.681822
0.874804
3.676810
4.696318
1.058974
1.381270
0.128261
1.565440
3.222964
5.985505
3.361091
1.710144
2.117948
0.322296
1.058974
0.555797
0.506466
0.046042
0.920847
0.644593
0.085507
0.460423
0.184169
0.046042
0.769565
1.105016
0.138127
0.690635
1.239854
0.966889
0.782720
0.138127
0.460423
0.230212
0.748188
5.893419
6.370286
10.681822
5.202785
8.764489
3.775472
8.748045
0.782720
3.334781
5.294868
7.550943
2.532329
0.513043
0.184169
0.092085
0.368339
0.322296
0.085507
0.230212
0.828762
0.644593
1.282608
0.782720
0.690635
0.736677
0.641304
0.322296
2.992752
2.578371
0.213768
9.162426
10.129315
2.532329
2.009419
4.143810
0.506466
3.890578
0.828762
1.749609
0.598550
5.110700
5.709250
2.348159
1.151059
0.128261
0.966889
0.414381
0.276254
0.470290
0.690635
0.598550
0.322296
1.325362
0.322296
0.874804
0.138127
0.000000
0.042754
0.782720
0.552508
0.874804
0.736677
0.276254
0.184169
0.184169
1.703567
9.024299
10.431879
9.300554
4.051725
9.484722
13.894920
9.853061
19.521951
22.915929
4.005684
0.552508
0.920847
0.598550
0.736677
0.368339
0.184169
0.299275
0.092085
0.276254
0.690635
0.414381
0.171014
0.092085
0.874804
0.322296
0.128261
10.635780
3.407133
5.663208
7.268112
0.736677
2.071905
5.294869
1.923912
2.025863
8.379706
0.552508
1.289185
0.128261
0.506466
2.117948
0.644593
0.983333
1.012931
0.460423
0.920847
0.213768
0.644593
0.736677
1.197101
1.058974
0.299275
0.644593
0.782720
0.460423
0.427536
0.782720
0.690635
0.368339
1.026086
0.092085
0.690635
0.782720
0.736677
1.539130
0.276254
0.184169
0.552508
0.427536
0.092085
0.598550
0.092085
0.085507
0.736677
0.184169
0.460423
0.085507
0.230212
0.230212
0.460423
1.058974
0.690635
0.322296
1.058974
0.690635
0.184169
0.874804
0.506466
0.460423
0.322296
0.874805
1.381270
0.046042
0.368339
0.828762
1.243143
0.092085
1.058974
0.230212
0.460423
0.138127
0.460423
0.092085
0.184169
0.184169
0.184169
0.552508
0.046042
1.197101
0.506466
0.184169
0.322296
0.690635
0.506466
0.414381
0.276254
0.460423
0.276254
1.335228
1.105016
1.611482
0.322296
0.046042
0.460423
0.276254
0.368339
0.460423
0.552508
0.690635
0.644593
0.598550
0.092085
0.322296
0.414381
0.506466
0.598550
0.552508
0.322296
0.782720
0.000000
0.874805
0.644593
0.368339
0.506466
0.276254
0.322296
0.092085
0.230212
0.598550
0.322296
0.046042
0.000000
0.184169
0.548671
0.138127
0.368339
0.828762
0.920847
0.092085
1.058974
0.644593
0.322296
0.690635
1.058974
0.414381
0.322296
0.368339
0.184169
0.046042
0.092085
0.414381
0.184169
0.276254
0.460423
0.046042
0.552508
0.828762
0.736677
0.276254
0.598550
0.782720
0.506466
1.012931
0.736677
1.519397
0.920847
0.552508
0.782720
0.874805
1.105016
0.598550
0.138127
0.138127
0.552508
0.598550
0.368339
0.230212
0.276254
0.552508
0.092085
0.644593
0.092085
0.230212
0.414381
0.230212
0.644593
0.276254
0.322296
0.920847
