0.690635
0.230212
0.184169
0.092085
0.812318
1.197101
1.197101
0.598550
0.368339
0.046042
0.230212
0.855072
0.092085
0.782720
0.184169
0.414381
0.506466
0.046042
1.068840
0.368339
1.058974
0.046042
0.644593
0.644593
0.644593
0.552508
0.470290
0.460423
0.644593
0.046042
0.736678
1.197101
0.644593
0.085507
0.598550
0.736677
0.598550
0.230212
0.460423
0.506466
0.276254
0.171014
0.506466
0.000000
0.276254
0.506466
0.506466
0.506466
0.736677
0.684058
0.276254
0.138127
0.230212
0.644593
0.276254
0.138127
0.042754
0.598550
0.828762
0.874804
0.046042
0.368339
0.092085
0.276254
0.042754
0.368339
0.276254
0.414381
0.138127
0.874805
0.368339
0.769565
0.368339
0.644593
0.230212
0.368339
0.782720
0.046042
0.276254
0.128261
0.920847
0.552508
1.519397
1.381270
0.046042
0.184169
0.042754
1.012932
0.092085
0.414381
0.782720
1.105016
1.289185
0.684058
0.690635
1.565440
0.598550
0.046042
0.046042
0.598550
1.197101
0.555797
0.368339
0.276254
0.506466
0.046042
0.046042
5.386954
4.446374
0.966889
0.384782
0.092085
0.920847
0.769565
0.966889
7.320732
5.344200
1.335228
1.111594
4.788403
4.466107
0.983333
0.368339
0.092085
0.384782
1.979821
2.670456
0.342029
0.368339
0.427536
0.828762
0.276254
0.085507
0.506466
0.046042
0.384782
0.138127
0.042754
0.414381
0.184169
0.460423
0.855072
0.874804
0.138127
0.736677
0.552508
0.782720
1.243143
1.154347
0.460423
0.414381
0.092085
1.012931
0.506466
0.782720
0.782720
0.513043
0.322296
0.506466
0.874804
0.046042
0.276254
0.138127
0.470290
0.138127
0.230212
0.414381
1.151059
0.460423
0.184169
0.920847
0.513043
0.000000
0.368339
0.184169
0.138127
0.092085
0.276254
0.342029
0.874804
0.966889
0.092085
0.138127
0.276254
0.184169
0.828762
0.641304
0.552508
0.920847
0.460423
0.184169
0.184169
0.276254
0.213768
0.000000
0.322296
0.782720
0.368339
0.690635
0.184169
0.368339
0.812318
0.828762
0.092085
0.138127
0.138127
0.552508
0.414381
0.470290
0.322296
0.598550
0.460424
0.092085
0.460423
0.138127
0.046042
0.513043
0.046042
0.000000
0.460423
0.184169
0.046042
0.552508
0.230212
0.213768
0.736677
0.460423
0.828762
0.552508
0.690635
0.184169
0.000000
0.460423
0.138127
0.322296
0.092085
0.506466
0.828762
0.276254
0.085507
0.414381
0.322296
0.046042
0.000000
0.460423
0.644593
0.230212
0.641304
0.230212
0.184169
0.322296
0.506466
0.644593
0.460423
0.427536
0.368339
0.736678
0.506466
0.690635
0.230212
0.414381
0.042754
0.598550
1.197101
1.473355
1.243143
0.322296
0.092085
0.598550
0.171014
0.000000
0.092085
0.782720
0.276254
0.874804
0.644593
0.322296
0.256522
0.460423
0.184169
0.598550
0.184169
0.184169
0.092085
0.171014
0.644593
0.506466
0.092085
0.414381
0.414381
0.782720
0.085507
0.276254
0.230212
0.230212
0.276254
0.046042
0.138127
0.092085
