-91.906,0.073,0.536,-9.782,0.022,-0.010,0.007,0.006,0.000
-91.747,0.086,0.529,-9.833,-0.035,-0.060,0.011,0.006,-0.000
-91.186,0.035,0.524,-9.813,0.065,0.571,0.009,0.005,0.000
-90.766,0.011,0.524,-9.837,0.035,0.517,0.001,0.002,0.000
-90.610,0.017,0.527,-9.833,-0.010,0.117,-0.005,-0.005,0.000
-90.384,0.005,0.530,-9.807,0.017,0.290,-0.005,-0.008,0.001
-90.307,-0.007,0.535,-9.780,0.019,0.060,-0.008,-0.006,0.000
-90.480,0.011,0.539,-9.794,-0.030,-0.344,-0.006,-0.005,0.000
-90.495,0.020,0.541,-9.797,-0.014,-0.101,-0.004,-0.004,0.000
-90.450,0.018,0.544,-9.790,0.000,-0.012,-0.004,-0.003,0.000
-90.486,0.021,0.545,-9.807,-0.008,-0.136,-0.002,-0.002,0.001
-90.404,0.011,0.545,-9.795,0.013,0.045,-0.000,-0.002,0.001
-90.312,0.003,0.546,-9.790,0.011,0.075,-0.002,-0.001,0.000
-90.292,0.007,0.548,-9.810,-0.007,-0.017,-0.003,-0.002,-0.000
-90.176,0.000,0.550,-9.805,0.009,0.132,-0.003,-0.003,-0.000
-90.098,-0.004,0.552,-9.810,0.007,0.108,-0.005,-0.003,-0.000
-90.131,0.000,0.555,-9.811,-0.006,-0.065,-0.004,-0.003,-0.000
-90.144,-0.000,0.557,-9.789,0.001,-0.040,-0.003,-0.003,0.000
-90.138,0.002,0.560,-9.802,-0.003,-0.013,-0.004,-0.003,0.000
-90.096,0.001,0.562,-9.810,0.002,0.046,-0.003,-0.004,0.000
-89.935,-0.006,0.564,-9.815,0.011,0.264,-0.004,-0.005,-0.001
-90.007,0.018,0.568,-9.709,-0.035,-0.097,-0.006,-0.003,0.000
-89.608,-0.021,0.575,-9.789,0.057,0.611,-0.011,0.009,-0.000
-89.535,-0.046,0.584,-9.813,0.046,0.187,-0.017,0.006,-0.000
-89.476,-0.016,0.597,-9.881,-0.039,0.168,-0.020,0.005,-0.000
-89.471,-0.042,0.611,-9.811,0.044,0.103,-0.022,-0.006,0.001
-89.319,-0.028,0.628,-9.824,-0.014,0.334,-0.027,-0.006,0.001
-89.027,-0.046,0.649,-9.787,0.033,0.581,-0.034,-0.010,0.000
-88.851,-0.057,0.672,-9.767,0.026,0.471,-0.039,-0.005,-0.001
-88.587,-0.067,0.699,-9.782,0.024,0.605,-0.044,0.003,-0.000
-88.518,-0.086,0.730,-9.776,0.040,0.344,-0.050,0.003,0.001
-88.492,-0.073,0.762,-9.816,-0.008,0.295,-0.056,0.004,0.001
-88.674,-0.083,0.799,-9.821,0.028,-0.023,-0.058,-0.001,0.001
-88.770,-0.073,0.836,-9.825,-0.002,0.079,-0.058,-0.002,0.001
-88.931,-0.073,0.872,-9.783,0.011,-0.037,-0.057,-0.003,-0.000
-89.089,-0.062,0.907,-9.794,-0.005,-0.064,-0.056,0.002,0.000
-89.415,-0.054,0.941,-9.788,-0.001,-0.356,-0.053,0.004,0.001
-89.807,-0.034,0.968,-9.839,-0.027,-0.578,-0.046,0.004,-0.000
-90.367,-0.015,0.990,-9.822,-0.023,-0.843,-0.036,-0.000,0.001
-90.926,0.019,1.006,-9.799,-0.048,-0.937,-0.025,0.001,0.001
-91.320,0.038,1.015,-9.831,-0.034,-0.776,-0.014,0.001,0.000
-91.745,0.071,1.015,-9.783,-0.056,-0.888,-0.001,0.000,0.001
-91.834,0.083,1.010,-9.789,-0.033,-0.455,0.007,0.004,0.000
-91.598,0.054,1.004,-9.795,0.032,0.047,0.010,0.007,0.000
-91.344,0.046,0.999,-9.827,0.005,0.155,0.009,0.006,0.001
-90.895,0.021,0.997,-9.831,0.034,0.540,0.005,0.002,0.001
-90.312,-0.011,0.999,-9.826,0.046,0.760,-0.003,-0.003,-0.000
-90.101,-0.016,1.005,-9.814,0.012,0.317,-0.011,-0.007,0.001
-90.034,-0.014,1.013,-9.812,0.001,0.097,-0.013,-0.011,0.000
-90.079,-0.016,1.022,-9.779,0.005,-0.065,-0.014,-0.011,0.000
-90.299,0.003,1.028,-9.799,-0.027,-0.345,-0.011,-0.010,0.000
-90.172,-0.001,1.034,-9.816,0.007,0.177,-0.009,-0.012,0.000
-89.950,-0.014,1.042,-9.774,0.021,0.324,-0.013,-0.010,0.000
-89.518,0.011,1.051,-9.644,-0.036,0.675,-0.015,-0.003,0.001
-88.791,-0.057,1.068,-9.762,0.104,1.203,-0.027,0.014,0.000
-88.648,-0.076,1.088,-9.853,0.042,0.443,-0.035,0.012,0.000
-88.572,-0.049,1.113,-9.876,-0.031,0.351,-0.040,0.002,0.000
-88.760,-0.060,1.139,-9.802,0.026,-0.038,-0.041,-0.012,0.001
-88.799,-0.042,1.164,-9.785,-0.022,0.154,-0.044,-0.008,0.000
-88.812,-0.055,1.193,-9.771,0.027,0.190,-0.046,-0.006,-0.000
-88.997,-0.047,1.222,-9.765,-0.004,-0.086,-0.045,0.002,0.001
-89.243,-0.047,1.249,-9.793,0.009,-0.220,-0.042,0.008,0.000
-89.750,-0.022,1.272,-9.790,-0.032,-0.667,-0.036,0.009,0.000
-90.207,0.008,1.288,-9.827,-0.047,-0.752,-0.028,0.008,0.000
-90.830,0.035,1.298,-9.820,-0.044,-1.014,-0.017,0.003,-0.000
-91.275,0.062,1.300,-9.814,-0.049,-0.837,-0.004,-0.001,0.000
-91.314,0.053,1.298,-9.781,0.005,-0.286,0.004,0.003,-0.000
-91.284,0.056,1.294,-9.782,-0.015,-0.183,0.007,0.006,-0.001
-91.084,0.056,1.289,-9.820,-0.010,0.086,0.008,0.005,-0.000
-90.649,0.037,1.286,-9.829,0.024,0.560,0.005,0.002,0.001
-90.289,0.011,1.287,-9.836,0.038,0.508,-0.001,-0.001,0.000
-90.048,0.005,1.291,-9.843,0.008,0.335,-0.007,-0.007,0.000
-89.742,-0.017,1.298,-9.819,0.037,0.528,-0.012,-0.011,0.001
-89.774,-0.019,1.308,-9.792,0.007,0.004,-0.016,-0.011,0.000
-90.162,0.010,1.314,-9.782,-0.041,-0.556,-0.010,-0.008,0.001
-90.337,0.023,1.317,-9.778,-0.021,-0.296,-0.004,-0.004,0.001
-90.484,0.025,1.318,-9.794,-0.007,-0.307,-0.002,-0.002,0.001
-90.592,0.034,1.317,-9.803,-0.017,-0.250,0.002,-0.001,0.001
-90.330,0.015,1.315,-9.816,0.025,0.308,0.003,-0.001,0.001
-90.116,-0.010,1.315,-9.798,0.039,0.308,-0.001,0.002,-0.000
-90.243,0.008,1.315,-9.814,-0.026,-0.219,0.000,0.001,-0.001
-90.231,0.005,1.314,-9.818,0.003,-0.020,0.002,-0.001,0.001
-90.132,-0.002,1.315,-9.813,0.011,0.114,-0.001,-0.000,0.001
-90.251,0.019,1.314,-9.802,-0.034,-0.208,0.001,0.001,-0.001
-90.257,0.026,1.312,-9.791,-0.016,-0.054,0.005,0.002,-0.001
-90.216,0.022,1.308,-9.804,0.001,0.015,0.005,0.005,0.000
-90.348,0.028,1.305,-9.802,-0.013,-0.270,0.006,0.006,0.000
-90.468,0.035,1.299,-9.799,-0.016,-0.252,0.009,0.007,0.001
-90.322,0.013,1.293,-9.789,0.032,0.160,0.011,0.009,0.000
-90.146,0.003,1.288,-9.799,0.014,0.236,0.008,0.010,-0.000
-90.151,0.039,1.283,-9.802,-0.056,-0.037,0.008,0.005,-0.000
-89.789,-0.049,1.281,-9.947,0.145,0.603,0.004,0.000,-0.001
-89.437,-0.110,1.281,-9.810,0.104,0.593,-0.001,-0.009,0.001
-89.694,-0.042,1.285,-9.848,-0.087,-0.306,-0.005,0.002,0.000
-89.652,-0.028,1.285,-9.715,-0.014,0.123,0.000,-0.007,0.000
-89.622,-0.032,1.287,-9.848,0.011,0.114,-0.005,-0.003,-0.000
-90.088,-0.050,1.289,-9.852,0.034,-0.669,-0.002,0.004,-0.000
-90.182,-0.025,1.285,-9.813,-0.030,-0.166,0.006,0.005,-0.000
-90.108,-0.025,1.280,-9.755,0.004,0.077,0.007,0.006,-0.000
-90.131,0.010,1.277,-9.784,-0.050,-0.060,0.005,0.005,0.000
-90.068,0.009,1.273,-9.825,0.001,0.082,0.007,0.004,0.000
-89.879,-0.018,1.270,-9.824,0.045,0.310,0.005,0.003,0.000
-89.837,-0.016,1.269,-9.818,0.001,0.085,0.002,0.002,0.000
-89.837,-0.014,1.268,-9.808,-0.001,0.026,0.002,0.001,0.000
-89.828,-0.007,1.267,-9.803,-0.009,0.042,0.001,0.001,0.000
-89.915,-0.007,1.266,-9.797,0.001,-0.107,0.001,0.000,-0.001
-89.948,-0.006,1.264,-9.808,-0.001,-0.038,0.003,0.001,-0.000
-89.972,-0.004,1.263,-9.796,-0.002,-0.035,0.003,0.003,-0.000
-89.953,-0.004,1.260,-9.797,0.001,0.033,0.003,0.002,0.000
-89.922,-0.003,1.258,-9.801,-0.001,0.053,0.003,0.002,0.000
-89.891,-0.006,1.256,-9.804,0.005,0.065,0.003,0.001,0.000
-89.852,-0.008,1.255,-9.805,0.005,0.078,0.002,0.002,0.000
-89.845,-0.007,1.255,-9.807,-0.001,0.037,0.001,0.001,0.000
-89.856,-0.005,1.254,-9.798,-0.001,0.010,0.001,-0.000,0.001
-89.888,-0.003,1.253,-9.806,-0.003,-0.026,0.002,0.001,-0.000
-89.900,-0.003,1.252,-9.808,0.000,-0.001,0.002,0.001,-0.001
-89.874,0.004,1.251,-9.808,-0.011,0.060,0.001,0.001,-0.001
-89.833,-0.001,1.250,-9.805,0.007,0.085,0.001,0.000,0.000
-89.812,0.003,1.250,-9.813,-0.007,0.065,0.000,0.001,0.000
-89.768,-0.005,1.251,-9.804,0.012,0.102,-0.000,-0.001,0.000
-89.767,-0.001,1.251,-9.805,-0.005,0.043,-0.001,-0.002,0.000
-89.793,-0.001,1.252,-9.801,0.002,-0.003,-0.001,-0.002,0.001
-89.797,-0.006,1.253,-9.805,0.008,0.032,-0.002,-0.002,0.000
-89.820,-0.011,1.254,-9.800,0.008,0.000,-0.001,-0.001,0.001
-89.831,-0.013,1.254,-9.806,0.007,0.015,-0.001,-0.001,0.000
-89.728,-0.025,1.255,-9.818,0.022,0.208,-0.002,-0.003,0.000
-89.541,-0.035,1.259,-9.814,0.020,0.343,-0.006,-0.005,0.000
-89.401,-0.039,1.265,-9.826,0.013,0.306,-0.010,-0.008,-0.000
-89.349,-0.042,1.274,-9.807,0.011,0.192,-0.013,-0.010,-0.000
-89.502,-0.033,1.282,-9.793,-0.008,-0.116,-0.013,-0.011,-0.000
-89.732,-0.008,1.288,-9.758,-0.033,-0.263,-0.010,-0.009,0.001
-89.289,-0.067,1.296,-9.698,0.092,0.717,-0.012,0.013,0.000
-88.844,-0.091,1.308,-9.805,0.053,0.869,-0.023,0.017,0.000
-88.780,-0.068,1.323,-9.848,-0.019,0.290,-0.025,0.010,0.001
-88.691,-0.091,1.340,-9.850,0.047,0.350,-0.026,-0.001,0.001
-88.775,-0.082,1.356,-9.773,0.001,0.085,-0.028,-0.006,-0.000
-88.950,-0.057,1.375,-9.736,-0.026,-0.063,-0.030,0.000,0.000
-89.342,-0.049,1.391,-9.758,-0.003,-0.436,-0.025,0.008,0.000
-89.738,-0.027,1.401,-9.833,-0.026,-0.519,-0.016,0.013,0.000
-90.177,-0.012,1.407,-9.846,-0.020,-0.647,-0.008,0.005,0.000
-90.428,0.013,1.408,-9.847,-0.037,-0.423,-0.002,-0.000,0.000
-90.311,0.003,1.409,-9.795,0.016,0.129,-0.001,-0.001,0.000
-90.288,0.007,1.409,-9.812,-0.007,-0.016,-0.000,-0.001,0.000
-90.255,0.008,1.408,-9.813,-0.001,0.006,0.001,0.000,0.001
-90.180,0.004,1.408,-9.819,0.004,0.073,0.000,-0.000,-0.000
-90.234,0.007,1.409,-9.803,-0.005,-0.121,-0.002,-0.001,0.000
-90.261,0.014,1.409,-9.786,-0.012,-0.082,0.001,-0.001,0.001
-90.122,0.002,1.408,-9.791,0.017,0.171,0.001,0.001,0.001
-90.130,0.004,1.407,-9.826,-0.005,-0.035,0.001,0.001,-0.000
-90.071,-0.003,1.407,-9.822,0.012,0.071,0.001,-0.001,0.001
-89.912,-0.024,1.407,-9.808,0.036,0.260,-0.001,-0.001,0.000
-89.892,-0.016,1.409,-9.819,-0.008,0.049,-0.003,-0.002,0.001
-89.925,-0.012,1.411,-9.795,-0.002,-0.032,-0.003,-0.002,0.000
-90.019,-0.017,1.412,-9.795,0.009,-0.132,-0.002,-0.001,-0.000
-90.061,-0.013,1.413,-9.805,-0.002,-0.065,-0.002,-0.004,0.001
-89.807,-0.026,1.416,-9.829,0.023,0.392,-0.004,-0.007,0.001
-89.573,-0.036,1.421,-9.808,0.021,0.442,-0.009,-0.008,0.000
-89.688,0.006,1.426,-9.776,-0.057,-0.101,-0.009,-0.005,0.000
-89.357,-0.024,1.434,-9.771,0.044,0.559,-0.012,0.008,0.000
-89.238,-0.054,1.445,-9.769,0.056,0.302,-0.019,0.012,0.000
-89.376,-0.007,1.457,-9.828,-0.064,-0.096,-0.019,0.011,0.000
-89.558,-0.028,1.466,-9.850,0.034,-0.180,-0.015,0.003,0.001
-89.770,-0.013,1.473,-9.786,-0.018,-0.253,-0.011,-0.001,0.001
-89.894,-0.016,1.479,-9.791,0.007,-0.156,-0.010,0.003,-0.000
-90.153,0.004,1.482,-9.792,-0.031,-0.427,-0.005,0.003,0.000
-90.358,0.010,1.481,-9.826,-0.011,-0.350,0.002,0.003,-0.000
-90.325,-0.009,1.477,-9.791,0.028,-0.013,0.006,0.003,-0.000
-90.365,-0.009,1.473,-9.808,0.000,-0.127,0.006,0.003,-0.001
-90.324,-0.006,1.469,-9.813,-0.003,-0.003,0.008,0.004,0.000
-90.188,-0.019,1.465,-9.801,0.021,0.153,0.006,0.005,-0.000
-90.094,-0.022,1.461,-9.807,0.008,0.124,0.006,0.005,0.000
-90.013,-0.021,1.458,-9.816,0.002,0.107,0.005,0.003,0.000
-89.899,-0.024,1.456,-9.820,0.009,0.174,0.003,0.001,-0.000
-89.833,-0.025,1.456,-9.825,0.005,0.130,0.001,0.000,-0.000
-89.784,-0.023,1.456,-9.800,0.001,0.105,-0.001,-0.001,0.000
-89.786,-0.015,1.456,-9.804,-0.007,0.035,-0.000,-0.001,0.001
-89.881,-0.008,1.456,-9.793,-0.010,-0.125,-0.000,-0.000,-0.000
-89.975,-0.008,1.456,-9.799,0.002,-0.127,0.001,0.001,0.000
-90.024,-0.013,1.454,-9.798,0.009,-0.072,0.003,0.001,0.001
-90.028,-0.009,1.452,-9.810,-0.002,-0.011,0.003,0.002,0.001
-89.964,-0.014,1.450,-9.804,0.010,0.104,0.004,0.001,0.000
-89.897,-0.021,1.449,-9.802,0.014,0.109,0.002,0.001,0.001
-89.849,-0.022,1.448,-9.805,0.005,0.091,0.001,0.001,0.001
-89.817,-0.024,1.448,-9.798,0.007,0.080,0.001,0.001,-0.001
-89.842,-0.019,1.447,-9.805,-0.004,-0.007,0.001,-0.000,0.000
-89.888,-0.015,1.447,-9.799,-0.002,-0.045,0.001,-0.000,0.000
-89.928,-0.015,1.446,-9.798,0.002,-0.050,0.002,0.001,0.000
-89.963,-0.016,1.444,-9.796,0.005,-0.044,0.002,0.002,0.000
-89.957,-0.017,1.443,-9.804,0.004,0.014,0.002,0.002,0.001
-89.906,-0.018,1.441,-9.801,0.005,0.093,0.003,0.002,0.000
-89.879,-0.027,1.440,-9.811,0.017,0.057,0.002,0.001,-0.000
-89.835,-0.038,1.439,-9.803,0.024,0.096,0.001,0.000,0.001
-89.828,-0.035,1.439,-9.801,0.002,0.039,0.001,-0.001,0.000
-89.873,-0.029,1.438,-9.813,-0.002,-0.041,0.001,0.000,0.000
-89.921,-0.029,1.437,-9.796,0.005,-0.061,0.002,0.001,0.000
-89.958,-0.034,1.436,-9.805,0.013,-0.046,0.002,0.002,0.001
-89.965,-0.030,1.434,-9.800,0.000,-0.005,0.003,0.002,0.001
-89.908,-0.029,1.433,-9.809,0.004,0.103,0.003,0.001,-0.000
-89.824,-0.034,1.432,-9.816,0.013,0.146,0.001,0.001,0.000
-89.810,-0.033,1.432,-9.814,0.005,0.054,0.000,-0.000,0.001
-89.829,-0.038,1.432,-9.810,0.013,0.003,0.000,0.000,0.000
-89.888,-0.035,1.432,-9.793,0.002,-0.063,0.001,-0.001,0.000
-89.953,-0.025,1.431,-9.793,-0.011,-0.092,0.002,0.000,-0.000
-89.973,-0.020,1.429,-9.797,-0.002,-0.025,0.003,0.003,0.000
-89.964,-0.015,1.427,-9.810,-0.005,0.016,0.003,0.002,0.000
-89.926,-0.016,1.425,-9.814,0.004,0.065,0.003,0.001,-0.000
-89.857,-0.021,1.424,-9.810,0.012,0.130,0.002,0.001,0.000
-89.819,-0.019,1.424,-9.808,0.000,0.083,0.000,0.000,-0.000
-89.807,-0.023,1.424,-9.810,0.010,0.052,-0.000,-0.000,-0.001
-89.827,-0.019,1.424,-9.810,-0.003,0.001,0.000,0.000,0.001
-89.871,-0.016,1.424,-9.801,-0.001,-0.039,-0.000,0.000,-0.000
-89.927,-0.010,1.424,-9.799,-0.007,-0.066,0.000,0.001,0.000
-89.951,-0.002,1.423,-9.803,-0.011,-0.026,0.002,0.002,-0.001
-89.947,-0.010,1.422,-9.796,0.013,0.013,0.002,0.001,-0.000
-89.869,-0.010,1.420,-9.806,0.003,0.131,0.002,-0.000,0.000
-89.761,-0.019,1.421,-9.808,0.015,0.191,-0.001,-0.001,-0.001
-89.711,-0.019,1.422,-9.811,0.003,0.128,-0.002,-0.001,0.000
-89.711,-0.017,1.424,-9.805,0.000,0.052,-0.003,-0.002,-0.000
-89.804,-0.012,1.426,-9.805,-0.005,-0.093,-0.003,-0.003,0.000
-89.943,0.002,1.426,-9.796,-0.018,-0.182,-0.001,-0.000,0.001
-90.032,0.011,1.426,-9.785,-0.014,-0.129,0.001,0.002,0.000
-90.023,0.009,1.424,-9.802,0.002,0.009,0.002,0.001,-0.000
-89.966,0.001,1.424,-9.797,0.011,0.083,0.001,0.001,-0.000
-89.844,-0.004,1.424,-9.811,0.009,0.217,-0.000,-0.001,0.001
-89.738,-0.009,1.426,-9.805,0.008,0.192,-0.003,-0.002,0.000
-89.734,-0.008,1.428,-9.810,0.001,0.055,-0.003,-0.002,0.001
-89.815,-0.008,1.430,-9.805,0.001,-0.078,-0.003,-0.003,0.001
-89.977,0.006,1.431,-9.794,-0.019,-0.218,-0.001,-0.002,0.000
-90.105,0.009,1.429,-9.791,-0.005,-0.195,0.002,0.001,0.000
-90.147,0.005,1.427,-9.804,0.005,-0.092,0.004,0.001,-0.000
-90.068,0.000,1.425,-9.809,0.006,0.096,0.003,0.002,-0.000
-89.921,-0.007,1.424,-9.818,0.013,0.239,0.002,0.001,0.001
-89.783,-0.007,1.424,-9.820,0.001,0.230,-0.001,-0.001,0.000
-89.728,-0.004,1.426,-9.810,-0.004,0.132,-0.003,-0.002,0.000
-89.790,0.005,1.428,-9.787,-0.013,-0.048,-0.003,-0.001,-0.001
-89.961,0.016,1.428,-9.796,-0.019,-0.230,-0.000,-0.001,-0.000
-90.112,0.021,1.426,-9.802,-0.011,-0.230,0.002,0.002,0.000
-90.190,0.025,1.423,-9.794,-0.010,-0.156,0.005,0.003,0.001
-90.155,0.024,1.420,-9.799,-0.001,0.019,0.006,0.004,0.001
-90.029,0.014,1.417,-9.817,0.012,0.185,0.005,0.003,-0.000
-89.874,0.002,1.415,-9.820,0.016,0.235,0.003,0.003,-0.000
-89.776,-0.006,1.414,-9.817,0.014,0.190,0.000,-0.000,0.000
-89.753,-0.014,1.415,-9.804,0.014,0.074,-0.001,-0.001,0.000
-89.821,-0.008,1.415,-9.802,-0.007,-0.074,-0.000,-0.000,0.001
-89.941,0.001,1.414,-9.793,-0.013,-0.155,0.001,0.000,0.000
-90.023,0.004,1.412,-9.808,-0.005,-0.120,0.003,0.002,-0.000
-90.046,0.007,1.409,-9.811,-0.005,-0.042,0.005,0.003,0.000
-89.970,0.001,1.406,-9.816,0.010,0.120,0.005,0.002,0.001
-89.859,-0.005,1.405,-9.819,0.010,0.193,0.003,0.001,0.001
-89.772,-0.013,1.404,-9.810,0.015,0.159,0.000,0.000,0.001
-89.749,-0.014,1.405,-9.807,0.004,0.080,-0.001,0.000,0.000
-89.810,-0.014,1.405,-9.797,0.003,-0.052,-0.000,-0.001,0.000
-89.935,-0.008,1.404,-9.790,-0.007,-0.161,0.001,-0.000,0.000
-90.045,-0.003,1.403,-9.784,-0.005,-0.162,0.003,0.001,0.001
-90.086,-0.001,1.400,-9.796,-0.002,-0.080,0.005,0.004,0.001
-90.065,0.000,1.397,-9.812,-0.001,0.013,0.005,0.004,0.000
-89.980,-0.003,1.393,-9.811,0.004,0.118,0.005,0.003,-0.000
-89.891,-0.006,1.391,-9.811,0.007,0.153,0.004,0.003,0.001
-89.806,-0.012,1.389,-9.801,0.011,0.150,0.002,0.001,0.001
-89.781,-0.008,1.389,-9.802,-0.004,0.077,0.001,-0.000,0.001
-89.821,0.004,1.389,-9.799,-0.017,-0.025,0.000,0.000,0.000
-89.899,0.006,1.388,-9.796,-0.004,-0.091,0.002,0.001,0.000
-89.980,-0.001,1.386,-9.796,0.011,-0.123,0.003,0.002,0.000
-90.022,-0.003,1.384,-9.793,0.005,-0.065,0.004,0.004,0.000
-89.987,0.001,1.382,-9.801,-0.007,0.053,0.004,0.003,0.000
-89.928,-0.003,1.379,-9.804,0.007,0.093,0.004,0.002,0.000
-89.872,-0.005,1.378,-9.805,0.004,0.107,0.002,0.002,-0.001
-89.856,-0.003,1.377,-9.807,-0.002,0.045,0.001,0.002,0.000
-89.887,0.002,1.376,-9.804,-0.008,-0.026,0.002,0.002,0.000
-89.943,0.010,1.374,-9.799,-0.013,-0.079,0.003,0.002,0.001
-90.001,0.011,1.372,-9.799,-0.004,-0.083,0.004,0.003,0.000
-89.996,0.007,1.369,-9.802,0.005,0.005,0.005,0.004,-0.000
-89.993,0.009,1.365,-9.814,-0.004,0.001,0.006,0.004,0.000
-89.981,0.007,1.362,-9.808,0.001,0.019,0.005,0.003,0.000
-89.922,0.002,1.360,-9.803,0.008,0.101,0.004,0.003,-0.001
-89.902,-0.005,1.358,-9.810,0.010,0.044,0.003,0.002,-0.000
-89.913,-0.010,1.356,-9.812,0.010,-0.005,0.003,0.002,0.000
-89.920,-0.007,1.354,-9.798,-0.004,0.002,0.003,0.002,0.000
-89.971,-0.008,1.352,-9.794,0.002,-0.069,0.003,0.003,-0.000
-90.050,0.002,1.349,-9.800,-0.014,-0.133,0.005,0.004,0.000
-90.129,0.010,1.344,-9.795,-0.013,-0.136,0.008,0.005,0.000
-90.187,0.014,1.339,-9.799,-0.009,-0.129,0.010,0.007,0.000
-90.214,0.012,1.331,-9.804,0.001,-0.081,0.012,0.008,0.000
-90.211,0.014,1.324,-9.808,-0.007,-0.042,0.013,0.010,-0.001
-90.166,0.011,1.316,-9.805,0.003,0.025,0.013,0.009,-0.000
-90.061,0.005,1.309,-9.820,0.008,0.144,0.011,0.009,-0.000
-89.930,-0.009,1.304,-9.811,0.020,0.184,0.009,0.008,-0.001
-89.816,-0.012,1.300,-9.812,0.007,0.203,0.007,0.005,-0.000
-89.675,-0.050,1.298,-9.850,0.062,0.248,0.003,0.004,0.000
-89.663,-0.015,1.297,-9.811,-0.045,0.072,0.002,0.002,-0.000
-89.688,-0.023,1.295,-9.755,0.015,0.013,0.002,0.002,-0.000
-89.768,-0.004,1.294,-9.829,-0.025,-0.075,0.002,0.003,0.001
-89.897,-0.021,1.293,-9.809,0.026,-0.163,0.003,0.002,0.000
-89.937,-0.012,1.290,-9.830,-0.011,-0.054,0.004,0.003,-0.000
-89.899,-0.021,1.288,-9.803,0.016,0.067,0.003,0.003,0.000
-89.851,-0.013,1.286,-9.820,-0.009,0.090,0.003,0.003,0.000
-89.805,-0.022,1.286,-9.803,0.017,0.103,0.002,0.001,-0.000
-89.786,-0.023,1.285,-9.806,0.005,0.063,0.000,0.000,0.001
-89.805,-0.030,1.286,-9.800,0.016,0.007,-0.000,0.001,-0.000
-89.887,-0.021,1.285,-9.804,-0.011,-0.107,0.001,-0.000,0.000
-89.915,-0.022,1.284,-9.792,0.006,-0.024,0.002,0.000,0.000
-89.912,-0.018,1.283,-9.799,-0.003,0.018,0.001,0.001,0.000
-89.927,-0.012,1.282,-9.810,-0.006,-0.013,0.001,0.001,-0.000
-89.940,-0.008,1.281,-9.805,-0.005,-0.010,0.003,0.002,0.000
-89.965,-0.009,1.278,-9.801,0.004,-0.030,0.003,0.002,0.000
-89.985,-0.010,1.277,-9.811,0.002,-0.026,0.003,0.001,-0.000
-89.976,-0.007,1.275,-9.814,-0.002,0.017,0.003,0.001,0.000
-89.946,-0.008,1.272,-9.805,0.002,0.047,0.004,0.003,-0.000
-89.918,-0.014,1.271,-9.798,0.011,0.051,0.002,0.002,-0.000
-89.898,-0.018,1.269,-9.804,0.008,0.047,0.003,0.001,-0.000
-89.881,-0.020,1.268,-9.803,0.007,0.044,0.002,0.001,0.000
-89.886,-0.019,1.267,-9.809,0.001,0.012,0.002,0.000,0.000
-89.905,-0.022,1.267,-9.813,0.008,-0.010,0.001,-0.000,0.000
-89.908,-0.022,1.266,-9.819,0.005,0.010,0.001,0.000,0.000
-89.916,-0.016,1.266,-9.817,-0.007,0.002,0.001,0.001,-0.000
-89.915,-0.011,1.265,-9.810,-0.006,0.016,0.001,0.001,-0.001
-89.933,-0.013,1.265,-9.811,0.005,-0.014,0.001,0.000,-0.001
-89.951,-0.016,1.264,-9.795,0.007,-0.019,0.001,0.000,0.000
-89.966,-0.015,1.263,-9.802,0.001,-0.016,0.001,0.000,0.000
-89.965,-0.015,1.262,-9.806,0.002,0.007,0.002,0.000,0.000
-89.944,-0.019,1.261,-9.810,0.011,0.042,0.002,0.001,0.000
-89.920,-0.027,1.260,-9.808,0.016,0.046,0.001,0.000,-0.000
-89.970,-0.024,1.259,-9.808,-0.001,-0.066,0.001,0.003,-0.000
-89.960,-0.019,1.258,-9.796,-0.005,0.023,0.002,-0.000,0.000
-89.947,-0.020,1.258,-9.794,0.007,0.026,0.001,0.001,0.000
-89.949,-0.017,1.257,-9.785,-0.002,0.005,0.002,0.000,0.000
-89.929,-0.019,1.256,-9.798,0.007,0.044,0.001,-0.000,-0.000
-89.926,-0.015,1.255,-9.801,-0.004,0.015,0.001,0.001,-0.000
-89.950,-0.019,1.254,-9.816,0.008,-0.024,0.001,0.000,-0.000
-89.955,-0.019,1.254,-9.813,0.003,-0.001,0.001,0.001,0.000
-89.959,-0.010,1.253,-9.807,-0.010,0.001,0.000,0.001,0.000
-89.941,-0.009,1.253,-9.805,0.001,0.034,0.001,0.000,0.000
-89.928,-0.010,1.252,-9.803,0.002,0.033,0.001,0.000,-0.000
-89.942,-0.012,1.251,-9.796,0.004,-0.011,0.001,0.000,-0.000
-89.953,-0.010,1.251,-9.802,-0.001,-0.007,0.001,0.000,-0.000
-89.962,-0.011,1.250,-9.804,0.004,-0.005,0.001,0.000,-0.000
-89.957,-0.013,1.249,-9.813,0.004,0.014,0.002,0.000,-0.000
-89.961,-0.008,1.248,-9.811,-0.005,0.001,0.001,0.001,-0.000
-89.953,-0.010,1.247,-9.815,0.005,0.018,0.002,0.001,0.000
-89.946,-0.012,1.246,-9.808,0.005,0.020,0.002,0.000,0.000
-89.952,-0.010,1.245,-9.813,-0.002,-0.001,0.002,0.001,0.000
-89.956,-0.008,1.244,-9.811,0.000,0.000,0.002,0.000,0.000
-89.954,-0.008,1.243,-9.815,0.002,0.010,0.002,0.001,0.000
-89.953,-0.005,1.242,-9.813,-0.005,0.009,0.001,0.001,-0.000
-89.949,-0.009,1.241,-9.807,0.008,0.014,0.001,0.001,-0.000
-89.948,-0.009,1.240,-9.798,0.001,0.011,0.001,0.000,-0.000
-89.960,-0.015,1.239,-9.800,0.011,-0.010,0.002,0.001,-0.001
-89.963,-0.015,1.239,-9.806,0.002,0.000,0.001,0.001,-0.000
-89.961,-0.018,1.238,-9.798,0.008,0.008,0.001,0.001,0.000
-89.948,-0.015,1.238,-9.802,-0.001,0.027,0.001,-0.000,0.000
-89.942,-0.012,1.237,-9.805,-0.004,0.020,0.002,0.000,0.000
-89.947,-0.004,1.236,-9.808,-0.009,0.002,0.001,0.001,0.000
-89.955,-0.008,1.235,-9.796,0.007,-0.004,0.002,0.001,0.000
-89.950,-0.007,1.234,-9.808,0.000,0.014,0.001,0.001,-0.000
-89.949,-0.007,1.233,-9.809,0.001,0.010,0.002,0.001,-0.001
-89.949,-0.005,1.232,-9.805,-0.003,0.007,0.001,0.000,-0.001
-89.952,-0.008,1.232,-9.810,0.006,0.004,0.000,0.001,0.001
-89.955,-0.008,1.232,-9.811,0.001,0.002,0.001,0.001,0.001
-89.956,-0.010,1.231,-9.798,0.007,0.005,0.001,0.001,0.001
-89.956,-0.005,1.230,-9.795,-0.006,0.007,0.001,0.001,-0.000
-89.962,-0.003,1.230,-9.804,-0.003,-0.004,0.001,0.001,0.001
-89.960,-0.005,1.229,-9.795,0.005,0.009,0.001,0.001,0.000
-89.957,-0.007,1.229,-9.807,0.005,0.011,0.001,0.001,0.001
-89.959,-0.012,1.227,-9.803,0.010,0.002,0.002,0.001,0.000
-89.962,-0.014,1.226,-9.797,0.005,0.002,0.001,0.001,0.000
-89.971,-0.008,1.226,-9.807,-0.007,-0.009,0.001,0.001,0.000
-89.975,-0.003,1.225,-9.798,-0.007,-0.001,0.001,0.001,0.000
-89.973,-0.003,1.223,-9.801,0.001,0.006,0.002,0.001,0.000
-89.972,-0.001,1.223,-9.802,-0.002,0.006,0.001,0.001,-0.000
-89.971,-0.000,1.222,-9.810,-0.001,0.005,0.001,0.001,0.000
-89.968,-0.004,1.221,-9.806,0.007,0.008,0.001,0.001,0.001
-89.970,-0.006,1.221,-9.804,0.004,0.003,0.001,0.000,-0.000
-89.973,-0.002,1.220,-9.812,-0.005,0.001,0.001,0.000,0.001
-89.974,-0.000,1.220,-9.799,-0.002,0.002,0.001,0.001,0.000
-89.975,0.003,1.219,-9.804,-0.005,0.004,0.001,-0.000,0.001
-89.974,0.003,1.218,-9.801,0.000,0.005,0.001,0.001,0.001
-89.974,0.003,1.218,-9.805,0.001,0.004,0.001,0.001,0.001
-89.968,0.004,1.217,-9.789,-0.001,0.013,0.002,0.001,0.000
-89.972,0.002,1.216,-9.802,0.002,-0.002,0.001,0.001,0.000
-89.972,0.001,1.215,-9.796,0.002,0.004,0.001,0.000,-0.000
-89.969,-0.002,1.215,-9.799,0.005,0.010,0.001,0.000,0.001
-89.981,0.002,1.214,-9.798,-0.005,-0.016,0.001,0.001,0.001
-89.987,0.005,1.213,-9.799,-0.005,-0.008,0.002,0.001,0.001
-89.982,0.001,1.213,-9.802,0.006,0.011,0.002,0.000,-0.000
-89.980,-0.001,1.212,-9.805,0.004,0.005,0.001,0.001,0.001
-89.975,0.004,1.210,-9.808,-0.008,0.011,0.002,0.001,0.001
-89.965,0.008,1.209,-9.806,-0.007,0.019,0.002,0.001,-0.000
-89.968,0.011,1.208,-9.809,-0.007,0.001,0.001,-0.000,0.000
-89.967,0.010,1.207,-9.809,0.000,0.007,0.001,0.000,-0.000
-89.966,0.006,1.206,-9.803,0.004,0.007,0.002,0.001,-0.001
-89.972,0.002,1.206,-9.805,0.006,-0.005,0.001,0.001,0.000
-89.969,-0.004,1.205,-9.810,0.010,0.007,0.001,0.002,0.000
-89.973,-0.003,1.205,-9.801,-0.001,-0.001,0.001,0.001,0.000
-89.968,-0.000,1.204,-9.807,-0.003,0.011,0.001,0.001,0.000
-89.969,-0.001,1.203,-9.810,0.002,0.004,0.002,0.001,0.001
-89.967,0.004,1.202,-9.810,-0.008,0.007,0.002,0.001,0.000
-89.973,-0.002,1.201,-9.802,0.008,-0.004,0.002,0.000,-0.000
-89.971,0.001,1.200,-9.805,-0.004,0.007,0.001,0.001,0.000
-89.968,-0.001,1.200,-9.807,0.004,0.008,0.000,0.001,0.001
-89.966,0.001,1.200,-9.803,-0.004,0.010,0.001,-0.000,-0.000
-89.966,-0.002,1.199,-9.810,0.004,0.004,0.001,0.001,-0.001
-89.969,-0.007,1.198,-9.808,0.008,0.001,0.001,0.000,-0.000
-89.975,-0.009,1.198,-9.806,0.005,-0.005,0.001,0.001,-0.000
-89.974,-0.006,1.197,-9.808,-0.003,0.005,0.001,0.001,0.001
-89.968,-0.014,1.196,-9.806,0.014,0.013,0.002,0.001,0.000
-89.965,-0.014,1.195,-9.813,0.003,0.010,0.001,0.001,0.001
-89.972,-0.012,1.194,-9.798,-0.001,-0.006,0.001,0.001,0.000
-89.982,-0.007,1.194,-9.804,-0.004,-0.011,0.001,0.001,0.001
-89.983,-0.005,1.193,-9.795,-0.002,-0.001,0.001,0.001,0.000
-89.974,-0.012,1.192,-9.807,0.011,0.017,0.001,0.001,0.000
-89.972,-0.010,1.192,-9.805,-0.001,0.006,0.001,0.001,-0.000
-89.971,-0.016,1.191,-9.807,0.012,0.005,0.001,0.002,-0.000
-89.966,-0.017,1.191,-9.808,0.005,0.012,0.001,0.001,0.000
-89.966,-0.021,1.190,-9.807,0.008,0.005,0.000,0.001,0.001
-89.969,-0.018,1.190,-9.798,-0.001,0.000,0.001,0.001,0.001
-89.965,-0.021,1.188,-9.805,0.009,0.010,0.002,0.001,0.001
-89.961,-0.016,1.188,-9.803,-0.005,0.013,0.001,0.001,-0.000
-89.961,-0.007,1.187,-9.803,-0.011,0.005,0.002,0.001,-0.000
-89.961,-0.005,1.186,-9.805,-0.002,0.007,0.002,0.001,0.001
-89.964,-0.004,1.185,-9.805,0.000,0.001,0.001,0.001,0.000
-89.962,0.003,1.185,-9.805,-0.010,0.008,0.000,0.000,0.001
-89.961,0.003,1.184,-9.804,0.001,0.009,0.001,0.000,0.001
-89.963,0.001,1.184,-9.805,0.004,0.002,0.001,0.000,0.001
-89.962,-0.002,1.183,-9.808,0.005,0.009,0.002,0.000,0.001
-89.964,-0.004,1.182,-9.805,0.004,0.003,0.002,0.000,0.000
-89.968,-0.006,1.181,-9.800,0.005,0.000,0.001,0.000,0.000
-89.970,-0.009,1.181,-9.799,0.006,0.002,0.001,-0.000,0.001
-89.963,-0.011,1.180,-9.808,0.007,0.016,0.001,0.000,0.001
-89.969,-0.012,1.180,-9.805,0.002,-0.002,0.001,0.000,0.000
-89.968,-0.011,1.179,-9.799,0.001,0.006,0.001,0.001,0.001
-89.968,-0.006,1.178,-9.799,-0.004,0.004,0.001,0.000,0.001
-89.972,-0.001,1.177,-9.802,-0.007,-0.001,0.002,0.001,0.001
-89.971,-0.001,1.177,-9.795,0.001,0.005,0.001,0.000,0.000
-89.965,0.002,1.176,-9.808,-0.004,0.014,0.001,0.000,0.000
-89.961,-0.001,1.176,-9.808,0.004,0.013,0.001,0.001,-0.000
-89.959,-0.003,1.175,-9.805,0.002,0.008,0.001,0.001,-0.001
-89.960,-0.004,1.174,-9.802,0.002,0.006,0.001,0.000,-0.000
-89.962,-0.010,1.173,-9.805,0.011,0.002,0.002,0.001,-0.000
-89.959,-0.018,1.173,-9.809,0.013,0.011,0.001,0.000,-0.000
-89.964,-0.013,1.172,-9.802,-0.004,-0.001,0.001,0.001,-0.000
-89.970,-0.009,1.172,-9.813,-0.004,-0.004,0.001,0.001,0.001
-89.973,-0.008,1.171,-9.806,0.001,-0.001,0.001,-0.000,0.000
-89.972,-0.011,1.171,-9.800,0.005,0.007,0.001,-0.000,-0.000
-89.976,-0.011,1.169,-9.795,0.003,-0.001,0.002,0.000,0.000
-89.975,-0.013,1.168,-9.811,0.005,0.004,0.002,0.000,-0.000
-89.974,-0.014,1.167,-9.817,0.004,0.005,0.002,0.001,0.000
-89.973,-0.009,1.166,-9.792,-0.006,0.006,0.002,0.001,0.000
-89.969,-0.012,1.165,-9.793,0.007,0.010,0.001,0.001,-0.000
-89.967,-0.006,1.164,-9.805,-0.007,0.007,0.001,0.001,0.001
-89.970,-0.006,1.163,-9.797,0.001,0.000,0.002,0.001,0.000
-89.967,-0.001,1.163,-9.801,-0.005,0.009,0.001,0.001,0.001
-89.967,0.001,1.162,-9.811,-0.004,0.004,0.001,0.001,0.000
-89.971,-0.000,1.161,-9.810,0.003,-0.001,0.002,0.001,0.001
-89.974,0.005,1.160,-9.800,-0.007,-0.002,0.002,0.001,0.001
-89.980,0.009,1.159,-9.801,-0.008,-0.006,0.002,0.001,-0.000
-89.973,0.005,1.157,-9.796,0.005,0.014,0.002,-0.000,0.000
-89.966,-0.001,1.157,-9.800,0.009,0.017,0.001,0.001,0.000
-89.968,-0.002,1.156,-9.805,0.002,0.002,0.001,0.001,0.000
-89.966,-0.003,1.155,-9.799,0.003,0.007,0.001,0.001,0.001
-89.970,-0.008,1.155,-9.800,0.008,-0.001,0.001,0.001,0.001
-89.971,-0.012,1.154,-9.815,0.008,0.002,0.001,0.000,0.000
-89.971,-0.015,1.153,-9.807,0.008,0.005,0.001,0.001,0.001
-89.967,-0.014,1.152,-9.811,0.000,0.010,0.001,0.001,-0.000
-89.960,-0.013,1.152,-9.805,0.001,0.016,0.001,0.001,-0.000
-89.958,-0.013,1.151,-9.802,0.002,0.009,0.001,0.001,0.000
-89.959,-0.006,1.150,-9.799,-0.009,0.006,0.002,-0.000,0.001
-89.965,-0.002,1.150,-9.803,-0.004,-0.002,0.001,0.001,0.000
-89.967,-0.008,1.149,-9.799,0.010,0.001,0.001,0.001,-0.000
-89.969,-0.011,1.148,-9.803,0.006,0.002,0.001,0.001,-0.000
-89.970,-0.011,1.147,-9.810,0.001,0.004,0.001,0.000,-0.000
-89.965,-0.011,1.147,-9.807,0.004,0.012,0.001,0.001,0.001
-89.972,-0.015,1.146,-9.800,0.008,-0.006,0.001,0.001,0.000
-89.979,-0.021,1.146,-9.795,0.013,-0.008,0.001,0.001,0.000
-89.972,-0.021,1.145,-9.807,0.004,0.014,0.001,0.001,-0.000
-89.968,-0.028,1.145,-9.802,0.016,0.011,0.001,0.001,0.000
-89.970,-0.033,1.144,-9.805,0.011,0.002,0.002,0.000,-0.000
-89.974,-0.034,1.143,-9.803,0.008,-0.002,0.001,0.001,0.000
-89.979,-0.029,1.142,-9.801,-0.002,-0.004,0.001,0.000,0.001
-89.977,-0.024,1.141,-9.804,-0.001,0.007,0.001,0.000,0.000
-89.977,-0.023,1.141,-9.810,0.003,0.004,0.001,-0.000,0.001
-89.976,-0.018,1.140,-9.808,-0.004,0.005,0.002,0.001,-0.000
-89.973,-0.012,1.138,-9.802,-0.007,0.008,0.002,0.000,-0.000
-89.974,-0.013,1.137,-9.801,0.004,0.002,0.002,0.001,0.000
-89.979,-0.017,1.136,-9.802,0.010,-0.005,0.002,0.001,0.001
-89.979,-0.014,1.135,-9.802,-0.001,0.003,0.001,0.000,0.001
-89.979,-0.017,1.134,-9.805,0.007,0.004,0.002,0.000,0.000
-89.972,-0.017,1.133,-9.799,0.004,0.014,0.001,0.000,0.000
-89.972,-0.014,1.133,-9.801,-0.002,0.005,0.001,0.000,0.000
-89.970,-0.016,1.132,-9.801,0.005,0.008,0.001,-0.000,0.000
-89.979,-0.017,1.132,-9.799,0.005,-0.009,0.001,-0.000,-0.000
-89.983,-0.011,1.131,-9.802,-0.007,-0.003,0.002,0.001,-0.000
-89.976,-0.012,1.130,-9.791,0.004,0.014,0.001,0.001,0.000
-89.966,-0.011,1.129,-9.801,0.001,0.018,0.001,0.001,-0.001
-89.962,-0.009,1.128,-9.811,-0.002,0.011,0.002,0.000,0.000
-89.971,-0.008,1.127,-9.797,0.001,-0.009,0.001,0.001,0.000
-89.985,-0.009,1.127,-9.807,0.003,-0.017,0.000,0.001,0.000
-89.976,-0.013,1.127,-9.809,0.007,0.017,0.001,-0.000,-0.001
-89.934,-0.015,1.127,-9.807,0.007,0.076,-0.001,-0.001,0.000
-89.908,-0.019,1.127,-9.805,0.008,0.053,0.000,-0.002,0.000
-89.913,-0.016,1.127,-9.808,-0.001,0.009,-0.000,-0.001,0.001
-89.910,-0.018,1.128,-9.810,0.005,0.020,-0.001,-0.001,-0.000
-89.925,-0.016,1.129,-9.805,-0.001,-0.008,-0.002,-0.001,-0.000
-89.964,-0.011,1.130,-9.797,-0.004,-0.047,-0.001,-0.001,0.000
-89.971,-0.010,1.130,-9.798,0.000,-0.004,0.000,-0.001,0.001
-89.965,-0.012,1.130,-9.795,0.005,0.016,0.000,-0.001,0.000
-89.997,-0.012,1.130,-9.796,0.002,-0.044,-0.000,-0.001,0.000
-90.022,-0.008,1.130,-9.804,-0.004,-0.038,0.000,0.000,0.000
-90.020,-0.011,1.129,-9.804,0.006,-0.002,0.001,0.001,0.000
-90.028,-0.007,1.129,-9.810,-0.003,-0.017,0.001,0.001,0.001
-90.027,-0.004,1.128,-9.799,-0.002,-0.004,0.001,0.001,0.001
-90.011,-0.008,1.127,-9.814,0.007,0.020,0.002,0.002,0.000
-89.995,-0.010,1.127,-9.805,0.005,0.022,0.000,0.001,0.000
-89.996,-0.015,1.126,-9.793,0.009,0.000,0.001,0.000,-0.000
-90.007,-0.015,1.125,-9.795,0.002,-0.019,0.001,0.001,-0.001
-90.006,-0.012,1.125,-9.797,-0.001,-0.001,0.001,0.001,0.000
-89.998,-0.013,1.124,-9.804,0.004,0.012,0.001,0.000,0.000
-89.992,-0.008,1.124,-9.806,-0.007,0.010,0.001,0.000,0.000
-89.980,-0.004,1.123,-9.808,-0.004,0.020,0.001,0.000,0.000
-89.982,-0.004,1.122,-9.804,0.001,0.000,0.001,0.000,0.000
-89.985,-0.013,1.121,-9.805,0.014,-0.002,0.002,0.001,-0.000
-89.982,-0.011,1.120,-9.809,0.000,0.006,0.001,0.001,0.001
-89.979,-0.014,1.120,-9.796,0.007,0.008,0.001,-0.000,0.000
-89.968,-0.018,1.119,-9.799,0.010,0.020,0.001,0.001,0.001
-89.955,-0.020,1.119,-9.811,0.005,0.025,0.001,0.001,0.000
-89.954,-0.023,1.118,-9.808,0.010,0.008,0.000,0.001,0.000
-89.954,-0.023,1.118,-9.804,0.004,0.007,0.001,0.001,0.001
-89.960,-0.027,1.118,-9.802,0.012,-0.002,0.000,0.001,0.001
-89.955,-0.030,1.117,-9.801,0.010,0.014,0.001,0.001,0.000
-89.951,-0.033,1.116,-9.808,0.010,0.014,0.001,0.001,-0.000
-89.950,-0.028,1.115,-9.807,-0.002,0.008,0.001,0.001,-0.000
-89.948,-0.026,1.115,-9.797,0.002,0.011,0.000,0.001,0.000
-89.954,-0.020,1.115,-9.804,-0.006,-0.003,0.001,0.000,0.001
-89.966,-0.021,1.114,-9.808,0.006,-0.010,0.001,-0.000,0.001
-89.961,-0.022,1.114,-9.808,0.005,0.015,0.001,-0.001,0.001
-89.956,-0.024,1.113,-9.805,0.007,0.014,0.001,0.000,0.000
-89.951,-0.025,1.112,-9.807,0.005,0.013,0.001,0.001,-0.001
-89.959,-0.022,1.111,-9.810,0.000,-0.004,0.002,0.001,-0.000
-89.963,-0.018,1.111,-9.810,-0.002,-0.002,0.001,0.001,0.000
-89.959,-0.019,1.110,-9.801,0.003,0.013,0.001,0.001,-0.001
-89.956,-0.014,1.109,-9.804,-0.004,0.011,0.001,0.001,-0.000
-89.956,-0.014,1.108,-9.802,0.002,0.007,0.001,0.001,0.000
-89.958,-0.010,1.108,-9.808,-0.004,0.005,0.001,0.000,0.001
-89.958,-0.008,1.107,-9.807,-0.001,0.007,0.002,0.000,0.001
-89.957,-0.005,1.106,-9.804,-0.004,0.007,0.001,0.001,0.000
-89.960,-0.002,1.106,-9.801,-0.004,0.003,0.000,0.001,0.001
-89.955,0.004,1.105,-9.801,-0.009,0.014,0.001,0.001,0.000
-89.954,0.009,1.105,-9.805,-0.007,0.008,0.001,0.001,0.001
-89.956,0.011,1.104,-9.802,-0.005,0.004,0.001,0.001,0.001
-89.955,0.012,1.103,-9.799,-0.004,0.008,0.002,0.000,-0.000
-89.948,0.013,1.103,-9.804,-0.004,0.019,0.001,0.000,0.000
-89.950,0.009,1.102,-9.808,0.004,0.006,0.002,0.000,0.000
-89.957,0.006,1.101,-9.818,0.004,-0.003,0.001,-0.000,0.000
-89.961,-0.002,1.101,-9.810,0.013,0.001,0.001,0.001,0.001
-89.962,-0.006,1.100,-9.810,0.007,0.005,0.002,-0.000,0.000
-89.968,-0.011,1.099,-9.800,0.009,-0.003,0.001,0.000,0.001
-89.972,-0.012,1.098,-9.806,0.004,-0.001,0.001,0.001,-0.000
-89.972,-0.018,1.097,-9.799,0.011,0.004,0.001,0.000,-0.000
-89.971,-0.020,1.097,-9.808,0.005,0.007,0.001,0.000,-0.000
-89.965,-0.022,1.096,-9.809,0.008,0.014,0.001,0.001,0.000
-89.960,-0.029,1.095,-9.801,0.015,0.012,0.001,0.001,0.001
-89.962,-0.024,1.095,-9.805,-0.005,0.003,0.001,0.001,0.000
-89.964,-0.027,1.094,-9.793,0.008,0.004,0.001,0.000,-0.000
-89.963,-0.030,1.093,-9.808,0.010,0.007,0.001,0.000,-0.000
-89.955,-0.025,1.092,-9.801,-0.002,0.019,0.002,0.001,0.000
-89.957,-0.022,1.091,-9.805,-0.001,0.005,0.002,0.000,0.000
-89.960,-0.020,1.090,-9.811,0.002,0.002,0.002,0.000,0.001
-89.963,-0.023,1.089,-9.797,0.008,0.002,0.001,0.001,0.000
-89.959,-0.020,1.089,-9.802,-0.001,0.010,0.001,0.001,-0.001
-89.952,-0.022,1.088,-9.807,0.006,0.018,0.001,0.001,-0.000
-89.952,-0.025,1.087,-9.805,0.010,0.007,0.002,0.001,0.001
-89.955,-0.025,1.086,-9.803,0.004,0.004,0.001,0.000,-0.000
-89.952,-0.031,1.086,-9.804,0.013,0.011,0.001,0.001,-0.001
-89.953,-0.031,1.085,-9.797,0.006,0.007,0.001,0.000,-0.000
-89.960,-0.032,1.085,-9.806,0.007,-0.004,0.001,0.001,0.000
-89.960,-0.035,1.084,-9.801,0.011,0.006,0.002,0.001,0.000
-89.962,-0.034,1.083,-9.812,0.005,0.004,0.001,0.000,0.001
-89.963,-0.035,1.083,-9.797,0.009,0.005,0.000,0.000,0.001
-89.961,-0.035,1.082,-9.795,0.007,0.009,0.001,0.000,0.000
-89.961,-0.031,1.082,-9.807,-0.001,0.006,0.001,0.001,0.001
-89.965,-0.032,1.081,-9.803,0.008,-0.001,0.001,0.000,0.000
-89.971,-0.030,1.080,-9.809,0.002,-0.004,0.001,0.001,0.000
-89.963,-0.028,1.080,-9.803,0.001,0.018,0.001,0.001,0.000
-89.956,-0.024,1.079,-9.802,-0.001,0.016,0.002,0.001,0.000
-89.956,-0.021,1.078,-9.800,-0.001,0.007,0.001,0.001,0.000
-89.963,-0.022,1.077,-9.793,0.005,-0.004,0.001,-0.000,-0.000
-89.969,-0.023,1.076,-9.802,0.004,-0.002,0.001,-0.000,-0.001
-89.966,-0.017,1.075,-9.800,-0.005,0.008,0.002,0.001,0.000
-89.962,-0.017,1.074,-9.796,0.004,0.010,0.001,0.002,0.001
-89.963,-0.022,1.074,-9.791,0.013,0.004,0.001,0.001,0.000
-89.965,-0.026,1.073,-9.794,0.010,0.002,0.001,0.001,0.000
-89.966,-0.025,1.073,-9.807,0.003,0.004,0.001,0.000,0.000
-89.969,-0.028,1.072,-9.808,0.008,0.001,0.002,0.000,0.000
-89.959,-0.030,1.071,-9.808,0.007,0.023,0.001,0.000,-0.001
-89.973,-0.027,1.070,-9.804,0.002,-0.016,0.001,0.000,0.000
-89.987,-0.019,1.069,-9.804,-0.008,-0.017,0.002,0.001,0.000
-89.989,-0.021,1.068,-9.799,0.007,-0.002,0.002,0.001,0.000
-89.981,-0.029,1.066,-9.803,0.014,0.013,0.003,0.002,-0.001
-89.972,-0.029,1.065,-9.814,0.006,0.017,0.002,0.001,0.001
-89.971,-0.033,1.064,-9.807,0.013,0.004,0.002,0.001,0.001
-89.976,-0.028,1.062,-9.802,-0.001,-0.002,0.003,0.000,0.001
-89.967,-0.026,1.061,-9.799,0.001,0.018,0.002,0.000,-0.000
-89.971,-0.019,1.060,-9.801,-0.005,-0.001,0.002,0.001,0.000
-89.966,-0.018,1.058,-9.799,0.001,0.011,0.002,0.000,-0.000
-89.965,-0.020,1.057,-9.809,0.007,0.007,0.002,0.001,0.000
-89.963,-0.021,1.056,-9.806,0.007,0.009,0.002,0.000,0.001
-89.966,-0.020,1.055,-9.809,0.002,0.001,0.001,0.001,-0.000
-89.963,-0.016,1.054,-9.806,-0.004,0.010,0.002,0.001,-0.000
-89.956,-0.014,1.053,-9.808,-0.001,0.017,0.002,0.000,0.000
-89.946,-0.018,1.052,-9.799,0.008,0.022,0.002,0.001,0.000
-89.951,-0.015,1.051,-9.811,0.000,-0.001,0.002,0.001,0.001
-89.951,-0.009,1.050,-9.807,-0.007,0.009,0.002,0.001,0.001
-89.949,0.003,1.049,-9.805,-0.018,0.011,0.001,0.001,0.001
-89.946,0.005,1.048,-9.807,-0.002,0.013,0.001,0.001,0.001
-89.939,0.005,1.048,-9.806,-0.001,0.020,0.001,0.001,0.001
-89.943,0.004,1.047,-9.790,0.002,0.003,0.001,0.001,0.001
-89.948,0.005,1.046,-9.810,-0.004,0.000,0.001,0.001,-0.001
-89.952,0.005,1.045,-9.804,-0.001,0.001,0.001,0.001,0.000
-89.961,0.001,1.044,-9.810,0.006,-0.007,0.002,0.000,0.000
-89.960,0.000,1.043,-9.798,0.002,0.010,0.002,0.000,0.001
-89.951,-0.004,1.042,-9.811,0.007,0.020,0.001,0.000,0.001
-89.954,-0.005,1.041,-9.796,0.004,0.002,0.001,0.001,0.000
-89.957,-0.001,1.040,-9.805,-0.005,0.003,0.002,0.001,0.001
-89.955,-0.003,1.040,-9.807,0.004,0.010,0.001,0.001,0.000
-89.951,-0.004,1.039,-9.800,0.002,0.013,0.001,0.001,-0.000
-89.951,-0.007,1.039,-9.801,0.005,0.007,0.001,0.000,-0.001
-89.951,-0.010,1.038,-9.810,0.006,0.008,0.001,0.001,0.000
-89.949,-0.011,1.038,-9.812,0.003,0.011,0.001,0.001,0.000
-89.950,-0.007,1.037,-9.808,-0.004,0.007,0.001,0.000,0.000
-89.951,-0.010,1.037,-9.813,0.005,0.007,0.001,-0.000,-0.000
-89.951,-0.009,1.036,-9.812,0.001,0.009,0.001,-0.000,0.000
-89.951,-0.007,1.036,-9.804,-0.002,0.008,0.001,0.000,0.001
-89.951,-0.009,1.035,-9.805,0.005,0.009,0.001,0.000,0.001
-89.953,-0.015,1.035,-9.803,0.012,0.003,0.001,0.001,0.000
-89.955,-0.020,1.034,-9.806,0.010,0.005,0.001,0.000,0.000
-89.951,-0.024,1.033,-9.819,0.011,0.014,0.002,0.001,0.000
-89.955,-0.022,1.032,-9.808,0.001,0.001,0.001,0.001,-0.000
-89.953,-0.018,1.031,-9.798,-0.001,0.010,0.002,0.001,0.000
-89.952,-0.017,1.030,-9.808,0.001,0.008,0.002,0.001,0.000
-89.951,-0.014,1.029,-9.819,-0.002,0.011,0.001,0.000,0.000
-89.952,-0.018,1.029,-9.797,0.008,0.006,0.001,-0.000,-0.000
-89.960,-0.017,1.027,-9.804,0.002,-0.004,0.002,0.000,0.000
-89.956,-0.016,1.027,-9.799,0.001,0.011,0.001,0.001,0.001
-89.952,-0.014,1.026,-9.801,0.001,0.013,0.001,0.001,0.001
-89.950,-0.011,1.026,-9.809,-0.002,0.011,0.001,0.001,0.000
-89.958,-0.012,1.025,-9.809,0.003,-0.004,0.001,0.000,0.000
-89.963,-0.015,1.024,-9.801,0.007,-0.002,0.002,0.001,0.000
-89.967,-0.014,1.024,-9.807,0.002,0.001,0.001,0.000,0.000
-89.966,-0.011,1.023,-9.808,-0.002,0.007,0.001,0.000,0.000
-89.960,-0.011,1.022,-9.812,0.001,0.014,0.001,0.001,0.001
-89.957,-0.016,1.022,-9.801,0.011,0.011,0.001,0.001,0.000
-89.952,-0.016,1.020,-9.802,0.002,0.016,0.002,0.000,-0.000
-89.950,-0.016,1.020,-9.801,0.003,0.009,0.001,0.001,0.000
-89.951,-0.020,1.019,-9.796,0.010,0.007,0.001,0.001,0.000
-89.956,-0.024,1.018,-9.805,0.009,-0.001,0.001,0.001,0.000
-89.956,-0.019,1.017,-9.812,-0.004,0.007,0.001,0.000,-0.000
-89.955,-0.014,1.016,-9.805,-0.005,0.008,0.001,0.001,-0.000
-89.957,-0.014,1.015,-9.802,0.004,0.005,0.001,0.000,0.000
-89.962,-0.013,1.014,-9.802,0.001,-0.002,0.001,0.001,0.001
-89.970,-0.013,1.013,-9.806,0.004,-0.007,0.001,0.001,0.001
-89.968,-0.011,1.013,-9.797,-0.001,0.007,0.001,0.000,0.000
-89.966,-0.008,1.012,-9.804,-0.002,0.008,0.001,0.000,0.000
-89.963,-0.005,1.012,-9.805,-0.004,0.011,0.001,0.001,-0.000
-89.959,-0.007,1.011,-9.812,0.005,0.013,0.001,0.000,0.000
-89.955,-0.010,1.011,-9.807,0.005,0.013,0.001,0.001,0.000
-89.956,-0.010,1.011,-9.798,0.002,0.005,0.000,0.001,0.001
-89.953,-0.017,1.010,-9.804,0.014,0.011,0.000,0.001,0.000
-89.952,-0.023,1.010,-9.808,0.013,0.010,0.001,0.001,0.000
-89.955,-0.029,1.009,-9.803,0.013,0.001,0.001,0.001,0.000
-89.954,-0.028,1.009,-9.805,0.004,0.010,0.001,0.001,0.000
-89.952,-0.027,1.009,-9.809,0.004,0.010,0.000,0.000,0.001
-89.956,-0.029,1.008,-9.811,0.008,0.001,0.001,0.000,0.000
-89.959,-0.030,1.008,-9.795,0.007,0.003,0.001,0.001,0.000
-89.959,-0.028,1.007,-9.794,0.001,0.007,0.001,0.001,-0.000
-89.961,-0.025,1.006,-9.805,0.001,0.003,0.001,0.001,0.001
-89.965,-0.015,1.006,-9.809,-0.010,-0.001,0.001,0.001,0.001
-89.965,-0.010,1.005,-9.809,-0.005,0.005,0.001,0.000,0.000
-89.967,-0.006,1.004,-9.816,-0.004,0.004,0.001,-0.000,0.001
-89.961,-0.003,1.004,-9.808,-0.004,0.015,0.001,0.000,0.000
-89.958,-0.005,1.003,-9.816,0.004,0.011,0.002,0.001,0.001
-89.958,-0.008,1.002,-9.805,0.006,0.006,0.002,0.001,0.001
-89.957,-0.009,1.001,-9.804,0.004,0.007,0.002,0.001,0.001
-89.953,-0.009,1.000,-9.807,0.001,0.013,0.001,0.001,-0.000
-89.953,-0.011,0.999,-9.812,0.005,0.007,0.001,0.001,0.000
-89.954,-0.012,0.998,-9.811,0.004,0.007,0.001,0.000,0.000
-89.955,-0.016,0.998,-9.803,0.010,0.005,0.001,0.001,0.001
-89.953,-0.016,0.997,-9.794,0.002,0.011,0.001,0.001,0.001
-89.953,-0.013,0.997,-9.801,-0.001,0.007,0.001,0.001,0.001
-89.955,-0.009,0.996,-9.804,-0.005,0.004,0.001,0.000,0.000
-89.956,-0.005,0.995,-9.810,-0.005,0.007,0.001,0.000,0.000
-89.956,-0.005,0.994,-9.810,0.001,0.007,0.002,0.000,0.000
-89.958,-0.005,0.993,-9.817,0.003,0.005,0.002,-0.000,0.001
-89.959,-0.005,0.993,-9.805,0.001,0.006,0.001,-0.000,0.000
-89.960,-0.002,0.992,-9.795,-0.004,0.006,0.001,-0.000,0.000
-89.962,-0.002,0.992,-9.793,0.002,0.002,0.000,0.001,0.000
-89.963,-0.002,0.992,-9.806,0.000,0.005,0.000,0.000,0.000
-89.963,-0.001,0.991,-9.805,-0.001,0.005,0.001,0.001,-0.000
-89.963,-0.007,0.990,-9.802,0.010,0.006,0.001,0.000,0.000
-89.965,-0.006,0.990,-9.798,-0.001,0.004,0.001,-0.000,-0.000
-89.961,-0.006,0.989,-9.796,0.001,0.013,0.001,0.000,0.001
-89.954,-0.006,0.989,-9.806,0.001,0.017,0.001,0.000,0.000
-89.956,-0.007,0.988,-9.813,0.003,0.005,0.001,0.000,-0.000
-89.958,-0.007,0.988,-9.808,0.002,0.003,0.001,0.000,0.000
-89.953,-0.009,0.987,-9.811,0.004,0.014,0.000,0.001,0.000
-89.951,-0.009,0.987,-9.801,0.001,0.009,0.001,0.001,-0.001
-89.948,-0.012,0.987,-9.811,0.006,0.012,0.000,0.001,0.000
-89.951,-0.009,0.986,-9.807,-0.002,0.004,0.000,0.001,0.000
-89.960,-0.011,0.986,-9.813,0.004,-0.008,0.001,0.001,0.000
-89.965,-0.012,0.986,-9.807,0.004,-0.001,0.001,0.001,-0.000
-89.959,-0.015,0.985,-9.806,0.008,0.014,0.001,0.001,0.000
-89.959,-0.021,0.985,-9.802,0.013,0.005,0.001,0.001,0.001
-89.966,-0.026,0.984,-9.811,0.011,-0.004,0.002,0.001,0.000
-89.962,-0.026,0.983,-9.808,0.004,0.013,0.001,0.001,-0.001
-89.959,-0.018,0.982,-9.807,-0.008,0.010,0.001,0.000,0.000
-89.954,-0.014,0.982,-9.808,-0.003,0.014,0.001,0.000,-0.000
-89.956,-0.011,0.981,-9.812,-0.004,0.005,0.001,0.000,0.000
-89.957,-0.011,0.981,-9.802,0.002,0.005,0.001,0.000,-0.001
-89.961,-0.009,0.980,-9.802,-0.002,0.001,0.001,0.000,0.000
-89.961,-0.014,0.979,-9.805,0.011,0.007,0.001,0.001,0.000
-89.962,-0.014,0.979,-9.808,0.003,0.004,0.000,0.000,0.000
-89.964,-0.016,0.978,-9.806,0.005,0.004,0.001,0.000,0.000
-89.960,-0.021,0.978,-9.798,0.011,0.012,0.001,0.000,0.000
-89.961,-0.021,0.977,-9.802,0.003,0.005,0.001,0.001,-0.000
-89.964,-0.018,0.977,-9.794,-0.001,0.001,0.001,0.000,-0.000
-89.957,-0.019,0.976,-9.807,0.005,0.017,0.001,0.001,0.001
-89.960,-0.017,0.976,-9.801,0.001,0.003,0.001,0.000,0.001
-89.966,-0.014,0.975,-9.798,-0.001,-0.004,0.001,0.001,-0.000
-89.960,-0.011,0.974,-9.801,-0.002,0.015,0.001,0.000,0.001
-89.953,-0.010,0.973,-9.804,-0.001,0.018,0.001,0.001,-0.001
-89.953,-0.013,0.972,-9.801,0.007,0.007,0.002,0.001,0.000
-89.956,-0.011,0.971,-9.804,-0.001,0.002,0.001,0.001,0.000
-89.958,-0.013,0.970,-9.806,0.005,0.004,0.001,0.001,-0.000
-89.956,-0.012,0.970,-9.805,0.001,0.011,0.001,0.000,-0.000
-89.957,-0.012,0.969,-9.799,0.002,0.006,0.001,-0.000,0.000
-89.959,-0.008,0.968,-9.804,-0.005,0.004,0.002,0.000,-0.000
-89.965,-0.007,0.967,-9.801,0.000,-0.004,0.002,0.001,-0.000
-89.963,-0.009,0.966,-9.808,0.005,0.008,0.001,0.000,0.001
-89.962,-0.012,0.966,-9.801,0.007,0.007,0.001,0.001,0.000
-89.962,-0.013,0.966,-9.798,0.003,0.006,0.000,0.001,0.000
-89.959,-0.013,0.965,-9.793,0.003,0.011,0.001,0.000,0.000
-89.966,-0.016,0.965,-9.802,0.008,-0.004,0.000,0.001,0.001
-89.967,-0.019,0.964,-9.810,0.007,0.002,0.001,0.001,0.000
-89.962,-0.016,0.963,-9.811,-0.001,0.014,0.002,0.001,0.001
-89.956,-0.013,0.962,-9.801,-0.002,0.016,0.001,0.000,0.000
-89.957,-0.007,0.962,-9.799,-0.007,0.004,0.001,0.001,0.001
-89.964,-0.002,0.961,-9.804,-0.007,-0.004,0.002,0.000,0.000
-89.962,0.002,0.960,-9.807,-0.004,0.009,0.001,0.001,0.001
-89.960,0.001,0.959,-9.813,0.001,0.010,0.001,0.001,0.000
-89.962,0.000,0.958,-9.799,0.001,0.001,0.002,0.002,-0.000
-89.962,0.006,0.957,-9.804,-0.008,0.007,0.001,0.000,0.000
-89.961,0.004,0.957,-9.796,0.003,0.007,0.001,0.001,0.000
-89.960,0.000,0.956,-9.802,0.005,0.008,0.001,0.000,0.000
-89.962,-0.004,0.955,-9.793,0.008,0.003,0.002,0.000,0.001
-89.967,-0.011,0.954,-9.798,0.011,-0.002,0.001,0.000,-0.000
-89.972,-0.016,0.954,-9.795,0.010,-0.002,0.001,0.000,-0.000
-89.967,-0.017,0.953,-9.795,0.004,0.011,0.001,0.000,-0.000
-89.966,-0.025,0.952,-9.794,0.016,0.007,0.001,0.001,0.000
-89.959,-0.024,0.951,-9.804,0.004,0.018,0.001,0.001,0.000
-89.963,-0.025,0.950,-9.808,0.005,0.000,0.002,0.001,0.000
-89.962,-0.020,0.950,-9.803,-0.005,0.007,0.001,0.001,-0.000
-89.959,-0.016,0.949,-9.812,-0.002,0.010,0.001,0.000,0.000
-89.959,-0.017,0.948,-9.804,0.004,0.007,0.001,0.000,0.001
-89.962,-0.015,0.948,-9.799,-0.001,0.002,0.001,0.000,-0.001
-89.967,-0.010,0.947,-9.807,-0.004,-0.002,0.001,0.000,0.001
-89.967,-0.005,0.946,-9.801,-0.007,0.006,0.001,0.000,-0.000
-89.960,-0.002,0.946,-9.796,-0.004,0.017,0.001,0.000,0.000
-89.961,-0.000,0.945,-9.810,-0.002,0.005,0.001,0.000,-0.000
-89.963,-0.001,0.944,-9.793,0.001,0.003,0.001,0.000,0.000
-89.967,-0.001,0.943,-9.797,0.000,0.000,0.001,0.000,0.000
-89.964,0.005,0.942,-9.802,-0.008,0.010,0.002,0.001,0.000
-89.958,0.008,0.942,-9.811,-0.006,0.015,0.001,0.001,0.000
-89.955,0.006,0.941,-9.810,0.001,0.011,0.001,0.001,-0.000
-89.956,0.007,0.941,-9.806,-0.003,0.005,0.001,0.001,-0.000
-89.957,0.011,0.940,-9.804,-0.006,0.005,0.001,0.001,0.001
-89.953,0.008,0.940,-9.795,0.002,0.014,0.001,0.000,0.000
-89.953,0.009,0.938,-9.795,-0.001,0.007,0.002,0.001,0.001
-89.952,0.003,0.937,-9.796,0.007,0.008,0.002,0.001,0.000
-89.959,0.004,0.936,-9.805,-0.001,-0.005,0.002,0.001,-0.000
-89.961,0.008,0.935,-9.796,-0.006,0.003,0.001,0.001,0.001
-89.954,0.014,0.935,-9.807,-0.012,0.019,0.001,0.001,0.000
-89.956,0.012,0.935,-9.813,0.001,0.003,0.000,0.001,0.000
-89.962,0.008,0.934,-9.797,0.004,-0.002,0.001,0.000,0.000
-89.958,0.007,0.933,-9.807,0.001,0.013,0.001,0.000,-0.000
-89.964,0.006,0.933,-9.806,0.000,-0.003,0.000,0.001,-0.000
-89.966,0.003,0.932,-9.799,0.003,0.002,0.001,0.001,-0.000
-89.964,-0.001,0.932,-9.808,0.007,0.007,0.001,0.001,0.000
-89.958,-0.003,0.932,-9.804,0.003,0.015,0.000,0.001,0.001
-89.963,-0.008,0.931,-9.808,0.010,-0.001,0.001,0.000,0.001
-89.962,-0.009,0.930,-9.805,0.004,0.007,0.001,0.001,0.000
-89.957,-0.005,0.929,-9.809,-0.005,0.013,0.001,0.001,-0.000
-89.954,-0.006,0.928,-9.804,0.003,0.011,0.002,0.001,-0.000
-89.956,-0.001,0.927,-9.807,-0.007,0.005,0.002,0.000,-0.000
-89.955,0.001,0.926,-9.796,-0.004,0.009,0.001,0.000,-0.000
-89.953,-0.002,0.926,-9.802,0.005,0.012,0.001,0.000,-0.000
-89.951,-0.007,0.925,-9.810,0.008,0.010,0.001,0.001,0.000
-89.954,-0.012,0.924,-9.816,0.010,0.004,0.001,-0.000,-0.000
-89.958,-0.018,0.924,-9.815,0.011,0.000,0.001,0.001,-0.001
-89.954,-0.021,0.923,-9.811,0.007,0.013,0.001,0.001,-0.000
-89.958,-0.022,0.922,-9.797,0.005,0.001,0.001,0.001,-0.000
-89.960,-0.020,0.921,-9.798,-0.001,0.004,0.002,0.001,0.000
-89.964,-0.014,0.920,-9.810,-0.005,-0.001,0.002,0.001,-0.000
-89.963,-0.010,0.919,-9.801,-0.004,0.006,0.002,0.001,-0.000
-89.963,-0.010,0.918,-9.804,0.001,0.005,0.002,0.001,-0.000
-89.957,-0.007,0.917,-9.798,-0.002,0.015,0.001,0.001,0.001
-89.955,-0.000,0.917,-9.801,-0.009,0.010,0.001,0.001,-0.000
-89.957,-0.000,0.916,-9.795,0.000,0.004,0.000,0.000,0.000
-89.962,0.004,0.916,-9.799,-0.005,-0.002,0.001,0.001,0.001
-89.957,0.006,0.914,-9.805,-0.005,0.014,0.002,0.001,0.000
-89.949,0.005,0.913,-9.803,0.001,0.019,0.001,0.001,-0.001
-89.947,0.002,0.913,-9.796,0.004,0.011,0.001,0.001,0.000
-89.951,0.004,0.912,-9.796,-0.004,0.003,0.001,0.001,0.000
-89.955,-0.000,0.912,-9.799,0.008,0.000,0.001,0.001,0.001
-89.957,0.002,0.911,-9.809,-0.004,0.004,0.001,0.000,-0.001
-89.959,-0.000,0.911,-9.803,0.003,0.004,0.000,-0.000,-0.000
-89.957,-0.008,0.911,-9.805,0.012,0.010,0.001,0.000,0.000
-89.962,-0.012,0.910,-9.810,0.010,-0.002,0.001,0.001,0.000
-89.959,-0.019,0.910,-9.810,0.012,0.011,0.001,0.000,-0.001
-89.958,-0.022,0.909,-9.804,0.007,0.008,0.000,0.000,-0.000
-89.956,-0.021,0.909,-9.809,0.001,0.010,0.001,0.000,-0.001
-89.955,-0.020,0.909,-9.805,0.002,0.009,0.001,-0.000,-0.000
-89.947,-0.018,0.908,-9.807,0.000,0.020,0.001,0.000,-0.001
-89.950,-0.014,0.907,-9.816,-0.005,0.004,0.001,0.001,-0.000
-89.949,-0.017,0.907,-9.812,0.007,0.010,0.001,0.001,0.000
-89.950,-0.018,0.906,-9.806,0.005,0.006,0.001,0.001,0.000
-89.949,-0.018,0.906,-9.815,0.003,0.010,0.001,0.001,0.000
-89.951,-0.016,0.905,-9.811,0.000,0.004,0.000,0.001,0.000
-89.952,-0.009,0.904,-9.807,-0.009,0.007,0.002,0.001,-0.000
-89.956,-0.006,0.904,-9.805,-0.002,0.002,0.001,-0.000,0.000
-89.965,-0.011,0.903,-9.798,0.010,-0.007,0.001,0.000,0.001
-89.968,-0.007,0.902,-9.798,-0.006,0.001,0.001,0.000,-0.000
-89.969,-0.004,0.902,-9.807,-0.003,0.002,0.001,0.001,-0.000
-89.964,-0.003,0.901,-9.812,-0.002,0.013,0.001,0.001,0.000
-89.967,-0.004,0.901,-9.808,0.002,0.001,0.001,0.000,0.000
-89.974,-0.010,0.900,-9.796,0.010,-0.006,0.001,0.001,-0.000
-89.978,-0.017,0.899,-9.808,0.014,-0.003,0.002,0.001,0.000
-89.966,-0.023,0.898,-9.803,0.012,0.024,0.001,0.001,-0.001
-89.962,-0.021,0.898,-9.814,0.000,0.010,0.001,0.001,-0.000
-89.965,-0.022,0.898,-9.798,0.005,0.001,0.000,0.001,-0.001
-89.967,-0.024,0.897,-9.804,0.007,0.002,0.001,0.001,-0.000
-89.963,-0.029,0.896,-9.795,0.011,0.011,0.001,0.001,0.000
-89.951,-0.026,0.895,-9.804,0.000,0.025,0.001,0.001,0.000
-89.950,-0.022,0.894,-9.810,-0.001,0.009,0.002,0.001,0.000
-89.956,-0.018,0.894,-9.809,-0.003,-0.001,0.001,0.001,0.000
-89.958,-0.019,0.893,-9.806,0.005,0.003,0.001,0.001,0.000
-89.960,-0.014,0.893,-9.804,-0.004,0.004,0.001,0.001,0.000
-89.963,-0.014,0.892,-9.798,0.001,0.002,0.001,0.001,-0.001
-89.962,-0.014,0.892,-9.802,0.003,0.007,0.001,-0.000,0.001
-89.965,-0.016,0.890,-9.801,0.006,0.002,0.002,0.001,0.000
-89.965,-0.017,0.890,-9.801,0.005,0.005,0.001,0.001,0.000
-89.965,-0.013,0.889,-9.789,-0.003,0.007,0.001,0.000,0.001
-89.968,-0.010,0.888,-9.799,-0.002,0.000,0.002,0.000,0.000
-89.967,-0.013,0.888,-9.817,0.008,0.007,0.001,0.001,0.001
-89.966,-0.012,0.887,-9.816,0.001,0.005,0.001,0.001,-0.000
-89.965,-0.009,0.886,-9.804,-0.003,0.008,0.002,-0.001,-0.000
-89.968,-0.008,0.885,-9.801,-0.001,0.001,0.001,0.000,0.000
-89.977,-0.005,0.884,-9.814,-0.003,-0.009,0.001,0.000,0.000
-89.979,-0.005,0.883,-9.807,0.001,0.001,0.001,0.001,0.000
-89.987,-0.007,0.882,-9.805,0.004,-0.011,0.002,0.000,-0.000
-89.979,-0.009,0.882,-9.805,0.005,0.014,0.001,0.000,0.001
-89.978,-0.010,0.881,-9.798,0.004,0.005,0.001,0.001,0.001
-89.974,-0.005,0.880,-9.808,-0.005,0.008,0.001,0.001,0.000
-89.975,-0.006,0.880,-9.802,0.002,0.002,0.001,0.001,0.000
-89.973,-0.004,0.879,-9.796,-0.002,0.007,0.001,0.001,0.000
-89.965,-0.004,0.879,-9.804,0.001,0.016,0.000,0.001,0.000
-89.961,-0.002,0.879,-9.802,-0.002,0.012,0.001,0.001,0.001
-89.967,-0.004,0.878,-9.801,0.004,-0.004,0.001,0.001,0.001
-89.973,-0.008,0.878,-9.806,0.007,-0.003,0.001,-0.000,0.000
-89.976,-0.008,0.877,-9.810,0.002,-0.001,0.001,0.000,-0.000
-89.977,-0.010,0.876,-9.804,0.005,0.002,0.001,0.001,0.001
-89.982,-0.006,0.875,-9.806,-0.003,-0.005,0.001,0.001,0.001
-89.977,-0.004,0.874,-9.804,-0.004,0.013,0.002,0.000,-0.000
-89.981,-0.011,0.873,-9.805,0.012,-0.004,0.002,0.000,-0.000
-89.968,-0.008,0.872,-9.813,-0.004,0.024,0.001,-0.000,-0.000
-89.971,-0.011,0.872,-9.807,0.007,0.001,0.001,0.000,0.000
-89.966,-0.017,0.871,-9.807,0.011,0.014,0.001,-0.000,0.000
-89.961,-0.015,0.871,-9.803,0.001,0.014,0.001,0.000,0.001
-89.962,-0.018,0.870,-9.797,0.008,0.005,0.001,0.000,-0.000
-89.959,-0.010,0.869,-9.811,-0.009,0.010,0.002,0.001,0.000
-89.963,-0.007,0.868,-9.801,-0.004,0.001,0.002,-0.000,0.001
-89.965,-0.010,0.867,-9.798,0.008,0.004,0.001,-0.000,0.000
-89.969,-0.009,0.866,-9.802,0.001,-0.001,0.001,0.000,0.001
-89.967,-0.008,0.865,-9.807,-0.001,0.007,0.001,0.000,-0.000
-89.964,-0.006,0.865,-9.803,-0.002,0.010,0.001,0.001,0.000
-89.968,-0.004,0.864,-9.802,-0.001,-0.001,0.001,0.001,0.001
-89.967,-0.010,0.864,-9.800,0.010,0.007,0.001,0.001,0.000
-89.968,-0.010,0.863,-9.802,0.002,0.004,0.001,0.000,0.000
-89.965,-0.012,0.862,-9.795,0.004,0.009,0.001,0.001,-0.000
-89.968,-0.016,0.862,-9.800,0.008,0.000,0.001,0.001,0.000
-89.972,-0.014,0.861,-9.799,0.001,-0.002,0.001,0.000,0.001
-89.976,-0.006,0.860,-9.808,-0.010,-0.002,0.001,0.000,0.000
-89.977,-0.006,0.859,-9.804,0.001,0.003,0.002,0.001,0.000
-89.968,-0.003,0.858,-9.805,-0.002,0.017,0.001,0.001,0.001
-89.964,-0.002,0.858,-9.802,0.000,0.012,0.001,0.001,0.001
-89.961,-0.003,0.857,-9.802,0.002,0.010,0.001,0.000,0.000
-89.966,-0.003,0.857,-9.805,0.001,-0.001,0.001,0.000,0.000
-89.965,-0.000,0.856,-9.798,-0.005,0.007,0.001,0.001,-0.000
-89.962,-0.003,0.856,-9.797,0.004,0.011,0.000,0.001,-0.000
-89.957,0.001,0.855,-9.817,-0.006,0.013,0.001,0.001,-0.001
-89.965,0.004,0.855,-9.802,-0.004,-0.007,0.001,0.001,0.001
-89.967,0.004,0.854,-9.799,0.000,0.001,0.001,0.000,0.001
-89.963,0.003,0.853,-9.799,0.002,0.013,0.001,0.000,0.001
-89.966,-0.001,0.853,-9.793,0.006,0.000,0.001,0.001,-0.000
-89.974,0.002,0.852,-9.805,-0.004,-0.007,0.001,0.000,0.000
-89.979,-0.000,0.851,-9.807,0.003,-0.003,0.001,0.000,-0.000
-89.981,-0.005,0.851,-9.809,0.008,0.000,0.001,-0.000,0.001
-89.973,-0.008,0.850,-9.804,0.006,0.017,0.001,-0.000,0.000
-89.968,-0.011,0.850,-9.795,0.006,0.012,0.001,0.000,0.000
-89.977,-0.011,0.850,-9.804,0.002,-0.010,0.001,0.000,-0.000
-89.981,-0.006,0.849,-9.802,-0.007,-0.003,0.001,0.000,-0.001
-89.978,0.002,0.848,-9.805,-0.010,0.007,0.001,0.001,0.000
-89.975,0.004,0.847,-9.799,-0.004,0.007,0.001,0.001,0.000
-89.970,0.008,0.847,-9.804,-0.007,0.012,0.000,0.001,0.001
-89.972,0.010,0.847,-9.813,-0.004,0.001,0.000,0.001,-0.000
-89.974,0.008,0.847,-9.799,0.001,0.001,0.001,0.000,0.000
-89.973,0.004,0.846,-9.810,0.006,0.006,0.001,0.000,0.000
-89.971,0.003,0.845,-9.819,0.001,0.007,0.001,0.001,0.000
-89.975,0.002,0.845,-9.804,0.001,-0.004,0.001,0.001,0.000
-89.973,0.001,0.844,-9.795,0.001,0.007,0.001,0.000,-0.000
-89.973,0.001,0.843,-9.802,0.000,0.004,0.001,0.001,0.000
-89.971,-0.004,0.843,-9.802,0.008,0.007,0.001,0.001,0.000
-89.967,-0.008,0.842,-9.807,0.006,0.011,0.001,0.001,-0.001
-89.967,-0.008,0.841,-9.802,0.001,0.004,0.001,0.001,-0.001
-89.965,-0.013,0.841,-9.798,0.010,0.010,0.001,0.000,-0.000
-89.965,-0.017,0.840,-9.801,0.008,0.005,0.001,0.001,-0.000
-89.963,-0.016,0.840,-9.805,0.001,0.009,0.000,0.000,0.000
-89.960,-0.014,0.840,-9.811,0.000,0.011,0.000,0.000,0.000
-89.967,-0.017,0.839,-9.795,0.008,-0.004,0.001,0.000,0.000
-89.968,-0.012,0.839,-9.802,-0.005,0.004,0.001,0.000,0.000
-89.971,-0.011,0.838,-9.805,0.001,0.001,0.001,0.000,0.001
-89.971,-0.013,0.837,-9.806,0.006,0.005,0.001,0.001,0.001
-89.969,-0.017,0.837,-9.792,0.009,0.007,0.001,0.001,0.001
-89.970,-0.018,0.837,-9.803,0.004,0.002,0.001,0.001,-0.000
-89.971,-0.017,0.836,-9.810,0.002,0.004,0.001,0.000,-0.000
-89.972,-0.013,0.835,-9.811,-0.003,0.004,0.001,-0.000,0.000
-89.969,-0.008,0.835,-9.801,-0.006,0.009,0.001,0.001,0.000
-89.968,-0.006,0.834,-9.810,-0.001,0.007,0.001,0.000,0.001
-89.969,0.002,0.834,-9.808,-0.011,0.002,0.001,0.001,0.000
-89.971,0.002,0.833,-9.793,0.001,0.001,0.001,0.001,0.001
-89.960,-0.000,0.833,-9.799,0.003,0.021,0.001,0.001,-0.000
-89.957,-0.005,0.833,-9.805,0.008,0.012,0.000,0.001,-0.000
-89.969,-0.006,0.832,-9.801,0.002,-0.012,0.001,0.001,0.000
-89.971,-0.010,0.832,-9.803,0.007,0.001,0.000,0.001,-0.000
-89.972,-0.014,0.832,-9.805,0.008,0.002,0.001,0.001,-0.000
-89.969,-0.018,0.831,-9.810,0.009,0.008,0.001,0.001,-0.001
-89.969,-0.016,0.830,-9.814,-0.001,0.005,0.001,0.001,-0.000
-89.973,-0.010,0.830,-9.810,-0.007,-0.002,0.001,0.002,-0.000
-89.978,0.000,0.829,-9.808,-0.014,-0.004,0.001,0.001,0.000
-89.974,0.004,0.828,-9.807,-0.005,0.009,0.002,0.001,0.001
-89.975,0.000,0.826,-9.808,0.007,0.002,0.002,0.000,0.001
-89.981,-0.005,0.825,-9.801,0.009,-0.005,0.002,0.000,0.001
-89.984,-0.009,0.825,-9.796,0.007,-0.002,0.001,0.000,-0.000
-89.984,-0.015,0.824,-9.798,0.010,0.002,0.001,0.001,-0.001
-89.986,-0.011,0.824,-9.802,-0.003,-0.002,0.001,0.000,0.000
-89.981,-0.007,0.823,-9.804,-0.005,0.011,0.001,0.000,-0.000
-89.977,-0.010,0.822,-9.814,0.005,0.010,0.001,-0.000,-0.000
-89.978,-0.011,0.821,-9.803,0.005,0.001,0.001,0.001,0.001
-89.977,-0.010,0.821,-9.810,0.000,0.005,0.001,0.001,-0.000
-89.977,-0.009,0.820,-9.801,0.001,0.004,0.001,0.000,0.000
-89.979,-0.011,0.820,-9.811,0.005,-0.001,0.001,0.001,0.000
-89.976,-0.012,0.819,-9.804,0.004,0.007,0.001,0.001,0.001
-89.975,-0.010,0.818,-9.805,-0.001,0.005,0.001,0.001,0.000
-89.972,-0.009,0.818,-9.807,0.000,0.009,0.000,0.001,0.000
-89.970,-0.010,0.817,-9.803,0.004,0.007,0.001,0.000,0.000
-89.973,-0.002,0.817,-9.804,-0.011,0.001,0.001,0.000,0.000
-89.973,-0.003,0.816,-9.805,0.001,0.005,0.001,-0.000,0.000
-89.971,-0.004,0.815,-9.807,0.003,0.007,0.002,0.001,0.000
-89.969,-0.008,0.814,-9.817,0.007,0.007,0.001,0.001,-0.000
-89.965,-0.006,0.813,-9.816,-0.002,0.010,0.001,0.001,0.000
-89.967,-0.001,0.813,-9.808,-0.006,0.002,0.001,0.001,0.001
-89.970,0.000,0.812,-9.793,-0.002,-0.001,0.001,0.001,0.000
-89.971,-0.002,0.811,-9.804,0.004,0.004,0.001,0.000,-0.000
-89.968,-0.002,0.811,-9.793,0.000,0.010,0.001,0.000,0.000
-89.965,0.002,0.810,-9.799,-0.007,0.008,0.001,0.001,0.000
-89.965,-0.001,0.810,-9.796,0.005,0.005,0.000,0.001,0.000
-89.970,-0.002,0.810,-9.805,0.002,-0.001,0.001,0.000,0.000
-89.970,-0.003,0.809,-9.808,0.003,0.003,0.001,0.001,0.001
-89.971,-0.010,0.808,-9.805,0.012,0.003,0.001,0.001,0.000
-89.973,-0.016,0.808,-9.804,0.012,0.001,0.001,0.001,0.001
-89.969,-0.016,0.807,-9.796,0.004,0.010,0.001,0.000,0.001
-89.968,-0.017,0.806,-9.802,0.004,0.007,0.001,0.001,-0.000
-89.971,-0.010,0.806,-9.802,-0.007,0.001,0.001,0.000,0.000
-89.982,-0.009,0.805,-9.809,0.001,-0.013,0.001,-0.000,0.000
-89.982,-0.007,0.804,-9.818,-0.001,0.002,0.001,0.001,0.001
-89.979,-0.014,0.803,-9.801,0.012,0.006,0.001,0.001,0.000
-89.979,-0.010,0.802,-9.809,-0.004,0.004,0.002,0.001,0.001
-89.977,-0.014,0.801,-9.801,0.010,0.006,0.002,0.001,0.001
-89.973,-0.016,0.800,-9.803,0.006,0.010,0.001,0.001,0.001
-89.972,-0.016,0.800,-9.793,0.004,0.005,0.001,0.000,0.001
-89.967,-0.017,0.798,-9.812,0.005,0.013,0.002,0.000,0.001
-89.959,-0.013,0.798,-9.810,-0.003,0.017,0.001,0.001,0.000
-89.963,-0.008,0.798,-9.805,-0.005,0.001,0.001,0.001,0.000
-89.969,-0.011,0.797,-9.810,0.005,-0.005,0.001,0.001,0.000
-89.973,-0.010,0.797,-9.804,0.001,-0.001,0.001,0.000,-0.000
-89.975,-0.019,0.796,-9.802,0.015,0.002,0.001,0.000,-0.000
-89.966,-0.019,0.796,-9.798,0.002,0.017,0.001,0.000,-0.000
-89.965,-0.013,0.796,-9.801,-0.006,0.007,-0.000,0.000,0.000
-89.968,-0.015,0.795,-9.811,0.005,0.001,0.001,0.001,-0.000
-89.971,-0.017,0.795,-9.798,0.006,0.001,0.001,0.000,0.000
-89.971,-0.018,0.794,-9.796,0.005,0.005,0.002,0.000,0.001
-89.966,-0.020,0.793,-9.808,0.006,0.012,0.001,0.001,0.001
-89.960,-0.021,0.793,-9.805,0.006,0.016,0.000,0.000,0.000
-89.961,-0.023,0.792,-9.803,0.006,0.005,0.001,-0.000,0.000
-89.966,-0.021,0.792,-9.807,0.002,-0.002,0.000,0.001,0.000
-89.972,-0.021,0.791,-9.806,0.004,-0.004,0.000,0.000,0.001
-89.973,-0.027,0.790,-9.799,0.013,0.002,0.002,0.000,0.000
-89.972,-0.026,0.790,-9.804,0.002,0.007,0.001,-0.000,-0.001
-89.976,-0.022,0.789,-9.814,-0.002,-0.002,0.001,0.000,0.000
-89.978,-0.016,0.788,-9.807,-0.005,0.001,0.001,0.001,0.000
-89.971,-0.018,0.787,-9.799,0.007,0.014,0.002,0.000,0.000
-89.967,-0.015,0.787,-9.799,-0.002,0.011,0.000,0.001,0.000
-89.971,-0.014,0.786,-9.802,0.001,-0.001,0.002,0.001,0.000
-89.972,-0.012,0.785,-9.802,-0.001,0.002,0.002,0.000,0.000
-89.970,-0.011,0.784,-9.805,0.000,0.007,0.001,0.001,0.000
-89.972,-0.011,0.783,-9.814,0.004,0.002,0.001,0.001,0.001
-89.973,-0.013,0.782,-9.809,0.006,0.002,0.002,0.001,0.001
-89.974,-0.006,0.782,-9.813,-0.009,0.002,0.001,0.001,0.000
-89.968,-0.004,0.781,-9.807,-0.004,0.014,0.001,0.001,-0.001
-89.968,0.003,0.781,-9.802,-0.010,0.004,0.001,0.001,-0.001
-89.964,0.002,0.780,-9.799,0.001,0.011,0.002,0.001,0.000
-89.963,0.000,0.779,-9.817,0.003,0.007,0.001,0.001,0.000
-89.962,-0.000,0.778,-9.810,0.002,0.008,0.001,0.000,0.001
-89.965,0.001,0.778,-9.802,-0.002,0.002,0.001,-0.000,0.000
-89.962,-0.003,0.777,-9.806,0.007,0.011,0.001,0.000,0.001
-89.958,0.001,0.777,-9.802,-0.005,0.012,0.001,0.001,-0.000
-89.959,-0.000,0.776,-9.804,0.002,0.004,0.001,0.001,0.000
-89.960,0.002,0.775,-9.799,-0.002,0.006,0.001,0.000,0.001
-89.957,0.004,0.775,-9.802,-0.004,0.011,0.001,0.000,0.001
-89.951,0.000,0.774,-9.802,0.005,0.016,0.001,0.001,-0.000
-89.948,0.003,0.774,-9.808,-0.005,0.012,0.000,0.001,-0.000
-89.956,0.002,0.773,-9.811,0.000,-0.005,0.001,0.001,-0.000
-89.964,0.000,0.772,-9.803,0.003,-0.005,0.001,0.000,0.000
-89.967,0.001,0.771,-9.800,-0.002,0.001,0.001,0.001,0.000
-89.963,0.005,0.771,-9.802,-0.005,0.011,0.001,0.001,0.001
-89.963,0.001,0.770,-9.799,0.007,0.006,0.001,0.001,0.001
-89.965,-0.001,0.770,-9.802,0.004,0.002,0.001,0.000,0.000
-89.963,-0.005,0.769,-9.794,0.007,0.010,0.001,0.000,-0.000
-89.965,-0.004,0.769,-9.796,0.000,0.001,0.001,0.001,0.000
-89.961,-0.006,0.768,-9.799,0.004,0.012,0.002,0.001,0.001
-89.957,-0.003,0.767,-9.795,-0.002,0.013,0.001,0.001,0.001
-89.956,-0.007,0.767,-9.801,0.007,0.008,0.001,0.001,0.000
-89.962,-0.006,0.766,-9.806,0.000,-0.004,0.001,0.002,0.001
-89.963,-0.001,0.765,-9.810,-0.006,0.004,0.002,0.001,0.000
-89.964,-0.000,0.765,-9.809,-0.001,0.005,0.001,0.000,-0.000
-89.967,-0.002,0.764,-9.807,0.002,0.001,0.001,0.001,0.000
-89.968,-0.000,0.763,-9.807,-0.001,0.003,0.001,0.001,0.001
-89.964,-0.001,0.763,-9.802,0.002,0.011,0.001,0.001,0.000
-89.957,-0.004,0.762,-9.802,0.005,0.017,0.001,0.001,0.000
-89.954,-0.009,0.762,-9.809,0.009,0.011,0.001,0.001,0.000
-89.956,-0.011,0.761,-9.801,0.004,0.003,0.001,0.001,-0.000
-89.958,-0.014,0.761,-9.801,0.007,0.005,0.001,-0.000,-0.000
-89.959,-0.019,0.760,-9.803,0.011,0.005,0.001,0.000,0.000
-89.951,-0.019,0.759,-9.811,0.004,0.018,0.001,0.000,0.001
-89.951,-0.020,0.759,-9.804,0.005,0.009,0.001,-0.000,0.000
-89.959,-0.018,0.758,-9.808,0.001,-0.004,0.001,0.001,-0.000
-89.967,-0.015,0.757,-9.810,-0.001,-0.005,0.001,0.000,0.001
-89.965,-0.018,0.756,-9.804,0.008,0.007,0.002,0.000,0.000
-89.961,-0.015,0.756,-9.814,-0.002,0.013,0.001,0.001,-0.001
-89.964,-0.010,0.755,-9.804,-0.005,0.002,0.001,-0.000,0.000
-89.968,-0.008,0.754,-9.808,-0.003,-0.002,0.001,0.001,-0.001
-89.971,-0.004,0.754,-9.814,-0.005,0.002,0.001,-0.000,0.000
-89.969,-0.000,0.753,-9.805,-0.005,0.007,0.001,0.001,0.000
-89.971,-0.001,0.752,-9.808,0.002,0.002,0.001,0.001,0.000
-89.969,0.005,0.752,-9.819,-0.011,0.007,0.001,0.000,0.000
-89.969,0.010,0.751,-9.816,-0.008,0.005,0.001,0.000,0.000
-89.973,0.011,0.751,-9.822,-0.003,-0.002,0.001,0.000,0.000
-89.974,0.012,0.750,-9.812,-0.004,0.002,0.001,0.001,0.000
-89.972,0.013,0.749,-9.811,-0.004,0.008,0.002,0.000,0.000
-89.972,0.009,0.748,-9.803,0.004,0.004,0.001,0.001,0.000
-89.969,0.010,0.748,-9.805,-0.002,0.009,0.001,0.001,0.000
-89.968,0.012,0.747,-9.800,-0.007,0.006,0.001,0.001,-0.000
-89.971,0.013,0.745,-9.806,-0.003,0.002,0.002,-0.000,0.000
-89.969,0.011,0.745,-9.817,0.001,0.007,0.001,0.000,-0.001
-89.971,0.007,0.744,-9.804,0.004,0.002,0.001,0.000,-0.000
-89.973,0.001,0.743,-9.789,0.008,0.001,0.002,0.001,0.001
-89.973,-0.002,0.742,-9.791,0.006,0.005,0.001,0.001,0.000
-89.973,-0.004,0.741,-9.792,0.004,0.004,0.002,0.001,0.001
-89.981,-0.003,0.740,-9.804,-0.001,-0.009,0.002,0.000,0.001
-89.975,-0.004,0.739,-9.795,0.003,0.011,0.001,0.001,0.001
-89.970,-0.005,0.739,-9.804,0.003,0.011,0.000,0.001,0.001
-89.973,-0.009,0.738,-9.793,0.008,-0.001,0.001,0.001,0.001
-89.973,-0.011,0.738,-9.806,0.004,0.004,0.001,0.001,0.001
-89.982,-0.013,0.737,-9.809,0.007,-0.011,0.001,0.000,0.000
-89.985,-0.017,0.736,-9.800,0.009,-0.001,0.001,0.000,0.001
-89.983,-0.014,0.736,-9.804,-0.002,0.005,0.001,0.000,0.001
-89.988,-0.014,0.735,-9.804,0.005,-0.005,0.001,0.001,0.001
-89.987,-0.017,0.734,-9.804,0.008,0.002,0.001,0.001,0.001
-89.994,-0.015,0.733,-9.799,-0.001,-0.011,0.002,0.001,0.001
-89.999,-0.010,0.731,-9.802,-0.004,-0.008,0.003,0.001,-0.000
-89.985,-0.013,0.730,-9.814,0.006,0.022,0.002,0.001,-0.001
-89.966,-0.017,0.729,-9.801,0.008,0.030,0.002,0.002,-0.000
-89.959,-0.016,0.728,-9.802,0.001,0.017,0.002,0.000,-0.000
-89.951,-0.015,0.728,-9.799,0.001,0.020,0.000,-0.000,-0.001
-89.960,-0.015,0.727,-9.803,0.002,-0.005,0.001,0.000,0.000
-89.964,-0.015,0.726,-9.798,0.004,-0.001,0.001,0.000,0.001
-89.968,-0.015,0.726,-9.798,0.002,0.000,0.001,-0.001,0.000
-89.971,-0.016,0.725,-9.801,0.004,0.001,0.002,0.000,0.000
-89.973,-0.020,0.724,-9.796,0.011,0.002,0.002,0.001,-0.000
-89.973,-0.018,0.723,-9.800,-0.001,0.003,0.001,0.000,-0.000
-89.967,-0.012,0.722,-9.802,-0.006,0.014,0.001,0.000,0.000
-89.969,-0.012,0.722,-9.805,0.002,0.003,0.001,-0.001,-0.000
-89.968,-0.012,0.721,-9.804,0.003,0.007,0.001,-0.000,0.000
-89.970,-0.005,0.720,-9.803,-0.009,0.002,0.001,0.001,-0.000
-89.965,-0.010,0.720,-9.804,0.009,0.013,0.001,0.001,0.001
-89.960,-0.010,0.718,-9.806,0.002,0.013,0.002,0.001,-0.000
-89.961,-0.004,0.718,-9.804,-0.009,0.004,0.001,0.000,0.000
-89.967,-0.006,0.717,-9.810,0.003,-0.003,0.001,0.001,-0.000
-89.963,-0.008,0.716,-9.816,0.005,0.011,0.001,0.000,-0.000
-89.962,-0.008,0.715,-9.805,0.001,0.008,0.002,0.000,-0.000
-89.966,-0.009,0.714,-9.807,0.003,-0.001,0.002,0.001,0.001
-89.965,-0.006,0.714,-9.804,-0.002,0.007,0.001,0.000,0.000
-89.966,-0.003,0.713,-9.811,-0.004,0.005,0.002,-0.000,0.001
-89.965,-0.002,0.712,-9.807,-0.001,0.006,0.001,0.000,0.000
-89.968,0.001,0.711,-9.806,-0.005,0.002,0.001,0.000,0.000
-89.967,-0.001,0.711,-9.818,0.004,0.006,0.001,0.000,0.000
-89.968,0.004,0.710,-9.803,-0.007,0.004,0.001,0.001,0.001
-89.971,0.004,0.710,-9.800,-0.001,0.000,0.001,0.000,0.000
-89.967,0.001,0.709,-9.802,0.004,0.011,0.001,0.000,-0.000
-89.965,-0.001,0.708,-9.795,0.004,0.007,0.001,0.001,-0.000
-89.963,-0.007,0.708,-9.795,0.009,0.010,0.001,0.001,0.000
-89.966,-0.008,0.707,-9.799,0.004,0.000,0.001,0.001,0.001
-89.969,-0.014,0.706,-9.805,0.011,0.001,0.001,0.000,0.000
-89.965,-0.013,0.706,-9.803,0.001,0.011,0.001,0.001,0.000
-89.966,-0.007,0.705,-9.804,-0.006,0.004,0.001,0.000,-0.000
-89.966,-0.004,0.705,-9.802,-0.005,0.005,0.001,0.000,-0.001
-89.965,-0.004,0.704,-9.801,0.001,0.007,0.001,0.001,0.001
-89.962,-0.002,0.704,-9.797,-0.002,0.010,0.000,0.000,0.000
-89.964,0.004,0.704,-9.804,-0.009,0.004,0.000,0.001,0.000
-89.965,-0.001,0.704,-9.800,0.007,0.002,0.000,0.002,0.000
-89.965,0.004,0.703,-9.798,-0.007,0.005,0.001,0.001,0.001
-89.962,0.005,0.703,-9.803,-0.004,0.011,0.001,0.001,0.000
-89.960,0.010,0.702,-9.805,-0.008,0.010,0.001,-0.000,0.000
-89.960,0.008,0.701,-9.814,0.002,0.007,0.001,0.001,0.001
-89.961,0.009,0.701,-9.811,-0.003,0.004,0.001,0.001,0.001
-89.965,0.010,0.700,-9.805,-0.002,-0.001,0.002,0.001,0.001
-89.964,0.013,0.699,-9.811,-0.005,0.007,0.001,0.000,0.001
-89.961,0.014,0.699,-9.805,-0.004,0.011,0.000,0.001,-0.000
-89.960,0.006,0.698,-9.802,0.011,0.008,0.001,0.000,0.000
-89.964,0.001,0.697,-9.801,0.008,-0.001,0.001,0.001,0.000
-89.968,-0.005,0.697,-9.813,0.009,0.000,0.001,-0.000,0.000
-89.970,-0.011,0.695,-9.813,0.011,0.002,0.002,0.001,0.001
-89.969,-0.017,0.695,-9.807,0.013,0.007,0.001,0.001,0.001
-89.967,-0.018,0.694,-9.810,0.003,0.007,0.001,0.000,-0.000
-89.966,-0.017,0.693,-9.813,0.002,0.007,0.001,0.001,-0.000
-89.965,-0.014,0.692,-9.802,-0.001,0.007,0.002,0.001,0.000
-89.963,-0.013,0.691,-9.802,0.001,0.008,0.002,0.000,0.000
-89.963,-0.013,0.690,-9.809,0.002,0.007,0.001,0.000,0.001
-89.961,-0.015,0.690,-9.802,0.007,0.008,0.001,0.001,0.000
-89.965,-0.008,0.689,-9.807,-0.008,-0.001,0.001,0.001,0.000
-89.968,-0.012,0.688,-9.812,0.008,0.002,0.001,0.001,0.001
-89.973,-0.012,0.688,-9.813,0.003,-0.005,0.001,0.001,0.000
-89.970,-0.014,0.687,-9.811,0.005,0.010,0.001,0.000,0.000
-89.973,-0.014,0.686,-9.802,0.002,-0.002,0.001,0.001,0.000
-89.974,-0.014,0.685,-9.804,0.002,0.002,0.002,0.001,-0.000
-89.977,-0.011,0.684,-9.806,-0.001,-0.002,0.002,0.002,0.001
-89.973,-0.011,0.683,-9.796,0.003,0.010,0.001,0.001,0.000
-89.975,-0.003,0.683,-9.796,-0.010,0.000,0.001,0.001,0.001
-89.975,-0.001,0.682,-9.798,-0.001,0.005,0.001,0.000,0.001
-89.977,-0.007,0.681,-9.794,0.010,-0.001,0.001,0.000,0.000
-89.976,-0.007,0.680,-9.810,0.001,0.006,0.002,0.001,-0.000
-89.973,-0.013,0.680,-9.801,0.011,0.008,0.001,0.000,0.000
-89.976,-0.016,0.679,-9.811,0.007,-0.002,0.001,0.001,0.001
-89.975,-0.019,0.679,-9.810,0.008,0.005,0.001,0.001,0.000
-89.972,-0.018,0.678,-9.809,0.003,0.010,0.000,0.000,0.001
-89.974,-0.023,0.677,-9.802,0.010,0.001,0.002,0.000,-0.000
-89.972,-0.021,0.677,-9.807,0.001,0.007,0.001,0.001,0.000
-89.975,-0.016,0.676,-9.811,-0.004,0.001,0.001,0.000,-0.001
-89.976,-0.017,0.675,-9.795,0.004,0.001,0.001,0.001,0.000
-89.975,-0.014,0.675,-9.812,-0.001,0.007,0.001,-0.000,0.001
-89.972,-0.018,0.674,-9.798,0.008,0.008,0.001,0.001,-0.000
-89.969,-0.024,0.674,-9.805,0.013,0.009,0.001,0.000,0.000
-89.965,-0.022,0.673,-9.801,-0.001,0.012,0.000,0.000,-0.000
-89.966,-0.019,0.673,-9.801,-0.001,0.005,0.001,-0.001,-0.000
-89.967,-0.018,0.672,-9.807,0.001,0.004,0.001,0.000,-0.000
-89.966,-0.015,0.672,-9.802,-0.002,0.006,0.001,0.001,-0.000
-89.969,-0.013,0.671,-9.809,-0.002,0.001,0.001,0.000,-0.001
-89.974,-0.014,0.671,-9.804,0.005,-0.002,0.001,0.001,0.000
-89.972,-0.014,0.670,-9.817,0.002,0.006,0.001,0.001,0.000
-89.972,-0.013,0.669,-9.817,0.002,0.004,0.002,0.001,0.000
-89.970,-0.015,0.668,-9.807,0.005,0.007,0.001,0.001,-0.000
-89.973,-0.017,0.667,-9.801,0.005,0.001,0.002,0.000,0.000
-89.973,-0.014,0.666,-9.797,-0.001,0.004,0.001,0.000,0.000
-89.977,-0.018,0.666,-9.803,0.009,-0.001,0.000,-0.000,0.000
-89.971,-0.025,0.665,-9.796,0.014,0.013,0.001,0.000,0.001
-89.966,-0.028,0.664,-9.803,0.010,0.011,0.001,0.001,0.001
-89.968,-0.028,0.664,-9.807,0.005,0.001,0.001,0.001,0.000
-89.968,-0.027,0.663,-9.805,0.003,0.004,0.001,0.001,0.001
-89.967,-0.024,0.663,-9.808,0.001,0.007,0.001,0.001,0.001
-89.965,-0.016,0.662,-9.810,-0.007,0.008,0.001,0.000,0.000
-89.967,-0.021,0.661,-9.796,0.010,0.003,0.002,0.001,0.000
-89.969,-0.020,0.660,-9.806,0.002,0.000,0.001,0.001,0.000
-89.975,-0.022,0.659,-9.803,0.007,-0.004,0.002,0.001,0.000
-89.972,-0.023,0.659,-9.820,0.005,0.008,0.001,0.001,0.001
-89.974,-0.023,0.658,-9.799,0.004,0.002,0.001,0.001,0.000
-89.975,-0.024,0.658,-9.811,0.006,0.003,0.001,0.000,-0.000
-89.976,-0.027,0.657,-9.808,0.009,0.002,0.001,0.001,0.001
-89.976,-0.030,0.656,-9.808,0.008,0.002,0.001,0.001,0.000
-89.972,-0.024,0.656,-9.808,-0.004,0.011,0.001,0.001,0.000
-89.965,-0.023,0.656,-9.807,0.002,0.014,0.000,0.001,0.000
-89.965,-0.019,0.655,-9.815,-0.002,0.006,0.001,0.001,0.001
-89.967,-0.024,0.654,-9.802,0.011,0.002,0.001,0.001,0.000
-89.973,-0.024,0.653,-9.804,0.005,-0.004,0.001,-0.000,-0.000
-89.975,-0.025,0.653,-9.807,0.005,0.001,0.001,0.000,0.000
-89.978,-0.026,0.652,-9.808,0.006,-0.002,0.001,0.001,-0.001
-89.978,-0.025,0.651,-9.799,0.002,0.004,0.001,0.000,0.000
-89.980,-0.025,0.651,-9.819,0.005,-0.001,0.001,0.001,0.001
-89.974,-0.019,0.650,-9.809,-0.005,0.012,0.001,0.001,-0.000
-89.967,-0.016,0.649,-9.804,-0.003,0.015,0.001,0.000,-0.001
-89.966,-0.013,0.649,-9.810,-0.002,0.007,0.001,0.000,0.000
-89.965,-0.017,0.648,-9.808,0.008,0.007,0.001,0.001,-0.000
-89.965,-0.016,0.647,-9.805,0.001,0.004,0.002,0.001,-0.000
-89.972,-0.014,0.646,-9.802,-0.001,-0.007,0.001,0.001,0.000
-89.975,-0.013,0.645,-9.817,0.002,-0.001,0.002,0.001,0.001
-89.975,-0.011,0.644,-9.813,-0.001,0.004,0.002,0.001,0.001
-89.979,-0.013,0.643,-9.812,0.006,-0.002,0.002,0.001,0.001
-89.982,-0.018,0.643,-9.805,0.011,-0.001,0.001,0.000,0.000
-89.983,-0.019,0.642,-9.814,0.005,0.001,0.001,0.000,0.000
-89.982,-0.018,0.641,-9.809,0.002,0.004,0.001,0.001,0.000
-89.982,-0.013,0.640,-9.801,-0.004,0.002,0.001,0.001,0.000
-89.982,-0.015,0.640,-9.808,0.005,0.002,0.001,0.000,0.000
-89.982,-0.014,0.639,-9.809,0.002,0.003,0.002,-0.000,0.000
-89.980,-0.015,0.638,-9.810,0.004,0.007,0.001,0.001,-0.000
-89.982,-0.013,0.638,-9.798,-0.002,0.001,0.001,-0.001,0.000
-89.982,-0.011,0.636,-9.793,-0.001,0.003,0.002,0.000,0.000
-89.981,-0.007,0.635,-9.800,-0.005,0.003,0.002,0.001,-0.001
-89.977,-0.004,0.634,-9.810,-0.004,0.010,0.002,0.001,0.000
-89.974,0.001,0.633,-9.790,-0.007,0.007,0.001,0.001,0.000
-89.973,0.006,0.633,-9.805,-0.008,0.007,0.001,0.000,0.000
-89.978,0.007,0.632,-9.800,-0.002,-0.004,0.001,0.000,0.000
-89.976,0.009,0.632,-9.800,-0.005,0.007,0.001,0.000,-0.001
-89.970,0.010,0.631,-9.811,-0.004,0.012,0.002,0.001,-0.000
-89.969,0.010,0.630,-9.805,-0.001,0.007,0.001,0.000,-0.001
-89.972,0.006,0.629,-9.808,0.003,0.001,0.001,0.000,-0.001
-89.975,0.004,0.629,-9.813,0.002,0.000,0.001,0.001,-0.001
-89.974,0.000,0.628,-9.806,0.007,0.005,0.002,0.001,0.000
-89.965,0.000,0.627,-9.802,-0.001,0.019,0.001,0.001,-0.001
-89.969,0.006,0.626,-9.792,-0.010,-0.002,0.001,0.001,0.000
-89.972,0.007,0.625,-9.798,-0.002,-0.001,0.002,0.001,0.001
-89.966,0.007,0.624,-9.798,0.000,0.015,0.001,0.001,0.000
-89.961,0.005,0.624,-9.796,0.003,0.014,0.001,0.000,0.001
-89.956,0.004,0.623,-9.807,0.001,0.013,0.002,0.001,0.000
-89.953,-0.001,0.622,-9.812,0.008,0.011,0.001,0.001,0.000
-89.954,-0.000,0.621,-9.805,-0.002,0.006,0.001,0.001,-0.001
-89.964,0.002,0.621,-9.804,-0.005,-0.010,0.000,0.001,-0.000
-89.969,-0.001,0.620,-9.799,0.005,-0.002,0.001,0.001,-0.000
-89.969,-0.006,0.620,-9.798,0.008,0.004,0.001,0.001,0.000
-89.972,-0.009,0.619,-9.799,0.006,0.001,0.001,0.000,0.000
-89.975,-0.012,0.619,-9.811,0.006,-0.001,0.001,-0.000,-0.000
-89.984,-0.014,0.617,-9.801,0.005,-0.010,0.002,-0.000,-0.000
-89.980,-0.010,0.616,-9.797,-0.004,0.008,0.002,0.001,-0.000
-89.975,-0.015,0.616,-9.802,0.010,0.010,0.001,0.001,0.000
-89.972,-0.018,0.615,-9.808,0.007,0.007,0.001,0.001,0.000
-89.971,-0.016,0.614,-9.807,-0.001,0.007,0.001,-0.000,0.000
-89.970,-0.012,0.613,-9.799,-0.002,0.006,0.001,0.000,0.001
-89.978,-0.011,0.613,-9.801,0.000,-0.006,0.001,-0.000,-0.001
-89.979,-0.016,0.611,-9.813,0.010,0.002,0.002,0.000,0.000
-89.971,-0.015,0.611,-9.814,-0.001,0.017,0.001,0.001,-0.000
-89.969,-0.006,0.610,-9.808,-0.011,0.007,0.002,0.001,-0.000
-89.969,-0.001,0.609,-9.815,-0.007,0.005,0.001,0.001,0.000
-89.970,-0.000,0.608,-9.791,0.000,0.002,0.002,0.001,0.001
-89.974,-0.007,0.607,-9.806,0.011,-0.001,0.001,0.001,0.001
-89.971,-0.014,0.607,-9.809,0.013,0.010,0.001,-0.000,-0.000
-89.971,-0.013,0.606,-9.801,0.001,0.004,0.001,0.000,-0.000
-89.972,-0.012,0.605,-9.802,0.000,0.002,0.001,0.001,-0.000
-89.978,-0.013,0.605,-9.804,0.005,-0.006,0.000,0.001,0.000
-89.982,-0.014,0.605,-9.809,0.004,-0.004,0.001,0.001,0.001
-89.981,-0.016,0.604,-9.808,0.006,0.005,0.001,0.001,0.000
-89.977,-0.018,0.603,-9.804,0.005,0.010,0.001,0.000,-0.000
-89.973,-0.017,0.603,-9.813,0.001,0.010,0.001,0.001,-0.001
-89.971,-0.015,0.602,-9.804,0.000,0.007,0.001,0.000,0.000
-89.968,-0.015,0.601,-9.805,0.001,0.010,0.001,0.000,-0.000
-89.964,-0.011,0.600,-9.808,-0.004,0.012,0.002,0.001,-0.000
-89.961,-0.013,0.599,-9.808,0.005,0.010,0.002,0.001,0.000
-89.967,-0.004,0.598,-9.810,-0.011,-0.004,0.001,0.001,-0.000
-89.975,0.001,0.597,-9.807,-0.007,-0.007,0.002,0.002,-0.000
-89.975,0.002,0.596,-9.809,-0.002,0.002,0.002,0.000,0.000
-89.967,0.003,0.595,-9.810,-0.001,0.016,0.001,0.001,0.000
-89.967,0.000,0.594,-9.808,0.003,0.005,0.001,0.001,-0.000
-89.973,-0.007,0.593,-9.799,0.011,-0.004,0.002,0.001,0.000
-89.977,-0.008,0.592,-9.806,0.004,-0.003,0.002,0.000,0.000
-89.977,-0.010,0.592,-9.810,0.004,0.004,0.000,0.000,-0.000
-89.977,-0.007,0.591,-9.805,-0.004,0.004,0.001,0.001,-0.001
-89.973,-0.006,0.591,-9.799,0.000,0.008,0.001,0.001,-0.001
-89.974,-0.004,0.591,-9.805,-0.002,0.004,0.001,0.001,0.001
-89.972,-0.006,0.589,-9.802,0.004,0.007,0.002,0.001,-0.000
-89.975,-0.009,0.588,-9.810,0.007,-0.001,0.002,0.001,0.000
-89.972,-0.011,0.587,-9.800,0.004,0.008,0.002,0.000,-0.000
-89.978,-0.013,0.586,-9.798,0.005,-0.005,0.001,-0.000,-0.001
-89.985,-0.013,0.586,-9.802,0.002,-0.009,0.001,0.001,0.000
-89.988,-0.011,0.585,-9.807,0.000,-0.002,0.002,0.000,0.000
-89.991,-0.016,0.583,-9.802,0.010,-0.002,0.002,0.000,0.000
-89.993,-0.016,0.582,-9.806,0.001,-0.003,0.002,0.001,-0.001
-89.993,-0.015,0.581,-9.811,0.002,-0.001,0.001,0.001,0.000
-89.995,-0.012,0.581,-9.810,-0.003,-0.003,0.000,0.001,-0.000
-89.995,-0.010,0.581,-9.799,-0.001,0.002,0.000,-0.000,-0.000
-89.993,-0.007,0.580,-9.812,-0.003,0.002,0.001,0.000,0.001
-89.993,-0.006,0.579,-9.802,0.000,0.001,0.002,0.000,0.000
-89.993,-0.002,0.578,-9.810,-0.005,0.001,0.001,0.000,0.000
-89.990,0.004,0.578,-9.795,-0.010,0.007,0.001,0.000,-0.000
-89.985,0.008,0.577,-9.807,-0.007,0.008,0.001,0.001,0.000
-89.984,0.002,0.576,-9.803,0.009,0.004,0.001,0.000,0.000
-89.982,-0.006,0.576,-9.802,0.013,0.005,0.001,0.000,0.000
-89.986,-0.013,0.575,-9.806,0.013,-0.003,0.001,0.001,0.000
-89.989,-0.018,0.575,-9.793,0.010,-0.002,0.000,0.001,-0.000
-89.985,-0.018,0.574,-9.802,0.002,0.008,0.001,-0.000,0.001
-89.982,-0.012,0.574,-9.813,-0.005,0.005,0.001,0.001,0.001
-89.985,-0.011,0.574,-9.804,0.001,-0.002,0.001,0.001,0.001
-89.987,-0.011,0.573,-9.805,0.002,-0.002,0.000,0.001,0.000
-89.986,-0.014,0.572,-9.809,0.006,0.004,0.001,0.001,-0.000
-89.986,-0.017,0.572,-9.808,0.008,0.001,0.001,0.001,0.000
-89.986,-0.022,0.571,-9.802,0.011,0.002,0.002,0.001,0.001
-89.984,-0.023,0.570,-9.805,0.005,0.005,0.001,0.000,0.001
-89.984,-0.019,0.569,-9.801,-0.003,0.002,0.001,0.000,-0.000
-89.984,-0.018,0.568,-9.805,0.002,0.004,0.001,0.000,0.001
-89.979,-0.016,0.567,-9.807,0.000,0.010,0.002,0.001,0.001
-89.980,-0.019,0.567,-9.807,0.008,0.001,0.001,0.001,0.000
-89.979,-0.020,0.566,-9.803,0.005,0.004,0.001,0.001,0.000
-89.987,-0.018,0.566,-9.800,0.001,-0.010,0.000,0.001,0.000
-89.988,-0.023,0.566,-9.801,0.010,-0.001,0.000,0.001,-0.000
-89.979,-0.021,0.565,-9.819,0.000,0.016,0.001,0.002,0.000
-89.978,-0.015,0.564,-9.813,-0.005,0.004,0.002,0.002,-0.000
-89.983,-0.012,0.563,-9.805,-0.002,-0.004,0.001,0.001,0.000
-89.988,-0.008,0.563,-9.804,-0.005,-0.007,0.001,0.001,0.000
-89.993,-0.005,0.562,-9.801,-0.003,-0.006,0.001,0.000,0.000
-89.985,-0.003,0.561,-9.803,-0.002,0.013,0.002,0.001,-0.000
-89.982,-0.004,0.560,-9.811,0.001,0.007,0.001,0.001,-0.001
-89.985,-0.007,0.559,-9.802,0.005,-0.004,0.002,0.001,-0.000
-89.989,-0.011,0.558,-9.799,0.008,-0.004,0.001,0.001,-0.000
-89.984,-0.010,0.557,-9.812,-0.001,0.008,0.001,0.000,-0.001
-89.987,-0.013,0.557,-9.802,0.006,-0.002,0.001,0.000,-0.000
-89.981,-0.011,0.556,-9.798,-0.001,0.011,0.001,0.001,-0.000
-89.984,-0.014,0.556,-9.796,0.007,-0.002,0.001,0.001,0.001
-89.985,-0.021,0.555,-9.802,0.014,-0.001,0.002,0.001,0.001
-89.981,-0.019,0.554,-9.805,0.002,0.009,0.001,0.001,0.001
-89.980,-0.022,0.553,-9.808,0.008,0.004,0.001,0.001,0.001
-89.982,-0.016,0.553,-9.802,-0.006,-0.001,0.001,0.000,-0.000
-89.977,-0.014,0.551,-9.802,-0.001,0.012,0.002,0.000,0.000
-89.974,-0.008,0.550,-9.798,-0.007,0.007,0.001,0.000,0.000
-89.971,-0.010,0.550,-9.796,0.006,0.010,0.001,0.001,0.000
-89.972,-0.015,0.549,-9.802,0.010,0.003,0.002,0.001,0.000
-89.976,-0.013,0.548,-9.806,0.000,-0.002,0.001,0.000,0.001
-89.978,-0.013,0.548,-9.811,0.002,0.001,0.001,0.000,0.000
-89.977,-0.009,0.547,-9.805,-0.004,0.004,0.001,0.001,0.000
-89.976,-0.003,0.546,-9.814,-0.008,0.004,0.001,0.001,0.000
-89.977,-0.001,0.545,-9.796,-0.004,0.003,0.001,0.001,-0.001
-89.978,0.000,0.545,-9.800,-0.001,0.002,0.001,0.000,0.001
-89.981,-0.002,0.544,-9.798,0.004,-0.001,0.001,0.000,-0.000
-89.981,-0.007,0.544,-9.814,0.008,0.002,0.001,0.001,0.000
-89.985,-0.009,0.544,-9.805,0.005,-0.004,0.000,0.001,0.000
-89.987,-0.010,0.543,-9.805,0.004,-0.002,0.001,0.001,0.000
-89.993,-0.014,0.542,-9.801,0.007,-0.007,0.001,0.000,-0.000
-89.989,-0.010,0.541,-9.802,-0.004,0.007,0.001,0.000,-0.000
-89.987,-0.010,0.541,-9.799,0.002,0.004,0.001,0.001,0.000
-89.992,-0.013,0.540,-9.804,0.005,-0.005,0.001,0.001,-0.001
-89.996,-0.015,0.539,-9.808,0.005,-0.005,0.001,0.001,0.000
-89.993,-0.014,0.539,-9.802,0.002,0.004,0.001,0.001,0.001
-89.987,-0.013,0.537,-9.812,0.001,0.011,0.002,0.000,0.001
-89.987,-0.015,0.536,-9.802,0.006,0.002,0.002,0.000,0.001
-89.992,-0.017,0.536,-9.795,0.007,-0.007,0.001,0.001,0.000
-89.995,-0.015,0.535,-9.801,-0.001,-0.005,0.001,0.001,0.000
-89.994,-0.014,0.535,-9.801,0.001,0.002,0.001,0.000,-0.000
-89.995,-0.011,0.534,-9.801,-0.002,-0.001,0.002,0.001,-0.001
-89.999,-0.012,0.533,-9.803,0.003,-0.006,0.002,0.001,-0.000
-89.998,-0.012,0.532,-9.798,0.002,0.002,0.001,0.000,0.000
-89.997,-0.012,0.531,-9.810,0.002,0.001,0.001,0.001,0.000
-89.991,-0.013,0.530,-9.804,0.003,0.010,0.001,0.000,-0.001
-89.993,-0.021,0.529,-9.806,0.017,-0.003,0.002,0.001,0.000
-89.991,-0.023,0.529,-9.807,0.006,0.003,0.001,0.001,-0.000
-89.985,-0.026,0.528,-9.808,0.009,0.011,0.001,0.001,0.001
-89.982,-0.032,0.528,-9.805,0.014,0.007,0.001,0.001,0.000
-89.978,-0.037,0.527,-9.797,0.013,0.008,0.002,0.001,0.001
-89.981,-0.036,0.526,-9.802,0.007,-0.001,0.001,0.000,0.001
-89.981,-0.041,0.526,-9.808,0.014,0.001,0.001,0.001,0.000
-89.981,-0.043,0.525,-9.796,0.010,0.004,0.001,-0.000,-0.000
-89.977,-0.045,0.525,-9.800,0.011,0.010,0.001,0.000,0.000
-89.978,-0.045,0.525,-9.801,0.008,0.001,0.000,0.001,0.001
-89.983,-0.042,0.524,-9.798,0.003,-0.005,0.001,0.001,0.000
-89.983,-0.038,0.523,-9.804,0.001,0.002,0.001,0.000,-0.000
-89.980,-0.036,0.522,-9.805,0.004,0.007,0.002,0.001,0.000
-89.978,-0.035,0.522,-9.796,0.004,0.007,0.001,-0.000,-0.000
-89.974,-0.035,0.521,-9.799,0.007,0.009,0.002,0.001,0.000
-89.976,-0.033,0.520,-9.803,0.003,0.001,0.002,0.000,0.001
-89.979,-0.034,0.519,-9.799,0.008,-0.001,0.002,0.001,0.000
-89.974,-0.034,0.518,-9.797,0.005,0.011,0.001,0.001,0.000
-89.976,-0.033,0.517,-9.798,0.004,0.001,0.001,0.001,0.000
-89.975,-0.027,0.516,-9.797,-0.003,0.004,0.001,0.001,0.000
-89.977,-0.028,0.516,-9.817,0.007,0.001,0.001,0.001,0.001
-89.986,-0.027,0.516,-9.806,0.003,-0.010,0.001,0.000,0.000
-89.982,-0.020,0.515,-9.799,-0.007,0.008,0.001,0.001,0.001
-89.985,-0.017,0.514,-9.798,-0.001,-0.002,0.002,0.001,0.000
-89.987,-0.016,0.513,-9.803,0.002,-0.002,0.001,0.001,0.000
-89.989,-0.018,0.512,-9.802,0.006,-0.001,0.002,0.001,0.001
-89.991,-0.015,0.511,-9.810,0.001,-0.002,0.001,0.000,0.001
