-89.833,0.000,1.351,-9.805,-0.002,0.029,0.001,-0.001,-0.000
-89.838,-0.001,1.351,-9.814,0.002,0.022,0.001,-0.001,-0.001
-89.844,-0.003,1.351,-9.814,0.002,0.019,0.000,-0.001,-0.000
-89.848,-0.006,1.350,-9.816,0.007,0.022,0.001,-0.001,-0.000
-89.845,-0.007,1.350,-9.815,0.002,0.031,0.000,0.000,0.000
-89.845,-0.005,1.350,-9.814,-0.002,0.027,0.001,-0.001,0.000
-89.847,-0.003,1.349,-9.812,-0.002,0.023,0.001,-0.000,0.000
-89.845,-0.001,1.348,-9.804,-0.003,0.029,0.001,0.000,-0.000
-89.843,-0.002,1.348,-9.804,0.002,0.029,0.001,0.000,-0.000
-89.841,-0.006,1.348,-9.819,0.007,0.031,0.000,-0.001,-0.000
-89.840,-0.008,1.347,-9.814,0.004,0.029,0.001,-0.000,-0.000
-89.840,-0.018,1.347,-9.807,0.017,0.030,0.000,-0.001,-0.000
-89.837,-0.015,1.347,-9.821,-0.001,0.032,0.001,-0.001,0.000
-89.833,-0.017,1.347,-9.812,0.005,0.035,0.000,-0.001,-0.001
-89.839,-0.020,1.347,-9.811,0.008,0.021,-0.000,-0.001,0.000
-89.848,-0.019,1.347,-9.812,0.002,0.014,0.000,-0.001,-0.001
-89.847,-0.022,1.347,-9.812,0.006,0.029,0.000,-0.001,-0.001
-89.841,-0.022,1.346,-9.814,0.004,0.038,0.000,-0.001,-0.000
-89.834,-0.021,1.347,-9.813,0.002,0.038,-0.000,-0.001,0.001
-89.827,-0.020,1.347,-9.819,0.002,0.041,-0.000,-0.001,-0.000
-89.826,-0.018,1.347,-9.821,0.000,0.031,-0.000,0.000,0.000
-89.832,-0.016,1.347,-9.822,0.000,0.020,0.000,-0.000,0.000
-89.836,-0.014,1.347,-9.818,0.001,0.023,0.001,-0.001,-0.000
-89.837,-0.015,1.346,-9.817,0.004,0.026,0.000,-0.001,-0.000
-89.833,-0.015,1.346,-9.819,0.002,0.037,0.000,-0.001,0.000
-89.832,-0.015,1.346,-9.823,0.002,0.031,0.001,-0.001,0.000
-89.828,-0.016,1.346,-9.822,0.004,0.036,0.000,-0.001,-0.000
-89.828,-0.013,1.346,-9.807,-0.002,0.030,0.000,-0.000,0.000
-89.826,-0.013,1.345,-9.811,0.002,0.033,0.001,-0.001,0.000
-89.828,-0.016,1.345,-9.813,0.007,0.028,0.000,-0.001,0.000
-89.828,-0.016,1.344,-9.816,0.002,0.031,0.000,-0.001,0.000
-89.826,-0.011,1.345,-9.819,-0.005,0.034,-0.000,-0.001,-0.001
-89.826,-0.011,1.344,-9.820,0.001,0.031,0.000,-0.000,-0.000
-89.830,-0.004,1.345,-9.813,-0.011,0.023,-0.000,0.001,-0.001
-89.835,-0.006,1.344,-9.806,0.003,0.022,0.001,-0.001,-0.001
-89.837,-0.003,1.344,-9.813,-0.004,0.024,0.000,-0.000,0.000
-89.835,-0.008,1.344,-9.805,0.009,0.032,0.000,-0.000,-0.000
-89.835,-0.019,1.344,-9.808,0.017,0.029,0.000,-0.001,-0.001
-89.844,-0.008,1.344,-9.817,-0.013,0.016,-0.000,-0.001,-0.000
-89.848,-0.013,1.344,-9.803,0.009,0.020,0.001,-0.001,-0.000
-89.840,-0.008,1.343,-9.815,-0.008,0.040,0.001,-0.000,-0.001
-89.838,-0.015,1.343,-9.812,0.012,0.032,0.000,-0.001,-0.000
-89.840,-0.016,1.342,-9.817,0.004,0.026,0.001,-0.001,0.000
-89.842,-0.024,1.342,-9.807,0.017,0.025,0.001,-0.001,0.000
-89.834,-0.024,1.341,-9.820,0.002,0.041,0.001,-0.002,-0.001
-89.836,-0.023,1.341,-9.825,0.003,0.028,0.001,-0.001,0.000
-89.830,-0.026,1.340,-9.820,0.009,0.040,0.000,-0.001,-0.000
-89.824,-0.025,1.340,-9.811,0.004,0.039,0.000,-0.000,0.000
-89.824,-0.028,1.340,-9.815,0.008,0.029,0.001,0.001,-0.000
-89.836,-0.020,1.339,-9.811,-0.007,0.011,0.001,0.000,0.000
-89.869,-0.012,1.339,-9.822,-0.011,-0.029,0.001,0.000,-0.000
-89.868,-0.008,1.338,-9.817,-0.005,0.023,0.002,0.000,-0.001
-89.839,-0.010,1.337,-9.818,0.005,0.068,0.001,-0.000,0.001
-89.842,-0.007,1.337,-9.811,-0.003,0.023,0.000,0.000,0.000
-89.822,-0.014,1.336,-9.810,0.012,0.058,0.001,0.000,0.000
-89.795,-0.015,1.335,-9.819,0.005,0.073,0.001,-0.000,0.000
-89.806,-0.013,1.335,-9.821,-0.001,0.017,0.001,-0.001,-0.000
-89.803,-0.016,1.335,-9.810,0.007,0.037,0.001,-0.000,0.000
-89.805,-0.016,1.334,-9.814,0.002,0.032,0.001,-0.001,-0.001
-89.809,-0.013,1.334,-9.817,-0.002,0.028,-0.000,-0.002,-0.000
-89.816,-0.012,1.334,-9.813,-0.001,0.023,-0.000,-0.001,-0.001
-89.823,-0.009,1.335,-9.811,-0.002,0.020,-0.000,-0.001,-0.000
-89.824,-0.004,1.335,-9.805,-0.007,0.031,0.000,-0.001,0.000
-89.830,-0.000,1.334,-9.807,-0.004,0.020,0.000,-0.000,0.000
-89.829,0.003,1.334,-9.805,-0.005,0.031,0.001,-0.000,-0.000
-89.827,-0.001,1.333,-9.810,0.007,0.034,0.001,-0.000,-0.000
-89.825,-0.002,1.333,-9.809,0.000,0.033,0.001,-0.001,-0.001
-89.825,-0.004,1.333,-9.817,0.003,0.031,0.000,-0.001,-0.001
-89.830,-0.004,1.332,-9.820,0.001,0.022,0.001,0.000,-0.000
-89.828,-0.007,1.331,-9.812,0.005,0.034,0.001,-0.001,-0.000
-89.827,-0.007,1.331,-9.801,0.001,0.032,0.000,-0.001,-0.000
-89.829,-0.003,1.331,-9.807,-0.005,0.026,0.001,-0.000,-0.000
-89.834,-0.002,1.330,-9.805,-0.001,0.022,0.001,0.001,-0.000
-89.831,-0.004,1.330,-9.819,0.002,0.032,0.001,0.000,-0.001
-89.828,-0.005,1.329,-9.811,0.002,0.035,0.001,-0.001,-0.000
-89.829,-0.009,1.329,-9.808,0.007,0.028,0.001,-0.001,0.000
-89.834,-0.003,1.328,-9.813,-0.007,0.023,0.001,-0.001,0.000
-89.843,0.001,1.328,-9.816,-0.005,0.014,0.001,-0.000,0.001
-89.841,-0.002,1.327,-9.807,0.005,0.031,0.001,-0.000,-0.001
-89.836,-0.007,1.327,-9.801,0.007,0.035,0.001,-0.000,-0.000
-89.863,-0.008,1.326,-9.802,0.004,-0.014,0.001,0.001,0.000
-89.891,-0.004,1.325,-9.799,-0.005,-0.020,0.002,0.000,-0.001
-89.916,-0.002,1.323,-9.805,-0.003,-0.025,0.002,0.001,0.000
-89.930,-0.008,1.322,-9.805,0.010,-0.008,0.003,0.001,0.000
-89.913,-0.011,1.320,-9.810,0.005,0.036,0.003,0.002,-0.000
-89.911,-0.016,1.318,-9.806,0.011,0.016,0.003,0.003,-0.001
-89.914,-0.011,1.316,-9.804,-0.005,0.008,0.003,0.002,-0.000
-89.933,-0.015,1.315,-9.801,0.008,-0.017,0.003,0.003,-0.000
-89.971,-0.010,1.312,-9.811,-0.007,-0.049,0.004,0.003,-0.000
-90.010,-0.008,1.309,-9.813,-0.002,-0.067,0.006,0.004,-0.001
-90.027,-0.003,1.305,-9.816,-0.007,-0.032,0.006,0.004,-0.000
-90.020,-0.009,1.300,-9.813,0.010,0.001,0.007,0.005,-0.001
-89.959,-0.010,1.296,-9.819,0.003,0.087,0.007,0.005,-0.000
-89.873,-0.012,1.293,-9.819,0.004,0.153,0.006,0.003,-0.000
-89.768,-0.012,1.290,-9.825,0.002,0.183,0.004,0.001,-0.000
-89.689,-0.006,1.289,-9.829,-0.009,0.164,0.002,0.000,-0.001
-89.664,-0.009,1.289,-9.828,0.007,0.096,-0.000,-0.001,-0.000
-89.674,-0.017,1.289,-9.805,0.013,0.043,0.000,-0.001,-0.001
-89.751,-0.008,1.289,-9.810,-0.010,-0.063,-0.000,-0.001,0.000
-89.757,-0.010,1.289,-9.814,0.004,0.035,0.001,-0.001,-0.000
-89.762,-0.010,1.288,-9.806,0.001,0.035,0.001,-0.000,-0.000
-89.764,-0.008,1.288,-9.810,-0.001,0.037,0.001,-0.001,0.000
-89.783,0.003,1.288,-9.808,-0.016,0.013,0.001,-0.001,0.000
-89.847,0.001,1.287,-9.804,0.002,-0.062,0.001,-0.000,-0.000
-89.909,0.006,1.286,-9.813,-0.009,-0.081,0.003,0.001,-0.001
-89.971,0.005,1.284,-9.810,0.001,-0.084,0.003,0.003,0.000
-90.048,0.005,1.281,-9.799,-0.001,-0.130,0.005,0.003,-0.000
-90.080,0.011,1.276,-9.838,-0.010,-0.062,0.007,0.004,0.000
-90.037,0.001,1.273,-9.822,0.015,0.058,0.007,0.003,0.000
-89.982,-0.000,1.269,-9.817,0.001,0.078,0.006,0.002,-0.000
-89.902,0.004,1.266,-9.820,-0.008,0.139,0.005,0.000,-0.001
-89.773,-0.009,1.264,-9.808,0.020,0.219,0.003,-0.001,0.001
-89.716,-0.012,1.262,-9.801,0.007,0.136,0.002,0.000,0.000
-89.721,-0.018,1.262,-9.800,0.011,0.040,0.001,0.000,-0.001
-89.742,-0.014,1.262,-9.803,-0.002,0.015,0.000,0.000,0.000
-89.791,-0.020,1.262,-9.813,0.012,-0.040,-0.000,-0.000,-0.000
-89.800,-0.024,1.262,-9.808,0.010,0.022,0.000,0.001,0.000
-89.787,-0.025,1.261,-9.816,0.006,0.053,0.001,0.000,-0.000
-89.789,-0.024,1.261,-9.807,0.002,0.034,0.000,-0.001,-0.000
-89.795,-0.026,1.261,-9.815,0.007,0.028,0.000,-0.001,0.000
-89.814,-0.028,1.261,-9.801,0.008,0.005,-0.000,-0.001,-0.001
-89.838,-0.025,1.261,-9.805,0.000,-0.004,0.001,-0.000,-0.000
-89.845,-0.025,1.260,-9.804,0.002,0.016,0.001,-0.000,-0.001
-89.838,-0.031,1.260,-9.814,0.014,0.038,0.001,-0.000,0.000
-89.831,-0.030,1.260,-9.817,0.004,0.040,0.001,-0.000,0.000
-89.833,-0.035,1.259,-9.816,0.014,0.025,0.000,-0.000,0.000
-89.847,-0.033,1.259,-9.825,0.004,0.008,0.001,-0.000,0.000
-89.868,-0.030,1.259,-9.822,0.001,-0.005,0.000,-0.001,-0.000
-89.876,-0.027,1.258,-9.820,0.000,0.010,0.001,-0.001,-0.000
-89.864,-0.022,1.258,-9.817,-0.004,0.044,0.000,-0.001,0.000
-89.858,-0.023,1.258,-9.820,0.005,0.032,0.000,0.000,-0.001
-89.864,-0.021,1.257,-9.813,0.001,0.016,0.000,-0.001,-0.000
-89.880,-0.016,1.257,-9.814,-0.005,-0.004,0.000,-0.000,-0.000
-89.892,-0.006,1.257,-9.826,-0.014,0.002,0.001,-0.001,-0.000
-89.882,-0.003,1.256,-9.810,-0.003,0.035,0.001,-0.001,0.000
-89.868,-0.004,1.256,-9.810,0.002,0.042,0.000,-0.001,0.000
-89.869,-0.006,1.257,-9.823,0.004,0.022,-0.001,-0.001,0.000
-89.874,-0.003,1.257,-9.817,-0.004,0.016,-0.000,-0.001,0.000
-89.888,-0.010,1.257,-9.807,0.012,0.001,-0.000,-0.002,0.000
-89.891,-0.009,1.257,-9.818,-0.001,0.016,-0.001,-0.001,-0.001
-89.883,-0.012,1.257,-9.817,0.006,0.032,0.000,-0.001,0.000
-89.872,-0.007,1.257,-9.817,-0.006,0.041,0.001,-0.001,0.000
-89.864,-0.002,1.257,-9.817,-0.007,0.034,-0.000,-0.001,0.000
-89.865,-0.001,1.257,-9.820,-0.001,0.023,-0.000,-0.001,0.000
-89.868,-0.003,1.257,-9.816,0.004,0.021,-0.000,-0.002,0.001
-89.877,-0.009,1.258,-9.822,0.009,0.010,-0.001,-0.002,-0.001
-89.877,-0.012,1.258,-9.821,0.006,0.024,-0.001,-0.002,-0.000
-89.871,-0.014,1.259,-9.816,0.005,0.032,-0.000,-0.001,-0.000
-89.865,-0.019,1.259,-9.817,0.009,0.032,-0.001,-0.001,-0.000
-89.856,-0.018,1.260,-9.816,0.002,0.040,-0.001,-0.002,0.000
-89.858,-0.013,1.260,-9.822,-0.005,0.023,-0.001,-0.002,-0.001
-89.881,-0.013,1.261,-9.820,0.002,-0.009,-0.001,-0.002,-0.000
-89.892,-0.005,1.262,-9.813,-0.010,0.005,-0.001,-0.002,-0.001
-89.899,-0.002,1.262,-9.822,-0.005,0.009,0.000,-0.003,0.000
-89.911,-0.007,1.262,-9.819,0.008,0.002,-0.001,-0.002,-0.001
-89.909,-0.002,1.263,-9.813,-0.007,0.019,-0.001,-0.001,-0.000
-89.897,-0.002,1.264,-9.802,-0.001,0.036,-0.001,-0.002,-0.000
-89.872,-0.007,1.265,-9.819,0.008,0.058,-0.002,-0.002,-0.001
-89.831,-0.007,1.266,-9.819,0.001,0.090,-0.002,-0.003,-0.000
-89.792,-0.017,1.268,-9.801,0.016,0.093,-0.003,-0.003,-0.001
-89.700,-0.021,1.271,-9.832,0.011,0.199,-0.006,-0.006,0.000
-89.529,-0.039,1.277,-9.821,0.031,0.326,-0.009,-0.009,-0.000
-89.444,-0.036,1.285,-9.834,0.002,0.225,-0.013,-0.012,0.000
-89.415,-0.037,1.293,-9.827,0.008,0.152,-0.013,-0.012,0.000
-89.415,-0.043,1.302,-9.820,0.017,0.114,-0.015,-0.014,0.000
-89.521,-0.038,1.312,-9.808,-0.002,-0.050,-0.016,-0.015,-0.000
-89.646,-0.028,1.322,-9.809,-0.008,-0.099,-0.015,-0.014,-0.000
-89.688,-0.030,1.330,-9.802,0.007,0.007,-0.013,-0.012,-0.000
-89.927,-0.014,1.337,-9.780,-0.019,-0.309,-0.011,-0.008,-0.000
-90.240,-0.001,1.339,-9.794,-0.020,-0.471,-0.003,-0.003,-0.001
-90.322,0.002,1.338,-9.794,-0.005,-0.167,0.001,-0.001,-0.001
-90.439,0.014,1.336,-9.797,-0.019,-0.239,0.004,0.002,0.000
-90.467,0.020,1.332,-9.802,-0.013,-0.127,0.007,0.003,-0.001
-90.290,0.005,1.327,-9.802,0.019,0.192,0.008,0.004,-0.000
-90.170,-0.001,1.324,-9.825,0.009,0.151,0.005,0.004,0.000
-90.111,-0.007,1.322,-9.826,0.009,0.062,0.004,0.002,-0.000
-89.931,-0.019,1.320,-9.834,0.021,0.262,0.003,0.000,0.000
-89.870,-0.024,1.321,-9.822,0.013,0.117,-0.001,-0.001,0.001
-89.852,-0.016,1.321,-9.813,-0.008,0.052,-0.001,-0.001,0.000
-89.847,-0.020,1.322,-9.805,0.010,0.035,-0.001,-0.001,0.001
-89.882,-0.014,1.323,-9.817,-0.006,-0.034,-0.002,-0.001,0.001
-89.901,-0.013,1.324,-9.816,0.000,-0.009,-0.001,-0.001,-0.000
-89.898,-0.005,1.324,-9.804,-0.010,0.023,-0.001,-0.000,-0.000
-89.902,-0.004,1.324,-9.803,-0.001,0.012,0.001,-0.001,0.000
-89.901,-0.005,1.323,-9.811,0.002,0.020,0.000,-0.001,0.000
-89.868,-0.007,1.323,-9.815,0.004,0.068,0.000,-0.001,-0.001
-89.864,-0.012,1.323,-9.820,0.008,0.031,0.000,-0.001,-0.000
-89.865,-0.007,1.323,-9.816,-0.004,0.023,0.000,-0.001,0.000
-89.874,-0.012,1.323,-9.807,0.008,0.010,0.000,-0.001,-0.001
-89.883,-0.016,1.322,-9.810,0.008,0.007,0.000,-0.000,0.000
-89.877,-0.011,1.322,-9.819,-0.005,0.031,0.000,-0.001,-0.000
-89.864,-0.008,1.322,-9.819,-0.002,0.042,0.001,-0.001,0.001
-89.859,-0.012,1.322,-9.818,0.007,0.031,0.000,-0.001,-0.000
-89.875,-0.008,1.321,-9.804,-0.004,-0.001,0.001,-0.001,0.000
-89.874,-0.008,1.321,-9.808,0.001,0.023,0.001,-0.001,-0.001
-89.867,-0.001,1.321,-9.813,-0.010,0.034,0.000,-0.000,-0.000
-89.867,-0.010,1.321,-9.820,0.014,0.023,0.000,-0.001,0.000
-89.880,-0.021,1.320,-9.829,0.018,0.004,0.001,-0.002,-0.001
-89.862,-0.027,1.320,-9.819,0.014,0.051,0.000,0.001,-0.000
-89.852,-0.023,1.320,-9.816,-0.001,0.040,0.001,-0.001,0.000
-89.820,-0.024,1.320,-9.810,0.006,0.075,0.000,0.000,0.000
-89.811,-0.024,1.320,-9.807,0.004,0.045,-0.000,0.000,-0.000
-89.848,-0.022,1.320,-9.821,0.000,-0.025,0.000,-0.000,-0.000
-89.829,-0.023,1.320,-9.807,0.005,0.057,0.000,-0.001,-0.000
-89.834,-0.017,1.319,-9.813,-0.007,0.022,0.000,-0.001,-0.000
-89.824,-0.013,1.319,-9.809,-0.004,0.046,0.000,-0.001,-0.000
-89.817,-0.011,1.319,-9.811,0.000,0.041,0.001,0.000,-0.000
-89.829,-0.014,1.318,-9.817,0.007,0.013,0.000,-0.000,0.001
-89.824,-0.014,1.318,-9.811,0.002,0.040,-0.000,-0.001,-0.000
-89.816,-0.009,1.318,-9.817,-0.006,0.043,0.000,-0.001,-0.001
-89.818,-0.001,1.318,-9.813,-0.011,0.027,0.001,0.001,-0.000
-89.811,-0.005,1.317,-9.811,0.006,0.041,0.001,0.001,-0.001
-89.818,-0.007,1.317,-9.812,0.002,0.019,0.000,0.001,-0.002
-89.810,-0.001,1.317,-9.814,-0.010,0.045,0.001,-0.001,-0.002
-89.806,-0.004,1.317,-9.805,0.003,0.040,0.000,-0.001,-0.001
-89.819,-0.003,1.317,-9.816,-0.002,0.013,0.000,-0.001,-0.001
-89.831,-0.001,1.316,-9.819,-0.004,0.013,0.001,-0.000,-0.001
-89.828,0.001,1.316,-9.820,-0.004,0.034,0.000,-0.000,-0.000
-89.818,-0.001,1.316,-9.817,0.002,0.047,0.000,-0.001,-0.000
-89.815,-0.003,1.316,-9.812,0.003,0.036,0.000,-0.001,-0.001
-89.814,-0.003,1.315,-9.805,0.000,0.035,0.001,-0.001,-0.000
-89.819,-0.004,1.315,-9.821,0.002,0.023,0.001,0.000,0.000
-89.822,-0.004,1.314,-9.816,0.002,0.028,0.001,-0.000,0.000
-89.816,-0.002,1.314,-9.810,-0.003,0.040,0.001,0.001,-0.000
-89.826,0.002,1.313,-9.814,-0.007,0.017,0.001,0.000,-0.001
-89.831,0.005,1.312,-9.814,-0.006,0.022,0.002,-0.000,-0.001
-89.830,0.007,1.312,-9.809,-0.004,0.032,0.000,-0.001,-0.000
-89.832,0.012,1.311,-9.823,-0.009,0.025,0.001,0.000,0.000
-89.837,0.011,1.311,-9.826,-0.001,0.022,0.001,-0.001,-0.001
-89.837,0.007,1.311,-9.813,0.004,0.028,0.000,-0.000,-0.000
-89.841,0.004,1.310,-9.822,0.003,0.022,0.001,-0.001,-0.001
-89.828,-0.002,1.310,-9.832,0.009,0.050,0.001,-0.002,0.001
-89.833,-0.000,1.310,-9.830,-0.001,0.022,0.000,-0.001,0.001
-89.838,-0.003,1.310,-9.816,0.006,0.023,0.000,-0.002,0.001
-89.859,0.002,1.309,-9.801,-0.005,-0.003,0.001,-0.002,0.002
-89.847,-0.000,1.309,-9.809,0.004,0.047,0.000,-0.002,0.001
-89.830,0.003,1.309,-9.816,-0.004,0.054,-0.000,-0.001,0.002
-89.821,0.008,1.309,-9.813,-0.007,0.042,0.000,-0.001,0.001
-89.814,0.011,1.309,-9.818,-0.007,0.044,0.001,-0.001,0.001
-89.826,0.014,1.308,-9.813,-0.005,0.014,0.000,-0.000,0.000
-89.817,0.010,1.309,-9.819,0.005,0.045,-0.000,-0.001,0.000
-89.812,0.010,1.309,-9.827,-0.002,0.040,0.000,-0.000,0.001
-89.811,0.011,1.308,-9.828,-0.001,0.035,0.000,-0.000,0.001
-89.812,0.009,1.308,-9.826,0.001,0.032,0.000,-0.001,-0.001
-89.811,0.007,1.308,-9.817,0.001,0.035,0.001,-0.001,-0.000
-89.806,0.009,1.307,-9.808,-0.003,0.041,0.001,-0.001,0.001
-89.805,0.006,1.307,-9.804,0.002,0.037,0.000,-0.002,-0.000
-89.814,0.003,1.307,-9.808,0.003,0.021,0.001,-0.001,-0.000
-89.818,0.002,1.307,-9.817,0.002,0.026,0.001,-0.001,0.000
-89.816,0.001,1.306,-9.818,0.001,0.036,0.001,-0.001,0.000
-89.813,0.002,1.306,-9.810,-0.001,0.037,0.001,-0.001,0.000
-89.816,0.005,1.305,-9.820,-0.005,0.029,0.001,-0.001,0.000
-89.822,0.003,1.305,-9.809,0.002,0.022,0.000,-0.000,-0.000
-89.834,-0.002,1.305,-9.814,0.007,0.011,0.001,-0.001,0.000
-89.838,-0.003,1.305,-9.811,0.002,0.023,-0.000,-0.001,0.000
-89.833,-0.010,1.305,-9.816,0.011,0.037,-0.000,-0.001,-0.000
-89.822,-0.016,1.304,-9.811,0.011,0.047,0.001,-0.001,0.000
-89.829,-0.017,1.304,-9.813,0.004,0.020,0.000,-0.001,-0.000
-89.836,-0.022,1.304,-9.816,0.011,0.019,0.001,-0.001,0.001
-89.827,-0.018,1.304,-9.813,-0.003,0.043,-0.001,-0.002,-0.000
-89.830,-0.014,1.304,-9.808,-0.003,0.026,-0.000,-0.001,-0.000
-89.834,-0.011,1.304,-9.803,-0.001,0.023,-0.000,-0.001,0.000
-89.831,-0.004,1.304,-9.803,-0.010,0.035,0.000,-0.001,0.001
-89.830,-0.008,1.304,-9.819,0.007,0.031,0.000,-0.001,0.000
-89.835,-0.007,1.304,-9.817,0.001,0.023,0.001,-0.000,0.000
-89.838,-0.010,1.304,-9.810,0.006,0.023,0.000,-0.001,0.000
-89.839,-0.006,1.304,-9.812,-0.005,0.026,-0.000,0.000,-0.000
-89.840,-0.004,1.304,-9.811,-0.002,0.026,0.000,-0.000,-0.001
-89.833,-0.002,1.303,-9.810,-0.003,0.040,0.000,-0.001,-0.000
-89.797,-0.003,1.303,-9.813,0.002,0.085,0.001,-0.001,-0.000
-89.767,-0.003,1.303,-9.823,0.001,0.089,-0.001,-0.002,-0.000
-89.789,-0.018,1.303,-9.801,0.024,0.007,-0.000,-0.002,-0.000
-89.732,-0.020,1.304,-9.842,0.006,0.129,-0.001,-0.003,0.000
-89.792,-0.020,1.306,-9.825,0.004,-0.046,-0.003,-0.002,0.000
-89.818,-0.012,1.307,-9.822,-0.011,-0.001,-0.002,-0.004,-0.001
-89.619,-0.024,1.308,-9.805,0.022,0.345,-0.002,-0.005,0.000
-89.516,-0.041,1.312,-9.820,0.032,0.247,-0.007,-0.005,-0.000
-89.252,-0.052,1.319,-9.826,0.025,0.504,-0.011,-0.009,0.000
-88.986,-0.064,1.329,-9.865,0.028,0.559,-0.017,-0.014,0.000
-88.791,-0.092,1.345,-9.832,0.053,0.502,-0.025,-0.022,-0.000
-89.007,-0.074,1.362,-9.825,-0.012,-0.111,-0.028,-0.020,0.001
-89.295,-0.060,1.376,-9.771,-0.011,-0.300,-0.024,-0.022,-0.000
-89.779,-0.013,1.388,-9.778,-0.063,-0.621,-0.018,-0.013,0.000
-90.432,0.036,1.392,-9.741,-0.074,-0.973,-0.007,-0.004,0.001
-90.921,0.063,1.388,-9.791,-0.048,-0.841,0.006,0.004,0.000
-91.238,0.069,1.377,-9.770,-0.020,-0.663,0.017,0.014,-0.000
-91.417,0.088,1.361,-9.801,-0.045,-0.539,0.027,0.021,-0.001
-91.206,0.062,1.342,-9.811,0.025,0.062,0.031,0.023,-0.000
-90.880,0.055,1.325,-9.862,0.001,0.333,0.029,0.022,-0.000
-90.345,0.020,1.311,-9.851,0.042,0.670,0.023,0.016,-0.001
-89.642,-0.026,1.305,-9.872,0.077,1.153,0.011,0.008,-0.001
-89.084,-0.064,1.306,-9.884,0.063,0.942,-0.003,-0.001,0.000
-88.692,-0.080,1.314,-9.874,0.040,0.849,-0.015,-0.014,0.001
-88.484,-0.097,1.328,-9.834,0.040,0.568,-0.023,-0.019,0.001
-88.633,-0.080,1.346,-9.803,-0.010,0.052,-0.028,-0.024,0.001
-88.997,-0.064,1.362,-9.794,-0.011,-0.310,-0.025,-0.023,0.000
-89.526,-0.037,1.373,-9.771,-0.031,-0.637,-0.017,-0.015,0.001
-90.137,-0.002,1.377,-9.755,-0.047,-0.864,-0.006,-0.005,0.001
-90.685,0.036,1.373,-9.765,-0.060,-0.880,0.006,0.005,-0.000
-90.946,0.053,1.364,-9.765,-0.036,-0.572,0.016,0.010,-0.000
-90.949,0.053,1.350,-9.790,-0.010,-0.183,0.022,0.016,-0.001
-90.638,0.028,1.338,-9.831,0.032,0.357,0.022,0.015,-0.001
-90.248,0.009,1.327,-9.859,0.025,0.490,0.017,0.011,0.000
-89.804,-0.021,1.321,-9.852,0.050,0.718,0.010,0.006,0.000
-89.390,-0.046,1.321,-9.853,0.042,0.682,0.000,-0.001,-0.001
-89.137,-0.056,1.325,-9.834,0.025,0.548,-0.007,-0.007,-0.001
-88.958,-0.064,1.333,-9.838,0.022,0.441,-0.014,-0.013,0.000
-88.895,-0.073,1.345,-9.816,0.025,0.291,-0.019,-0.016,-0.000
-88.980,-0.055,1.358,-9.827,-0.017,0.074,-0.021,-0.017,-0.001
-89.136,-0.049,1.371,-9.801,0.001,-0.053,-0.020,-0.016,0.000
-89.458,-0.023,1.380,-9.794,-0.038,-0.390,-0.016,-0.013,-0.000
-89.883,-0.005,1.386,-9.771,-0.022,-0.504,-0.009,-0.009,-0.000
-90.167,0.014,1.388,-9.779,-0.029,-0.418,-0.003,-0.003,-0.001
-90.420,0.033,1.385,-9.781,-0.035,-0.463,0.005,0.002,-0.000
-90.546,0.048,1.378,-9.794,-0.029,-0.273,0.011,0.006,-0.000
-90.459,0.037,1.371,-9.805,0.008,0.033,0.012,0.009,-0.001
-90.319,0.022,1.365,-9.817,0.017,0.153,0.011,0.008,-0.001
-90.095,0.015,1.360,-9.834,0.008,0.326,0.009,0.005,0.000
-89.753,-0.004,1.357,-9.837,0.028,0.517,0.004,0.002,0.000
-89.508,-0.018,1.359,-9.834,0.023,0.464,-0.002,-0.002,-0.001
-89.339,-0.025,1.363,-9.835,0.016,0.356,-0.007,-0.007,0.001
-89.230,-0.036,1.369,-9.811,0.022,0.291,-0.010,-0.009,0.000
-89.235,-0.041,1.377,-9.823,0.013,0.135,-0.013,-0.011,0.000
-89.339,-0.038,1.384,-9.812,0.003,-0.035,-0.012,-0.011,0.000
-89.485,-0.029,1.391,-9.798,-0.008,-0.104,-0.011,-0.011,0.000
-89.679,-0.015,1.397,-9.786,-0.016,-0.205,-0.009,-0.008,-0.000
-89.659,-0.017,1.401,-9.770,0.006,0.085,-0.006,0.001,0.000
-89.660,-0.038,1.405,-9.799,0.035,0.050,-0.007,0.007,-0.000
-89.837,-0.019,1.408,-9.829,-0.028,-0.256,-0.005,0.010,-0.001
-90.039,-0.017,1.407,-9.847,0.000,-0.292,0.001,0.005,-0.001
-90.077,-0.015,1.406,-9.813,-0.002,-0.067,0.002,0.002,-0.001
-90.046,-0.023,1.405,-9.802,0.016,0.034,0.002,0.001,0.001
-90.092,-0.007,1.403,-9.800,-0.024,-0.089,0.004,0.002,-0.000
-90.127,-0.010,1.398,-9.803,0.005,-0.075,0.007,0.005,-0.000
-90.114,-0.015,1.393,-9.804,0.010,-0.008,0.008,0.006,-0.000
-90.163,-0.012,1.388,-9.807,-0.002,-0.102,0.008,0.006,-0.001
-90.109,-0.010,1.383,-9.816,-0.002,0.051,0.008,0.006,-0.000
-89.971,-0.019,1.378,-9.807,0.017,0.210,0.008,0.006,0.000
-89.912,-0.020,1.373,-9.816,0.004,0.091,0.007,0.006,0.000
-89.898,-0.022,1.369,-9.805,0.008,0.031,0.007,0.006,0.000
-89.843,-0.029,1.366,-9.818,0.016,0.107,0.006,0.004,0.000
-89.797,-0.026,1.362,-9.814,0.001,0.095,0.005,0.004,0.000
-89.789,-0.024,1.359,-9.812,0.000,0.045,0.005,0.004,0.000
-89.761,-0.026,1.356,-9.817,0.008,0.077,0.006,0.003,0.000
-89.760,-0.031,1.353,-9.813,0.012,0.041,0.005,0.003,0.000
-89.790,-0.029,1.350,-9.810,0.003,-0.010,0.005,0.004,0.000
-89.751,-0.039,1.348,-9.799,0.022,0.099,0.004,0.003,-0.000
-89.716,-0.038,1.345,-9.814,0.005,0.095,0.004,0.002,0.000
-89.731,-0.035,1.343,-9.814,0.002,0.023,0.003,0.002,0.000
-89.713,-0.033,1.341,-9.804,0.004,0.077,0.003,0.001,0.000
-89.681,-0.030,1.340,-9.806,0.000,0.097,0.002,0.001,-0.000
-89.675,-0.038,1.338,-9.806,0.020,0.065,0.002,0.002,0.000
-89.714,-0.007,1.336,-9.809,-0.042,-0.008,0.003,0.002,-0.000
-89.669,-0.028,1.335,-9.774,0.034,0.118,0.002,0.001,-0.000
-89.693,-0.010,1.334,-9.817,-0.027,0.017,0.001,-0.001,-0.000
-89.665,-0.017,1.334,-9.811,0.013,0.098,0.001,-0.001,-0.000
-89.636,-0.005,1.334,-9.807,-0.016,0.102,-0.000,-0.001,-0.000
-89.686,-0.010,1.334,-9.810,0.008,-0.014,-0.000,-0.002,-0.001
-89.725,-0.013,1.334,-9.817,0.006,-0.005,0.000,-0.001,-0.000
-89.751,-0.020,1.334,-9.823,0.014,0.008,0.000,-0.001,0.000
-89.739,-0.015,1.334,-9.808,-0.005,0.064,-0.000,-0.001,0.000
-89.726,-0.018,1.334,-9.819,0.008,0.066,0.000,-0.000,0.001
-89.737,-0.021,1.334,-9.822,0.007,0.029,0.000,-0.000,-0.001
-89.763,-0.018,1.334,-9.810,0.000,0.006,-0.000,-0.001,0.000
-89.789,-0.019,1.334,-9.816,0.004,-0.003,-0.000,-0.002,-0.000
-89.788,-0.019,1.334,-9.813,0.002,0.039,0.001,-0.001,-0.000
-89.784,-0.023,1.333,-9.805,0.009,0.042,0.001,-0.000,-0.001
-89.820,-0.026,1.333,-9.808,0.008,-0.019,0.001,0.001,0.000
-89.836,-0.026,1.332,-9.819,0.005,0.002,0.001,-0.000,0.000
-89.843,-0.020,1.331,-9.812,-0.004,0.018,0.001,-0.000,0.000
-89.869,-0.010,1.330,-9.815,-0.012,-0.014,0.002,0.001,0.000
-89.871,-0.008,1.328,-9.810,-0.002,0.019,0.003,0.001,-0.000
-89.856,-0.010,1.326,-9.805,0.004,0.044,0.003,0.001,-0.001
-89.867,-0.003,1.324,-9.813,-0.009,0.006,0.003,0.002,-0.000
-89.903,-0.006,1.322,-9.813,0.005,-0.035,0.004,0.001,-0.000
-89.899,-0.000,1.318,-9.797,-0.009,0.022,0.006,0.002,0.000
-89.852,0.020,1.315,-9.792,-0.032,0.086,0.005,0.004,-0.001
-89.813,0.007,1.313,-9.812,0.019,0.090,0.004,0.002,-0.000
-89.789,0.007,1.311,-9.859,-0.002,0.069,0.003,0.001,0.000
-89.685,-0.015,1.311,-9.804,0.037,0.214,0.001,-0.001,0.000
-89.579,-0.011,1.311,-9.819,-0.004,0.220,-0.001,-0.001,0.000
-89.663,0.002,1.312,-9.814,-0.019,-0.057,-0.001,-0.001,-0.001
-89.660,-0.001,1.312,-9.816,0.004,0.064,-0.001,-0.002,-0.000
-89.640,-0.004,1.314,-9.813,0.006,0.093,-0.002,-0.001,-0.000
-89.727,0.015,1.315,-9.822,-0.029,-0.072,-0.002,-0.002,-0.000
-89.759,0.028,1.314,-9.812,-0.023,-0.001,0.000,-0.001,-0.000
-89.775,0.033,1.314,-9.813,-0.012,0.016,0.000,0.000,-0.000
-89.820,0.035,1.314,-9.811,-0.009,-0.040,0.001,0.001,0.000
-89.818,0.033,1.312,-9.821,-0.004,0.034,0.002,0.000,-0.000
-89.780,0.030,1.311,-9.816,-0.001,0.096,0.002,-0.000,-0.000
-89.752,0.023,1.311,-9.828,0.005,0.082,0.001,-0.000,-0.001
-89.736,0.015,1.310,-9.821,0.010,0.071,0.001,-0.001,-0.000
-89.732,0.009,1.310,-9.820,0.006,0.053,-0.000,-0.001,-0.000
-89.748,0.008,1.310,-9.808,0.000,0.020,-0.000,-0.001,0.000
-89.787,0.000,1.310,-9.805,0.011,-0.017,0.000,-0.001,0.000
-89.788,-0.003,1.310,-9.814,0.005,0.036,0.000,-0.001,-0.000
-89.781,0.000,1.310,-9.819,-0.005,0.048,0.001,-0.001,-0.001
-89.810,0.001,1.309,-9.817,-0.002,-0.006,0.001,-0.001,-0.001
-89.789,-0.007,1.309,-9.811,0.013,0.068,0.001,-0.000,0.000
-89.769,-0.002,1.308,-9.813,-0.007,0.068,0.001,-0.000,-0.000
-89.791,0.003,1.308,-9.805,-0.008,0.005,0.001,-0.000,-0.001
-89.788,0.000,1.308,-9.817,0.004,0.042,0.001,-0.000,-0.001
-89.776,-0.003,1.308,-9.814,0.005,0.056,0.000,-0.001,0.000
-89.794,0.002,1.307,-9.820,-0.008,0.012,0.000,-0.001,0.000
-89.809,0.005,1.307,-9.813,-0.005,0.010,0.001,-0.001,-0.000
-89.806,0.000,1.306,-9.811,0.006,0.039,0.001,-0.002,-0.001
-89.807,-0.005,1.306,-9.805,0.010,0.034,0.000,-0.001,0.000
-89.803,-0.002,1.306,-9.811,-0.005,0.039,-0.000,-0.001,0.000
-89.818,0.008,1.306,-9.806,-0.015,0.011,0.001,-0.001,-0.001
-89.816,0.007,1.306,-9.810,0.000,0.036,0.000,-0.001,-0.001
-89.820,0.003,1.306,-9.819,0.004,0.026,0.000,-0.000,-0.000
-89.827,0.008,1.306,-9.814,-0.009,0.019,0.000,-0.000,0.000
-89.819,0.006,1.305,-9.818,0.002,0.042,0.001,0.000,-0.000
-89.818,0.006,1.305,-9.825,-0.001,0.033,0.000,-0.000,0.000
-89.812,0.001,1.305,-9.813,0.007,0.041,0.000,-0.001,0.000
-89.816,0.000,1.305,-9.802,0.001,0.027,0.000,-0.000,-0.000
-89.823,0.004,1.304,-9.811,-0.005,0.020,0.001,-0.001,-0.000
-89.812,0.003,1.304,-9.812,0.001,0.051,0.000,-0.001,0.000
-89.803,0.002,1.304,-9.817,0.001,0.046,0.000,-0.001,0.000
-89.805,0.001,1.304,-9.822,0.001,0.031,0.001,-0.000,-0.000
-89.801,0.001,1.303,-9.818,-0.001,0.040,0.001,-0.000,-0.001
-89.800,0.003,1.303,-9.820,-0.004,0.037,0.000,-0.001,-0.000
-89.795,-0.002,1.303,-9.811,0.007,0.042,0.001,-0.000,-0.000
-89.798,-0.005,1.303,-9.813,0.005,0.031,-0.000,-0.000,-0.001
-89.811,-0.007,1.303,-9.818,0.003,0.014,0.000,-0.001,-0.000
-89.809,-0.005,1.302,-9.819,-0.001,0.038,0.001,-0.002,0.000
-89.797,-0.006,1.302,-9.815,0.002,0.052,0.001,-0.001,0.000
-89.797,0.002,1.302,-9.807,-0.011,0.035,0.000,-0.000,0.000
-89.790,0.005,1.301,-9.817,-0.005,0.048,0.001,-0.001,0.000
-89.784,0.005,1.301,-9.817,-0.001,0.048,0.001,-0.001,0.000
-89.784,0.001,1.300,-9.816,0.005,0.038,0.001,-0.001,0.000
-89.785,-0.000,1.299,-9.810,0.002,0.035,0.001,0.000,0.000
-89.788,-0.000,1.298,-9.814,-0.001,0.032,0.001,-0.000,-0.001
-89.778,0.002,1.298,-9.807,-0.004,0.051,0.000,0.000,-0.001
-89.779,0.005,1.298,-9.808,-0.007,0.037,0.001,-0.000,-0.001
-89.792,0.003,1.297,-9.805,0.002,0.019,0.001,-0.001,-0.000
-89.793,-0.001,1.297,-9.809,0.005,0.034,0.001,-0.000,-0.000
-89.777,-0.000,1.296,-9.810,0.000,0.059,0.002,0.002,0.000
-89.777,-0.004,1.295,-9.805,0.005,0.038,0.001,0.001,-0.000
-89.780,-0.001,1.295,-9.815,-0.003,0.035,0.001,-0.002,0.001
-89.775,-0.004,1.294,-9.831,0.004,0.047,0.001,-0.001,-0.000
-89.784,-0.005,1.295,-9.813,0.003,0.029,-0.002,-0.005,0.001
-89.794,-0.003,1.296,-9.808,-0.002,0.023,-0.000,-0.003,0.000
-89.798,-0.001,1.296,-9.807,-0.001,0.029,-0.001,-0.001,0.000
-89.798,0.003,1.296,-9.821,-0.007,0.035,0.001,0.000,-0.000
-89.802,0.007,1.295,-9.806,-0.007,0.029,0.001,0.000,-0.000
-89.797,0.008,1.295,-9.810,-0.004,0.042,0.001,0.000,0.000
-89.797,0.014,1.294,-9.815,-0.010,0.037,0.001,-0.002,0.000
-89.794,0.014,1.294,-9.802,-0.002,0.041,0.001,-0.002,-0.000
-89.793,0.016,1.294,-9.811,-0.006,0.038,0.001,-0.001,0.000
-89.798,0.012,1.293,-9.813,0.004,0.029,0.000,-0.001,-0.000
-89.798,0.005,1.293,-9.820,0.009,0.037,0.001,-0.001,-0.000
-89.792,0.000,1.293,-9.811,0.008,0.044,0.000,-0.000,0.000
-89.797,-0.001,1.293,-9.817,0.001,0.029,0.000,-0.000,-0.000
-89.799,-0.002,1.292,-9.814,0.002,0.031,0.001,-0.000,0.000
-89.803,-0.007,1.292,-9.818,0.008,0.029,0.001,0.000,-0.000
-89.803,-0.003,1.291,-9.810,-0.006,0.034,0.002,0.000,-0.001
-89.801,0.003,1.290,-9.812,-0.010,0.039,0.001,-0.001,0.000
-89.801,0.007,1.290,-9.811,-0.006,0.035,0.000,-0.001,0.000
-89.805,0.005,1.290,-9.816,0.002,0.026,0.000,-0.001,-0.001
-89.803,0.003,1.290,-9.813,0.001,0.038,0.001,-0.001,-0.000
-89.802,0.008,1.289,-9.808,-0.008,0.037,0.001,-0.001,0.000
-89.804,0.005,1.288,-9.801,0.002,0.030,0.001,-0.001,-0.001
-89.802,0.004,1.288,-9.813,0.001,0.039,0.001,-0.001,-0.001
-89.798,0.003,1.288,-9.814,0.001,0.041,0.000,-0.001,0.001
-89.796,0.003,1.288,-9.817,-0.001,0.038,0.000,-0.001,0.000
-89.794,-0.003,1.287,-9.817,0.009,0.039,0.001,-0.001,-0.000
-89.791,-0.004,1.287,-9.810,0.002,0.042,0.000,-0.001,-0.001
-89.782,-0.004,1.287,-9.807,0.000,0.051,0.001,-0.001,-0.000
-89.786,0.002,1.286,-9.806,-0.008,0.032,0.001,-0.001,-0.000
-89.786,0.005,1.286,-9.809,-0.005,0.039,0.001,-0.001,-0.000
-89.797,0.008,1.285,-9.813,-0.007,0.020,0.001,-0.003,-0.000
-89.798,0.001,1.284,-9.804,0.010,0.037,0.002,-0.003,0.000
-89.806,0.002,1.283,-9.808,-0.001,0.026,0.003,-0.005,0.000
-89.810,0.008,1.280,-9.807,-0.010,0.032,0.004,-0.006,0.000
-89.805,0.013,1.278,-9.807,-0.010,0.047,0.003,-0.005,0.000
-89.789,0.012,1.277,-9.808,-0.001,0.061,0.003,-0.004,-0.000
-89.782,0.011,1.276,-9.800,-0.001,0.050,0.001,-0.001,-0.001
-89.781,0.005,1.276,-9.813,0.008,0.040,0.001,-0.001,0.000
-89.782,0.009,1.275,-9.809,-0.008,0.038,0.001,-0.003,-0.000
-89.791,0.012,1.273,-9.820,-0.007,0.029,0.003,-0.006,-0.001
-89.797,0.012,1.271,-9.817,-0.002,0.032,0.003,-0.007,-0.001
-89.796,0.009,1.269,-9.812,0.002,0.044,0.004,-0.007,-0.000
-89.798,0.012,1.266,-9.809,-0.005,0.039,0.004,-0.007,0.001
-89.794,0.013,1.264,-9.807,-0.005,0.047,0.004,-0.005,-0.001
-89.780,0.016,1.263,-9.808,-0.007,0.060,0.002,-0.003,-0.000
-89.777,0.011,1.262,-9.817,0.006,0.044,0.002,-0.003,0.000
-89.774,0.013,1.261,-9.822,-0.005,0.046,0.002,-0.003,0.000
-89.780,0.011,1.259,-9.819,0.001,0.035,0.002,-0.005,-0.001
-89.791,0.016,1.256,-9.823,-0.011,0.031,0.006,-0.011,-0.001
-89.807,0.014,1.251,-9.811,0.001,0.024,0.009,-0.016,-0.000
-89.824,0.016,1.244,-9.811,-0.005,0.025,0.010,-0.017,0.000
-0.573,0.001,-0.000,-9.808,-0.019,0.008,-0.001,0.000,0.000
-6.297,0.010,-0.001,-9.814,-0.016,0.014,-0.001,0.001,-0.000
-12.555,0.020,-0.002,-9.809,-0.016,0.005,-0.000,0.000,0.000
-18.143,0.024,-0.004,-9.816,-0.008,0.004,-0.000,-0.001,-0.000
-24.125,0.033,-0.008,-9.806,-0.016,0.009,-0.001,0.000,-0.000
-29.870,0.031,-0.011,-9.807,-0.001,0.006,-0.001,0.000,-0.000
-35.330,0.034,-0.014,-9.803,-0.007,0.005,-0.000,0.000,-0.000
-40.470,0.033,-0.017,-9.808,-0.003,-0.005,-0.001,-0.000,0.000
-45.260,0.029,-0.019,-9.807,0.002,0.004,-0.000,0.000,-0.000
-49.283,0.028,-0.021,-9.816,-0.002,0.020,0.000,-0.000,0.000
-53.389,0.029,-0.023,-9.817,-0.006,0.010,-0.001,-0.001,-0.000
-57.139,0.031,-0.025,-9.801,-0.008,0.013,-0.000,0.000,-0.001
-60.552,0.035,-0.027,-9.804,-0.013,0.011,-0.001,0.000,-0.001
-63.644,0.034,-0.029,-9.802,-0.004,0.010,0.000,0.000,-0.000
-66.433,0.034,-0.031,-9.813,-0.006,0.016,-0.000,0.000,-0.001
-68.718,0.040,-0.032,-9.820,-0.016,0.008,-0.000,0.000,-0.001
-71.006,0.041,-0.033,-9.811,-0.010,-0.001,-0.001,0.000,-0.000
-73.056,0.039,-0.034,-9.816,-0.004,0.003,-0.001,-0.001,0.000
-74.893,0.037,-0.036,-9.825,-0.004,-0.001,-0.000,-0.000,-0.001
-76.535,0.036,-0.037,-9.823,-0.006,0.002,0.000,-0.000,-0.001
-77.996,0.036,-0.038,-9.821,-0.006,0.009,-0.000,0.000,-0.001
-79.309,0.042,-0.039,-9.819,-0.016,-0.002,-0.001,-0.001,-0.001
-80.475,0.040,-0.039,-9.817,-0.004,0.005,-0.000,-0.001,-0.001
-81.512,0.041,-0.040,-9.815,-0.010,0.010,-0.000,-0.000,-0.001
-82.434,0.039,-0.041,-9.814,-0.004,0.013,0.000,0.000,-0.001
-83.182,0.041,-0.041,-9.820,-0.011,0.011,0.000,-0.000,-0.000
-83.935,0.041,-0.042,-9.815,-0.008,-0.007,-0.000,-0.000,-0.000
-84.594,0.043,-0.042,-9.807,-0.011,0.011,-0.000,0.000,-0.000
-85.182,0.050,-0.042,-9.801,-0.019,0.009,-0.001,0.000,-0.001
-85.698,0.054,-0.043,-9.810,-0.016,0.020,0.000,0.001,-0.000
-86.166,0.050,-0.043,-9.803,-0.004,0.007,0.000,-0.000,-0.000
-86.547,0.050,-0.044,-9.799,-0.008,0.004,-0.000,0.000,-0.001
-86.924,0.042,-0.044,-9.813,0.002,0.004,0.000,-0.000,-0.001
-87.262,0.039,-0.044,-9.815,-0.003,0.001,0.000,-0.000,-0.000
-87.555,0.036,-0.045,-9.823,-0.002,0.013,0.001,-0.001,0.000
-87.795,0.039,-0.045,-9.817,-0.011,0.007,-0.000,-0.000,-0.000
-88.030,0.040,-0.045,-9.808,-0.010,0.013,-0.001,-0.000,-0.000
-88.237,0.036,-0.045,-9.804,0.000,0.014,0.000,-0.000,-0.000
-88.421,0.038,-0.045,-9.798,-0.011,0.016,0.000,-0.000,-0.000
-88.587,0.041,-0.045,-9.817,-0.011,0.011,0.000,0.000,-0.000
-88.737,0.042,-0.045,-9.811,-0.008,0.009,0.000,0.000,-0.000
-88.854,0.042,-0.046,-9.811,-0.010,0.016,0.000,0.000,-0.001
-88.962,0.043,-0.046,-9.805,-0.010,0.028,0.000,0.000,-0.001
-89.068,0.045,-0.045,-9.816,-0.011,0.011,-0.001,0.001,-0.002
-89.167,0.043,-0.045,-9.808,-0.006,0.007,-0.001,0.000,-0.000
-89.249,0.044,-0.045,-9.800,-0.008,0.013,-0.000,0.001,-0.000
-89.322,0.046,-0.045,-9.807,-0.012,0.005,0.001,0.000,-0.000
-89.389,0.043,-0.045,-9.808,-0.005,0.010,-0.001,0.000,-0.001
-89.454,0.040,-0.044,-9.806,-0.004,0.003,-0.001,0.000,-0.002
-89.512,0.038,-0.044,-9.809,-0.005,0.004,-0.001,0.000,-0.001
-89.560,0.043,-0.044,-9.804,-0.014,0.010,0.000,-0.001,-0.001
-89.613,0.041,-0.045,-9.815,-0.005,-0.016,0.000,-0.000,-0.001
-89.729,0.045,-0.046,-9.805,-0.013,-0.115,0.001,0.001,-0.001
-89.818,0.050,-0.048,-9.817,-0.017,-0.095,0.003,0.002,-0.001
-89.912,0.051,-0.050,-9.801,-0.011,-0.119,0.004,0.003,-0.001
-89.959,0.057,-0.053,-9.810,-0.019,-0.062,0.005,0.005,-0.001
-89.960,0.045,-0.057,-9.805,0.008,0.000,0.006,0.006,-0.001
-89.938,0.041,-0.061,-9.809,-0.001,0.039,0.006,0.005,-0.001
-89.852,0.027,-0.064,-9.804,0.013,0.142,0.005,0.003,-0.001
-89.742,0.022,-0.066,-9.823,0.004,0.196,0.003,0.001,-0.000
-89.643,0.014,-0.066,-9.821,0.010,0.213,0.001,0.001,-0.000
-89.538,0.011,-0.065,-9.823,0.001,0.226,-0.002,-0.002,-0.001
-89.503,0.011,-0.062,-9.817,-0.002,0.139,-0.005,-0.004,-0.000
-89.531,0.015,-0.058,-9.817,-0.008,0.045,-0.007,-0.004,-0.001
-89.610,0.017,-0.054,-9.811,-0.007,-0.038,-0.005,-0.005,-0.000
-89.738,0.029,-0.051,-9.800,-0.022,-0.127,-0.004,-0.004,-0.001
-89.886,0.045,-0.050,-9.790,-0.030,-0.185,-0.002,-0.002,-0.000
-90.001,0.055,-0.051,-9.785,-0.024,-0.159,0.001,0.000,-0.001
-90.070,0.052,-0.052,-9.802,-0.006,-0.111,0.002,0.003,-0.001
-90.089,0.051,-0.054,-9.796,-0.007,-0.047,0.004,0.004,-0.001
-90.069,0.050,-0.057,-9.801,-0.008,0.012,0.005,0.003,-0.001
-90.019,0.036,-0.060,-9.806,0.012,0.063,0.004,0.003,-0.001
-89.985,0.036,-0.063,-9.819,-0.006,0.047,0.004,0.003,-0.000
-89.966,0.037,-0.064,-9.827,-0.008,0.034,0.003,0.002,-0.001
-89.925,0.035,-0.066,-9.806,-0.003,0.068,0.003,0.003,-0.000
-89.945,0.042,-0.067,-9.796,-0.018,-0.022,0.002,0.003,-0.001
-90.003,0.044,-0.068,-9.810,-0.011,-0.083,0.002,0.003,-0.001
-90.012,0.039,-0.071,-9.795,-0.001,-0.019,0.003,0.004,-0.001
-90.069,0.048,-0.073,-9.798,-0.023,-0.103,0.004,0.004,-0.001
-90.118,0.052,-0.077,-9.800,-0.015,-0.092,0.006,0.004,-0.001
-90.095,0.055,-0.081,-9.802,-0.015,0.010,0.007,0.006,-0.001
-89.972,0.004,-0.086,-9.748,0.069,0.169,0.007,0.004,-0.000
-90.389,0.101,-0.092,-9.829,-0.169,-0.724,0.010,0.013,-0.001
-90.432,0.045,-0.103,-9.795,0.068,-0.145,0.019,0.011,-0.002
-89.887,0.032,-0.111,-9.850,0.011,0.773,0.013,0.008,-0.001
-89.844,0.015,-0.115,-9.801,0.022,0.078,0.005,0.007,-0.001
-89.788,0.028,-0.119,-9.834,-0.026,0.120,0.008,0.004,-0.001
-89.538,-0.008,-0.122,-9.808,0.051,0.427,0.005,-0.000,-0.001
-89.515,0.002,-0.121,-9.809,-0.015,0.114,-0.002,0.000,-0.001
-89.583,0.003,-0.120,-9.793,-0.002,-0.020,-0.002,-0.003,-0.001
-89.602,0.013,-0.119,-9.807,-0.017,0.043,-0.001,-0.001,-0.001
-89.716,0.019,-0.119,-9.796,-0.011,-0.110,0.000,0.001,0.000
-89.995,0.038,-0.121,-9.804,-0.034,-0.389,0.002,0.004,-0.000
-90.114,0.041,-0.125,-9.828,-0.012,-0.208,0.007,0.005,-0.001
-90.403,0.058,-0.133,-9.796,-0.035,-0.469,0.013,0.000,-0.001
-90.678,0.078,-0.146,-9.824,-0.041,-0.497,0.019,-0.002,-0.000
-90.927,0.081,-0.162,-9.837,-0.019,-0.502,0.026,-0.004,-0.001
-91.115,0.085,-0.182,-9.817,-0.022,-0.447,0.032,-0.006,-0.001
-91.258,0.103,-0.205,-9.830,-0.043,-0.411,0.036,-0.003,-0.001
-91.432,0.100,-0.232,-9.809,-0.016,-0.483,0.042,-0.003,-0.001
-91.661,0.112,-0.264,-9.832,-0.039,-0.601,0.050,-0.003,-0.001
-91.831,0.119,-0.300,-9.804,-0.032,-0.546,0.058,-0.004,-0.001
-91.949,0.113,-0.341,-9.802,-0.014,-0.493,0.064,-0.004,-0.001
-91.940,0.101,-0.385,-9.818,-0.005,-0.317,0.070,-0.004,-0.001
-91.904,0.095,-0.428,-9.814,-0.010,-0.268,0.075,-0.003,-0.001
-91.779,0.088,-0.477,-9.811,-0.010,-0.127,0.079,-0.003,-0.001
-91.677,0.087,-0.527,-9.821,-0.017,-0.141,0.080,-0.005,-0.001
-91.580,0.079,-0.578,-9.820,-0.006,-0.130,0.081,-0.007,-0.002
-91.542,0.078,-0.632,-9.811,-0.016,-0.204,0.085,-0.007,-0.002
-91.507,0.076,-0.686,-9.795,-0.014,-0.204,0.087,-0.007,-0.002
-91.503,0.080,-0.743,-9.808,-0.025,-0.245,0.090,-0.006,-0.002
-91.538,0.079,-0.802,-9.801,-0.016,-0.309,0.094,-0.003,-0.002
-91.687,0.083,-0.865,-9.840,-0.025,-0.491,0.100,-0.005,-0.002
-91.895,0.090,-0.933,-9.832,-0.031,-0.606,0.107,-0.009,-0.002
-91.974,0.102,-1.006,-9.831,-0.039,-0.440,0.115,-0.010,-0.002
-91.958,0.105,-1.081,-9.793,-0.029,-0.303,0.119,-0.009,-0.003
-91.939,0.109,-1.159,-9.803,-0.031,-0.303,0.124,-0.003,-0.002
-91.973,0.101,-1.241,-9.811,-0.011,-0.385,0.130,0.000,-0.001
-92.070,0.105,-1.326,-9.836,-0.031,-0.493,0.136,0.002,-0.002
-92.214,0.109,-1.409,-9.869,-0.033,-0.605,0.144,0.001,-0.003
-92.368,0.108,-1.504,-9.874,-0.027,-0.621,0.150,-0.002,-0.003
-92.448,0.105,-1.603,-9.856,-0.023,-0.527,0.158,-0.006,-0.003
-92.375,0.103,-1.706,-9.817,-0.026,-0.300,0.164,-0.006,-0.004
-89.749,-0.057,-1.797,-9.395,0.232,3.840,0.146,0.005,-0.006
-86.012,-0.201,-1.842,-9.801,0.287,7.217,0.057,0.040,-0.003
-84.674,-0.374,-1.844,-9.938,0.320,2.911,-0.008,-0.013,-0.000
-83.912,-0.400,-1.828,-9.896,0.105,2.186,-0.032,-0.032,0.001
-83.973,-0.438,-1.795,-9.576,0.119,0.937,-0.053,-0.009,-0.001
-85.577,-0.252,-1.746,-9.683,-0.223,-1.516,-0.062,0.029,-0.001
-87.284,-0.160,-1.713,-10.005,-0.108,-2.021,-0.044,0.021,0.000
-88.996,-0.090,-1.698,-9.897,-0.085,-2.283,-0.017,-0.010,0.001
-89.476,-0.031,-1.698,-9.909,-0.078,-0.557,0.001,-0.024,0.000
-90.307,0.025,-1.710,-9.705,-0.081,-1.184,0.018,-0.017,0.000
-90.364,0.036,-1.729,-9.746,-0.023,-0.151,0.031,0.011,-0.002
-90.809,0.084,-1.749,-9.826,-0.083,-0.781,0.030,0.021,-0.001
-91.540,0.096,-1.777,-9.849,-0.037,-1.311,0.043,0.020,-0.002
-90.612,0.073,-1.802,-9.871,0.019,1.206,0.042,-0.006,-0.001
-89.203,-0.021,-1.812,-9.760,0.135,2.134,0.017,-0.005,-0.000
-88.499,-0.106,-1.811,-9.762,0.136,1.237,-0.003,-0.002,-0.001
-88.177,-0.084,-1.804,-9.820,-0.017,0.752,-0.011,0.008,-0.001
-88.318,-0.064,-1.795,-9.817,-0.018,0.086,-0.014,0.008,-0.001
-89.406,0.020,-1.789,-9.849,-0.121,-1.431,-0.009,0.001,0.000
-90.244,0.064,-1.792,-9.806,-0.074,-1.207,0.004,-0.006,0.000
-90.053,0.064,-1.797,-9.775,-0.010,0.289,0.009,-0.005,0.000
-89.387,0.035,-1.800,-9.817,0.034,1.028,0.005,0.005,-0.001
-88.956,0.014,-1.800,-9.811,0.026,0.781,0.000,-0.002,-0.001
-89.017,-0.001,-1.796,-9.818,0.020,0.086,-0.007,-0.002,-0.000
-89.572,0.034,-1.791,-9.786,-0.055,-0.696,-0.007,-0.000,-0.001
-89.879,0.073,-1.792,-9.808,-0.066,-0.405,0.001,0.000,-0.000
-89.789,0.068,-1.795,-9.821,-0.006,0.163,0.005,-0.001,-0.000
-89.588,0.042,-1.796,-9.817,0.032,0.382,0.001,-0.001,-0.001
-89.504,0.019,-1.793,-9.798,0.029,0.200,-0.004,0.000,-0.001
-89.681,0.051,-1.791,-9.820,-0.053,-0.189,-0.003,-0.001,-0.000
-89.873,0.062,-1.792,-9.816,-0.027,-0.242,0.001,-0.003,-0.001
-89.856,0.050,-1.793,-9.811,0.007,0.049,0.001,-0.001,-0.001
-89.696,0.050,-1.791,-9.812,-0.010,0.272,-0.003,0.001,-0.001
-89.719,0.058,-1.789,-9.813,-0.022,0.016,-0.003,-0.003,-0.000
-89.691,0.052,-1.788,-9.807,-0.001,0.097,-0.001,-0.005,-0.000
-89.705,0.039,-1.785,-9.807,0.011,0.032,-0.005,-0.002,-0.000
-89.777,0.064,-1.781,-9.813,-0.045,-0.059,-0.006,-0.002,-0.000
-89.757,0.038,-1.779,-9.798,0.029,0.074,-0.003,-0.006,-0.001
-89.746,0.037,-1.778,-9.813,-0.005,0.066,-0.002,-0.006,-0.001
-89.833,0.056,-1.776,-9.732,-0.037,-0.089,-0.003,-0.004,-0.001
-89.890,0.085,-1.775,-9.787,-0.054,-0.062,-0.002,0.001,-0.000
-89.864,0.070,-1.775,-9.847,0.007,0.061,0.000,-0.002,-0.001
-89.952,0.076,-1.775,-9.854,-0.020,-0.115,-0.001,0.001,0.000
-89.868,0.062,-1.773,-9.832,0.010,0.154,-0.003,-0.002,-0.001
-89.930,0.070,-1.771,-9.806,-0.023,-0.071,-0.003,-0.002,-0.000
-89.956,0.076,-1.771,-9.841,-0.023,-0.028,-0.001,-0.002,-0.000
-89.951,0.067,-1.770,-9.814,0.002,0.016,-0.001,0.001,0.000
-89.973,0.073,-1.769,-9.797,-0.021,-0.028,-0.002,0.001,-0.001
-89.903,0.062,-1.768,-9.844,0.004,0.116,-0.002,-0.002,-0.001
-89.948,0.077,-1.767,-9.785,-0.036,-0.051,-0.002,-0.001,-0.001
-90.014,0.086,-1.767,-9.783,-0.028,-0.093,0.000,-0.001,-0.001
-89.985,0.079,-1.767,-9.799,-0.005,0.041,0.001,0.003,-0.001
-89.950,0.070,-1.767,-9.809,0.000,0.060,0.000,0.002,-0.001
-89.963,0.070,-1.767,-9.829,-0.011,-0.011,0.000,-0.001,-0.001
-89.914,0.063,-1.767,-9.808,-0.002,0.083,-0.001,-0.001,-0.001
-89.950,0.067,-1.765,-9.808,-0.018,-0.041,-0.002,-0.000,-0.001
-89.985,0.079,-1.765,-9.801,-0.031,-0.047,-0.000,0.001,-0.001
-89.973,0.075,-1.765,-9.799,-0.008,0.022,0.001,0.000,-0.001
-90.013,0.076,-1.765,-9.820,-0.016,-0.058,-0.000,-0.000,-0.001
-90.020,0.077,-1.765,-9.820,-0.014,-0.011,-0.000,-0.001,-0.000
-89.998,0.076,-1.765,-9.801,-0.012,0.030,-0.001,-0.000,-0.000
-89.972,0.068,-1.765,-9.813,-0.001,0.041,0.001,0.001,-0.001
-89.917,0.060,-1.765,-9.812,0.001,0.099,-0.000,-0.000,-0.001
-89.907,0.050,-1.763,-9.813,0.005,0.031,-0.003,-0.001,0.000
-89.962,0.056,-1.761,-9.806,-0.019,-0.068,-0.003,-0.002,-0.001
-90.015,0.062,-1.761,-9.809,-0.019,-0.076,-0.000,-0.001,-0.000
-90.030,0.055,-1.762,-9.808,-0.001,-0.026,0.001,0.001,-0.000
-89.989,0.049,-1.762,-9.814,0.001,0.058,0.000,0.000,-0.001
-89.940,0.051,-1.761,-9.814,-0.013,0.088,-0.001,-0.001,-0.000
-89.920,0.051,-1.761,-9.814,-0.010,0.043,-0.001,-0.002,-0.001
-89.932,0.056,-1.760,-9.816,-0.017,-0.002,-0.001,-0.002,-0.001
-89.970,0.062,-1.759,-9.813,-0.020,-0.049,-0.001,0.001,-0.001
-90.002,0.072,-1.759,-9.816,-0.026,-0.045,0.000,-0.000,-0.000
-89.989,0.072,-1.759,-9.813,-0.014,0.020,-0.000,0.000,-0.001
-89.972,0.075,-1.759,-9.815,-0.017,0.029,-0.001,-0.000,-0.000
-89.956,0.072,-1.758,-9.810,-0.008,0.031,-0.001,-0.002,-0.001
-89.940,0.070,-1.757,-9.806,-0.010,0.033,-0.001,0.000,-0.001
-89.941,0.068,-1.757,-9.816,-0.010,0.008,-0.000,-0.000,-0.001
-89.947,0.059,-1.757,-9.802,0.002,0.002,-0.000,-0.001,-0.001
-89.969,0.060,-1.757,-9.805,-0.013,-0.031,-0.001,0.001,-0.001
-89.988,0.055,-1.758,-9.805,-0.004,-0.025,0.001,0.001,-0.001
-89.968,0.048,-1.759,-9.815,0.002,0.034,0.002,0.001,-0.000
-89.948,0.047,-1.759,-9.818,-0.008,0.037,0.000,0.000,-0.000
-89.910,0.043,-1.758,-9.814,-0.002,0.068,-0.001,-0.000,-0.000
-89.904,0.046,-1.758,-9.801,-0.013,0.026,-0.001,-0.001,-0.001
-89.941,0.046,-1.757,-9.804,-0.008,-0.045,-0.001,-0.002,-0.001
-89.967,0.057,-1.757,-9.807,-0.024,-0.026,-0.000,-0.001,-0.001
-89.969,0.061,-1.758,-9.799,-0.018,0.001,0.001,0.002,-0.001
-89.960,0.061,-1.758,-9.807,-0.010,0.022,0.000,0.000,-0.001
-89.931,0.061,-1.758,-9.809,-0.011,0.052,0.000,-0.000,-0.001
-89.920,0.061,-1.757,-9.808,-0.010,0.030,-0.001,-0.001,0.000
-89.939,0.063,-1.757,-9.819,-0.014,-0.016,-0.001,-0.000,-0.000
-89.941,0.060,-1.757,-9.807,-0.007,0.007,-0.000,-0.001,-0.001
-89.936,0.059,-1.757,-9.811,-0.009,0.019,0.000,0.000,-0.001
-89.937,0.060,-1.756,-9.813,-0.013,0.008,-0.001,0.000,-0.000
-89.940,0.058,-1.756,-9.812,-0.007,0.007,-0.000,-0.000,0.000
-89.948,0.056,-1.756,-9.817,-0.007,-0.001,0.000,-0.000,-0.000
-89.938,0.057,-1.756,-9.810,-0.014,0.023,0.000,0.000,-0.001
-89.925,0.050,-1.756,-9.805,0.001,0.031,-0.001,0.001,0.000
-89.933,0.051,-1.755,-9.808,-0.010,-0.001,-0.001,-0.000,-0.000
-89.945,0.055,-1.755,-9.808,-0.016,-0.007,-0.001,-0.001,-0.001
-89.960,0.058,-1.754,-9.804,-0.015,-0.014,-0.001,-0.001,-0.001
-89.962,0.055,-1.754,-9.812,-0.005,0.004,0.000,0.001,-0.001
-89.946,0.054,-1.754,-9.819,-0.008,0.031,0.000,-0.000,-0.000
-89.933,0.049,-1.753,-9.813,-0.002,0.031,-0.001,0.000,-0.000
-89.928,0.047,-1.753,-9.824,-0.005,0.020,-0.001,-0.001,-0.001
-89.922,0.043,-1.752,-9.826,-0.004,0.022,-0.001,-0.000,-0.001
-89.939,0.046,-1.752,-9.817,-0.013,-0.014,0.000,0.000,-0.001
-89.949,0.049,-1.753,-9.817,-0.013,-0.005,0.000,0.000,-0.000
-89.946,0.046,-1.752,-9.811,-0.005,0.013,-0.001,0.001,-0.001
-89.934,0.046,-1.752,-9.808,-0.007,0.028,-0.000,0.000,-0.000
-89.924,0.043,-1.752,-9.807,-0.004,0.028,-0.001,-0.001,-0.000
-89.918,0.043,-1.752,-9.803,-0.008,0.023,0.000,-0.000,-0.001
-89.929,0.044,-1.751,-9.807,-0.010,-0.003,-0.000,0.000,-0.001
-89.936,0.047,-1.751,-9.810,-0.012,0.001,-0.001,0.000,-0.000
-89.946,0.050,-1.751,-9.804,-0.013,-0.004,0.000,-0.000,0.000
-89.948,0.055,-1.752,-9.805,-0.018,0.006,0.001,-0.001,-0.000
-89.935,0.054,-1.752,-9.809,-0.008,0.030,0.000,-0.000,-0.000
-89.920,0.056,-1.751,-9.802,-0.014,0.035,-0.000,-0.001,-0.001
-89.898,0.050,-1.751,-9.813,-0.001,0.048,-0.000,-0.001,-0.000
-89.898,0.056,-1.751,-9.815,-0.017,0.019,-0.001,-0.000,-0.000
-89.916,0.056,-1.750,-9.821,-0.011,-0.010,-0.001,-0.001,-0.001
-89.924,0.061,-1.750,-9.802,-0.017,0.002,-0.000,-0.001,-0.001
-89.929,0.062,-1.750,-9.803,-0.011,0.005,-0.000,-0.000,0.000
-89.934,0.061,-1.750,-9.813,-0.010,0.005,-0.001,0.000,-0.001
-89.924,0.059,-1.749,-9.809,-0.008,0.029,-0.001,-0.001,-0.001
-89.928,0.061,-1.749,-9.809,-0.013,0.008,-0.000,-0.000,-0.000
-89.937,0.061,-1.749,-9.814,-0.011,-0.001,-0.000,-0.001,-0.001
-89.928,0.059,-1.749,-9.805,-0.008,0.024,-0.001,0.000,-0.001
-89.927,0.057,-1.749,-9.802,-0.009,0.014,-0.000,0.000,-0.001
-89.929,0.059,-1.748,-9.810,-0.013,0.011,-0.001,-0.001,-0.001
-89.926,0.062,-1.748,-9.812,-0.016,0.017,-0.001,-0.000,-0.001
-89.930,0.056,-1.748,-9.813,-0.002,0.007,-0.000,-0.000,-0.001
-89.930,0.054,-1.748,-9.810,-0.007,0.013,0.000,-0.000,-0.001
-89.918,0.054,-1.748,-9.813,-0.010,0.030,-0.001,0.001,-0.000
-89.917,0.054,-1.747,-9.813,-0.010,0.016,-0.001,0.000,-0.001
-89.921,0.053,-1.746,-9.810,-0.009,0.008,-0.001,0.000,-0.000
-89.937,0.053,-1.746,-9.804,-0.010,-0.011,-0.001,-0.001,-0.001
-89.949,0.054,-1.746,-9.809,-0.011,-0.008,-0.001,0.000,-0.001
-89.951,0.054,-1.745,-9.806,-0.011,0.007,-0.000,-0.001,-0.001
-89.951,0.055,-1.745,-9.809,-0.011,0.008,-0.000,0.000,-0.000
-89.947,0.051,-1.745,-9.805,-0.004,0.015,-0.001,-0.000,-0.000
-89.942,0.052,-1.745,-9.816,-0.010,0.017,0.000,-0.000,-0.001
-89.944,0.055,-1.745,-9.810,-0.015,0.008,0.000,-0.000,-0.001
-89.954,0.059,-1.745,-9.804,-0.018,-0.008,-0.000,-0.000,-0.001
-89.964,0.064,-1.745,-9.809,-0.019,-0.007,-0.000,-0.001,-0.001
-89.970,0.069,-1.745,-9.814,-0.019,-0.001,0.000,-0.001,-0.001
-89.966,0.070,-1.745,-9.818,-0.014,0.011,0.000,-0.001,-0.001
-89.948,0.071,-1.745,-9.811,-0.015,0.035,0.000,-0.001,-0.000
-89.934,0.076,-1.745,-9.807,-0.020,0.031,-0.000,-0.001,-0.001
-89.925,0.083,-1.744,-9.809,-0.024,0.026,-0.001,0.000,0.000
-89.935,0.083,-1.743,-9.811,-0.016,-0.003,-0.001,0.000,-0.001
-89.959,0.084,-1.743,-9.805,-0.016,-0.028,-0.001,0.000,-0.001
-89.970,0.081,-1.743,-9.811,-0.011,-0.010,0.000,-0.000,-0.001
-89.963,0.080,-1.743,-9.810,-0.013,0.016,0.000,0.001,-0.000
-89.954,0.066,-1.743,-9.811,0.010,0.022,0.000,-0.000,-0.001
-89.939,0.060,-1.744,-9.813,-0.004,0.032,0.000,-0.001,-0.001
-89.937,0.054,-1.743,-9.814,-0.002,0.014,-0.000,-0.001,-0.001
-89.943,0.055,-1.744,-9.807,-0.011,0.002,0.000,-0.001,-0.000
-89.952,0.057,-1.744,-9.802,-0.013,-0.004,0.000,-0.001,0.000
-89.952,0.056,-1.744,-9.815,-0.008,0.010,0.000,-0.000,-0.000
-89.948,0.057,-1.744,-9.805,-0.011,0.014,-0.000,-0.001,-0.001
-89.954,0.058,-1.743,-9.813,-0.012,0.002,-0.001,-0.001,-0.001
-89.953,0.061,-1.743,-9.808,-0.016,0.011,-0.001,-0.001,-0.001
-89.953,0.055,-1.742,-9.810,-0.002,0.008,-0.001,-0.000,0.000
-89.959,0.051,-1.742,-9.816,-0.003,-0.002,-0.000,-0.000,0.000
-89.959,0.053,-1.742,-9.809,-0.012,0.008,0.000,-0.001,-0.001
-89.955,0.058,-1.742,-9.820,-0.018,0.013,0.001,-0.001,-0.001
-89.949,0.061,-1.742,-9.816,-0.015,0.017,-0.001,0.000,-0.001
-89.946,0.063,-1.742,-9.814,-0.015,0.014,-0.000,-0.000,-0.001
-89.953,0.068,-1.742,-9.812,-0.018,-0.002,0.000,-0.000,-0.000
-89.964,0.067,-1.742,-9.820,-0.011,-0.008,0.000,0.000,-0.001
-89.967,0.073,-1.742,-9.806,-0.022,0.001,0.000,-0.000,-0.000
-89.967,0.068,-1.742,-9.810,-0.006,0.007,-0.000,-0.000,-0.001
-89.955,0.064,-1.742,-9.798,-0.007,0.023,0.000,0.000,-0.001
-89.947,0.062,-1.742,-9.804,-0.008,0.022,-0.000,-0.000,-0.001
-89.945,0.066,-1.742,-9.812,-0.018,0.013,-0.001,-0.001,-0.000
-89.948,0.065,-1.741,-9.814,-0.010,0.006,-0.001,-0.001,0.000
-89.951,0.063,-1.741,-9.817,-0.008,0.004,-0.001,0.000,-0.001
-89.959,0.063,-1.741,-9.820,-0.012,-0.005,0.001,0.000,-0.001
-89.950,0.069,-1.741,-9.819,-0.021,0.022,0.000,-0.000,-0.000
-89.945,0.066,-1.741,-9.822,-0.008,0.017,-0.000,-0.000,-0.000
-89.936,0.057,-1.741,-9.810,0.003,0.024,0.000,-0.001,-0.000
-89.930,0.054,-1.740,-9.810,-0.005,0.022,-0.001,-0.000,-0.000
-89.939,0.054,-1.740,-9.817,-0.010,-0.002,-0.001,-0.000,-0.000
-89.945,0.054,-1.740,-9.823,-0.010,0.001,-0.001,-0.000,-0.001
-89.948,0.053,-1.740,-9.814,-0.008,0.006,0.000,-0.001,-0.001
-89.956,0.051,-1.740,-9.819,-0.007,-0.002,-0.000,-0.001,-0.001
-89.957,0.053,-1.739,-9.808,-0.011,0.005,-0.000,-0.000,0.000
-89.951,0.054,-1.739,-9.813,-0.011,0.017,0.000,0.000,-0.001
-89.944,0.051,-1.739,-9.814,-0.007,0.020,0.000,-0.000,-0.001
-89.940,0.055,-1.739,-9.820,-0.016,0.017,-0.000,-0.001,-0.001
-89.945,0.058,-1.739,-9.819,-0.014,0.001,0.000,-0.000,0.000
-89.954,0.062,-1.739,-9.818,-0.016,-0.004,-0.001,-0.000,-0.000
-89.958,0.062,-1.739,-9.810,-0.013,0.002,-0.000,-0.001,-0.001
-89.958,0.061,-1.739,-9.810,-0.010,0.008,0.001,-0.001,-0.000
-89.953,0.055,-1.740,-9.819,-0.001,0.015,0.001,-0.001,-0.000
-89.955,0.054,-1.740,-9.814,-0.009,0.005,0.000,-0.000,-0.001
-89.949,0.053,-1.740,-9.813,-0.008,0.017,-0.000,-0.000,-0.001
-89.952,0.054,-1.740,-9.816,-0.011,0.004,0.000,0.000,-0.001
-89.963,0.054,-1.740,-9.807,-0.010,-0.011,-0.000,0.000,-0.000
-89.973,0.058,-1.739,-9.808,-0.017,-0.009,-0.000,0.000,-0.001
-89.969,0.064,-1.739,-9.810,-0.019,0.011,-0.000,0.001,0.000
-89.961,0.070,-1.739,-9.811,-0.021,0.017,-0.001,0.000,-0.000
-89.954,0.077,-1.739,-9.813,-0.023,0.017,-0.000,0.000,-0.000
-89.950,0.077,-1.739,-9.808,-0.013,0.013,0.000,0.001,-0.000
-89.950,0.083,-1.739,-9.810,-0.023,0.007,-0.000,0.001,-0.000
-89.955,0.083,-1.738,-9.815,-0.016,0.002,-0.000,0.000,-0.001
-89.943,0.083,-1.739,-9.813,-0.014,0.026,0.001,-0.001,-0.001
-89.929,0.076,-1.738,-9.810,-0.005,0.032,-0.001,-0.000,-0.001
-89.938,0.069,-1.738,-9.811,-0.002,-0.002,0.000,0.001,-0.002
-89.935,0.072,-1.738,-9.814,-0.017,0.016,-0.001,-0.000,-0.001
-89.948,0.071,-1.738,-9.819,-0.012,-0.008,-0.000,-0.001,-0.001
-89.958,0.071,-1.737,-9.812,-0.013,-0.008,-0.000,0.000,-0.000
-89.950,0.069,-1.738,-9.802,-0.010,0.020,0.001,0.001,-0.001
-89.941,0.066,-1.738,-9.813,-0.007,0.022,-0.000,0.000,-0.000
-89.939,0.068,-1.738,-9.817,-0.016,0.014,0.000,-0.001,-0.001
-89.922,0.073,-1.737,-9.803,-0.020,0.038,-0.001,-0.001,-0.001
-89.927,0.078,-1.737,-9.805,-0.020,0.007,0.000,-0.000,-0.000
-89.935,0.079,-1.737,-9.804,-0.016,0.000,-0.000,-0.001,-0.001
-89.946,0.080,-1.737,-9.799,-0.015,-0.005,0.000,-0.001,-0.000
-89.953,0.076,-1.737,-9.810,-0.008,-0.003,-0.000,0.000,-0.001
-89.951,0.083,-1.737,-9.808,-0.024,0.011,-0.000,0.000,-0.000
-89.942,0.084,-1.737,-9.796,-0.017,0.023,-0.000,-0.001,-0.000
-89.937,0.084,-1.736,-9.816,-0.016,0.019,-0.001,-0.001,-0.001
-89.937,0.079,-1.736,-9.818,-0.008,0.011,-0.001,0.000,-0.001
-89.941,0.077,-1.736,-9.807,-0.010,0.004,0.000,-0.000,0.000
-89.950,0.077,-1.736,-9.819,-0.014,-0.004,0.000,0.000,-0.001
-89.958,0.073,-1.736,-9.819,-0.008,-0.004,0.000,-0.001,-0.001
-89.959,0.070,-1.736,-9.811,-0.008,0.007,-0.001,-0.000,-0.001
-89.956,0.068,-1.735,-9.804,-0.010,0.010,-0.001,0.000,-0.001
-89.953,0.062,-1.735,-9.816,-0.004,0.013,-0.000,0.000,-0.001
-89.942,0.060,-1.735,-9.806,-0.007,0.023,-0.000,0.001,-0.001
-89.932,0.058,-1.735,-9.808,-0.008,0.026,-0.001,0.000,-0.001
-89.937,0.061,-1.734,-9.812,-0.015,0.003,-0.001,0.000,-0.001
-89.936,0.052,-1.734,-9.813,0.002,0.013,-0.001,-0.000,-0.001
-89.938,0.054,-1.734,-9.813,-0.013,0.008,0.000,-0.000,-0.001
-89.946,0.054,-1.733,-9.805,-0.010,-0.001,-0.001,-0.001,-0.000
-89.934,0.052,-1.733,-9.817,-0.007,0.028,-0.001,-0.000,-0.001
-89.930,0.052,-1.732,-9.811,-0.010,0.018,-0.001,-0.001,-0.000
-89.931,0.050,-1.732,-9.811,-0.005,0.011,-0.001,-0.000,-0.000
-89.927,0.046,-1.732,-9.801,-0.002,0.019,-0.000,-0.001,-0.001
-89.930,0.040,-1.731,-9.807,0.000,0.008,-0.001,0.000,-0.001
-89.939,0.039,-1.731,-9.819,-0.007,-0.001,-0.001,-0.000,-0.001
-89.946,0.043,-1.731,-9.811,-0.013,-0.001,0.000,-0.001,-0.001
-89.953,0.050,-1.731,-9.807,-0.019,-0.001,0.000,0.000,-0.001
-89.948,0.050,-1.731,-9.811,-0.008,0.014,0.000,0.000,0.000
-89.928,0.050,-1.731,-9.815,-0.010,0.043,-0.000,0.000,-0.001
-89.919,0.052,-1.731,-9.820,-0.013,0.028,-0.000,-0.000,-0.001
-89.923,0.051,-1.730,-9.815,-0.008,0.009,-0.001,-0.001,-0.001
-89.929,0.048,-1.730,-9.808,-0.004,0.004,0.000,0.000,-0.001
-89.938,0.049,-1.730,-9.823,-0.011,-0.002,-0.000,0.000,-0.001
-89.935,0.052,-1.730,-9.810,-0.014,0.014,0.000,0.000,-0.001
-89.928,0.051,-1.730,-9.819,-0.007,0.024,-0.001,0.000,-0.001
-89.935,0.055,-1.729,-9.811,-0.015,0.003,-0.000,-0.001,-0.001
-89.932,0.063,-1.729,-9.803,-0.024,0.016,-0.000,-0.000,-0.001
-89.931,0.059,-1.729,-9.790,-0.005,0.013,-0.000,0.001,-0.001
-89.937,0.058,-1.729,-9.806,-0.010,0.002,-0.001,0.000,-0.001
-89.932,0.057,-1.728,-9.812,-0.010,0.018,-0.000,0.000,-0.001
-89.931,0.058,-1.728,-9.810,-0.012,0.013,-0.001,0.000,-0.001
-89.941,0.052,-1.728,-9.810,-0.001,-0.003,0.000,-0.001,-0.000
-89.939,0.051,-1.728,-9.814,-0.008,0.013,-0.001,-0.000,-0.001
-89.939,0.054,-1.727,-9.825,-0.013,0.010,-0.000,0.000,-0.000
-89.948,0.056,-1.727,-9.808,-0.013,-0.004,-0.001,0.000,-0.000
-89.947,0.055,-1.727,-9.798,-0.008,0.011,-0.000,-0.000,-0.001
-89.941,0.055,-1.727,-9.813,-0.010,0.018,0.000,0.001,-0.000
-89.938,0.054,-1.727,-9.804,-0.008,0.015,-0.001,0.000,-0.000
-89.933,0.056,-1.727,-9.800,-0.014,0.019,0.000,0.000,-0.001
-89.942,0.055,-1.727,-9.805,-0.009,-0.002,-0.000,-0.001,-0.001
-89.949,0.058,-1.726,-9.806,-0.015,0.000,-0.001,-0.001,-0.001
-89.944,0.068,-1.726,-9.798,-0.026,0.016,-0.000,-0.000,-0.001
-89.946,0.070,-1.725,-9.803,-0.015,0.006,-0.001,0.000,-0.001
-89.942,0.073,-1.725,-9.818,-0.019,0.016,-0.000,0.000,-0.001
-89.934,0.073,-1.725,-9.813,-0.012,0.023,0.000,0.000,-0.001
-89.929,0.072,-1.725,-9.813,-0.011,0.019,-0.001,-0.000,-0.000
-89.930,0.076,-1.724,-9.816,-0.019,0.011,-0.001,0.000,-0.001
-89.931,0.075,-1.724,-9.808,-0.011,0.010,-0.000,0.000,-0.000
-89.938,0.075,-1.724,-9.813,-0.014,0.001,-0.000,0.000,-0.001
-89.938,0.080,-1.724,-9.808,-0.020,0.011,-0.000,0.000,-0.000
-89.928,0.076,-1.724,-9.802,-0.009,0.025,0.000,0.000,-0.000
-89.923,0.077,-1.724,-9.813,-0.016,0.021,0.000,-0.000,-0.001
-89.917,0.079,-1.725,-9.810,-0.016,0.022,0.001,0.000,-0.000
-89.914,0.079,-1.724,-9.801,-0.015,0.020,-0.001,-0.001,-0.000
-89.919,0.082,-1.725,-9.796,-0.018,0.005,0.000,0.001,-0.000
-89.927,0.081,-1.725,-9.808,-0.013,0.002,0.000,-0.000,-0.001
-89.936,0.073,-1.725,-9.812,-0.002,0.000,0.000,-0.001,-0.000
-89.940,0.070,-1.725,-9.804,-0.008,0.003,-0.000,-0.000,-0.001
-89.936,0.069,-1.725,-9.812,-0.011,0.017,0.000,0.000,-0.001
-89.931,0.064,-1.725,-9.802,-0.005,0.019,-0.000,-0.000,-0.001
-89.933,0.065,-1.724,-9.815,-0.013,0.008,-0.001,-0.000,-0.000
-89.935,0.062,-1.724,-9.809,-0.007,0.010,-0.000,-0.000,-0.000
-89.938,0.064,-1.724,-9.816,-0.013,0.005,-0.000,-0.000,0.000
-89.943,0.068,-1.723,-9.809,-0.017,0.003,-0.001,0.000,0.000
-89.947,0.069,-1.723,-9.813,-0.014,0.004,0.000,-0.000,0.000
-89.940,0.067,-1.723,-9.818,-0.008,0.020,-0.000,-0.000,0.000
-89.940,0.066,-1.723,-9.808,-0.008,0.011,-0.000,-0.001,0.001
-89.940,0.065,-1.722,-9.801,-0.011,0.012,-0.001,-0.001,-0.001
-89.939,0.068,-1.722,-9.802,-0.015,0.011,-0.000,0.000,0.000
-89.942,0.072,-1.722,-9.810,-0.019,0.005,0.000,-0.000,-0.000
-89.937,0.077,-1.722,-9.800,-0.022,0.018,-0.001,-0.001,-0.001
-89.942,0.075,-1.722,-9.808,-0.010,0.004,-0.001,-0.000,-0.000
-89.948,0.072,-1.722,-9.805,-0.008,-0.001,-0.000,0.001,-0.000
-89.938,0.071,-1.721,-9.805,-0.013,0.026,-0.000,-0.001,-0.001
-89.930,0.076,-1.721,-9.811,-0.020,0.023,-0.000,0.000,-0.001
-89.935,0.070,-1.721,-9.817,-0.004,0.005,-0.000,-0.000,-0.000
-89.931,0.066,-1.721,-9.819,-0.006,0.019,-0.000,-0.001,-0.000
-89.930,0.060,-1.721,-9.807,-0.002,0.013,-0.000,0.000,-0.001
-89.935,0.058,-1.721,-9.815,-0.008,0.005,0.000,-0.000,-0.001
-89.927,0.053,-1.720,-9.799,-0.003,0.025,-0.000,-0.000,-0.001
-89.927,0.055,-1.721,-9.807,-0.012,0.013,0.001,0.000,-0.001
-89.926,0.061,-1.721,-9.812,-0.020,0.013,-0.000,0.000,-0.001
-89.928,0.062,-1.721,-9.816,-0.013,0.009,-0.000,0.000,-0.001
-89.935,0.065,-1.721,-9.816,-0.016,0.002,0.000,0.000,-0.001
-89.944,0.065,-1.721,-9.808,-0.010,-0.005,0.000,0.000,0.000
-89.946,0.061,-1.721,-9.809,-0.006,0.008,0.000,-0.001,-0.001
-89.943,0.066,-1.721,-9.810,-0.019,0.013,-0.000,0.000,-0.001
-89.938,0.073,-1.721,-9.814,-0.023,0.019,0.000,-0.000,-0.001
-89.935,0.069,-1.721,-9.804,-0.009,0.016,0.000,-0.001,-0.002
-89.938,0.068,-1.721,-9.812,-0.011,0.006,0.000,0.000,-0.001
-89.937,0.071,-1.721,-9.802,-0.017,0.011,-0.000,0.000,-0.001
-89.936,0.076,-1.721,-9.800,-0.021,0.013,-0.001,-0.000,-0.000
-89.937,0.082,-1.721,-9.802,-0.022,0.009,0.000,0.000,0.000
-89.933,0.079,-1.721,-9.802,-0.011,0.016,-0.000,0.000,-0.000
-89.930,0.079,-1.721,-9.817,-0.014,0.017,0.000,0.000,-0.001
-89.935,0.082,-1.720,-9.817,-0.020,0.002,-0.001,0.001,-0.001
-89.938,0.081,-1.720,-9.813,-0.014,0.006,-0.001,0.001,-0.001
-89.941,0.078,-1.719,-9.808,-0.011,0.005,-0.001,0.000,-0.001
-89.949,0.078,-1.719,-9.810,-0.014,-0.002,-0.000,0.001,-0.001
-89.951,0.077,-1.719,-9.816,-0.012,0.005,-0.000,0.000,-0.000
-89.952,0.075,-1.719,-9.804,-0.011,0.007,-0.000,-0.000,-0.000
-89.957,0.069,-1.719,-9.796,-0.003,-0.001,-0.000,0.000,-0.001
-89.955,0.062,-1.718,-9.814,-0.001,0.010,-0.000,0.001,-0.000
-89.953,0.055,-1.718,-9.810,-0.001,0.010,0.000,0.000,-0.001
-89.948,0.055,-1.719,-9.823,-0.011,0.016,0.000,0.000,-0.001
-89.941,0.057,-1.718,-9.810,-0.013,0.020,-0.000,0.000,-0.000
-89.934,0.054,-1.718,-9.811,-0.005,0.021,0.000,-0.000,-0.000
-89.935,0.049,-1.718,-9.811,-0.002,0.009,-0.000,0.000,0.000
-89.938,0.056,-1.718,-9.802,-0.020,0.008,-0.001,-0.001,-0.000
-89.946,0.058,-1.718,-9.812,-0.013,-0.001,-0.000,-0.001,-0.001
-89.942,0.058,-1.717,-9.802,-0.011,0.016,-0.000,0.000,-0.001
-89.941,0.058,-1.717,-9.804,-0.010,0.010,-0.001,0.000,-0.001
-89.937,0.059,-1.717,-9.802,-0.012,0.017,-0.001,0.000,-0.001
-89.934,0.054,-1.716,-9.799,-0.004,0.016,-0.001,-0.000,-0.001
-89.935,0.054,-1.715,-9.805,-0.009,0.009,-0.002,-0.000,-0.001
-89.942,0.055,-1.715,-9.811,-0.012,0.001,-0.000,-0.001,-0.001
-89.947,0.061,-1.715,-9.807,-0.018,0.001,-0.000,0.001,0.000
-89.950,0.063,-1.714,-9.814,-0.015,0.005,-0.001,0.000,0.000
-89.949,0.059,-1.714,-9.816,-0.005,0.010,-0.001,-0.000,-0.001
-89.947,0.061,-1.713,-9.805,-0.014,0.012,-0.000,0.000,-0.000
-89.945,0.065,-1.713,-9.810,-0.016,0.013,0.000,0.000,-0.001
-89.944,0.060,-1.713,-9.823,-0.005,0.011,-0.001,-0.000,-0.001
-89.943,0.058,-1.713,-9.814,-0.007,0.011,0.000,0.001,-0.000
-89.937,0.054,-1.713,-9.808,-0.004,0.019,-0.000,-0.000,-0.000
-89.929,0.049,-1.713,-9.814,-0.002,0.023,0.000,-0.000,0.000
-89.926,0.050,-1.713,-9.817,-0.010,0.017,0.000,0.000,-0.001
-89.921,0.047,-1.713,-9.819,-0.005,0.021,-0.000,-0.000,-0.001
-89.922,0.046,-1.713,-9.812,-0.008,0.013,0.000,-0.000,-0.001
-89.924,0.052,-1.713,-9.809,-0.017,0.010,-0.000,-0.001,-0.001
-89.928,0.055,-1.713,-9.806,-0.015,0.007,0.000,-0.000,-0.001
-89.929,0.053,-1.713,-9.819,-0.005,0.011,0.000,-0.000,0.000
-89.930,0.052,-1.713,-9.813,-0.008,0.011,-0.000,-0.000,-0.001
-89.931,0.053,-1.712,-9.813,-0.011,0.010,-0.001,0.000,-0.001
-89.934,0.055,-1.712,-9.806,-0.012,0.008,-0.000,-0.000,0.000
-89.933,0.059,-1.712,-9.808,-0.017,0.012,-0.001,-0.000,0.000
-89.939,0.062,-1.711,-9.804,-0.014,0.003,-0.001,0.000,-0.000
-89.943,0.061,-1.711,-9.813,-0.010,0.004,-0.001,-0.000,-0.001
-89.946,0.065,-1.710,-9.810,-0.017,0.005,-0.000,0.000,-0.001
-89.947,0.065,-1.710,-9.813,-0.012,0.007,-0.000,0.000,-0.000
-89.944,0.064,-1.710,-9.817,-0.011,0.013,-0.000,0.001,-0.001
-89.941,0.062,-1.710,-9.820,-0.008,0.014,0.000,-0.000,-0.001
-89.937,0.066,-1.710,-9.820,-0.017,0.017,-0.001,0.000,-0.000
-89.930,0.064,-1.710,-9.810,-0.009,0.022,0.000,0.000,-0.000
-89.929,0.064,-1.709,-9.814,-0.012,0.013,-0.002,0.001,-0.001
-89.928,0.058,-1.708,-9.805,-0.001,0.014,-0.001,-0.000,0.000
-89.933,0.052,-1.708,-9.804,-0.001,0.004,-0.001,-0.001,-0.001
-89.936,0.050,-1.707,-9.810,-0.006,0.006,-0.000,0.000,-0.001
-89.937,0.053,-1.707,-9.812,-0.014,0.011,-0.001,-0.000,-0.001
-89.936,0.047,-1.707,-9.817,0.000,0.012,-0.000,-0.001,-0.001
-89.936,0.047,-1.707,-9.807,-0.008,0.011,-0.000,-0.000,0.000
-89.928,0.049,-1.706,-9.802,-0.011,0.025,-0.001,-0.000,-0.001
-89.930,0.052,-1.706,-9.813,-0.014,0.008,0.000,-0.000,-0.001
-89.935,0.059,-1.706,-9.810,-0.020,0.004,0.000,0.001,-0.000
-89.940,0.062,-1.706,-9.811,-0.015,0.003,0.000,-0.000,-0.000
-89.948,0.056,-1.706,-9.819,-0.001,-0.002,-0.000,-0.000,-0.000
-89.944,0.054,-1.705,-9.811,-0.008,0.014,-0.001,0.000,-0.000
-89.938,0.055,-1.705,-9.808,-0.011,0.020,-0.001,-0.000,-0.001
-89.936,0.056,-1.705,-9.810,-0.012,0.014,-0.000,-0.000,-0.000
-89.931,0.059,-1.705,-9.801,-0.016,0.018,0.000,-0.000,-0.001
-89.928,0.060,-1.704,-9.807,-0.011,0.017,-0.001,0.000,-0.001
-89.933,0.056,-1.704,-9.802,-0.005,0.004,-0.001,0.000,-0.000
-89.937,0.062,-1.703,-9.813,-0.021,0.005,-0.000,-0.000,-0.001
-89.937,0.063,-1.703,-9.813,-0.013,0.012,-0.000,-0.001,-0.000
-89.935,0.062,-1.704,-9.807,-0.009,0.013,0.001,-0.000,-0.001
-89.933,0.062,-1.703,-9.807,-0.011,0.016,-0.000,-0.000,-0.000
-89.928,0.067,-1.703,-9.805,-0.019,0.020,-0.000,-0.000,-0.000
-89.930,0.067,-1.703,-9.808,-0.013,0.007,-0.000,0.001,-0.001
-89.933,0.061,-1.703,-9.811,-0.002,0.007,0.000,0.000,0.000
-89.939,0.061,-1.703,-9.798,-0.010,0.001,-0.000,0.000,0.000
-89.942,0.059,-1.702,-9.811,-0.008,0.005,-0.001,0.000,-0.000
-89.939,0.057,-1.702,-9.811,-0.008,0.016,-0.000,-0.000,-0.000
-89.944,0.059,-1.702,-9.813,-0.013,0.003,-0.000,-0.001,-0.000
-89.951,0.065,-1.702,-9.808,-0.020,-0.002,-0.000,0.000,-0.000
-89.951,0.064,-1.702,-9.815,-0.010,0.010,0.001,-0.001,-0.001
-89.950,0.063,-1.703,-9.807,-0.011,0.010,0.000,-0.001,-0.001
-89.951,0.067,-1.703,-9.814,-0.018,0.008,0.000,0.000,-0.001
-89.950,0.071,-1.702,-9.813,-0.019,0.009,-0.001,0.000,-0.001
-89.957,0.067,-1.702,-9.810,-0.007,-0.001,-0.000,-0.000,-0.001
-89.964,0.070,-1.702,-9.813,-0.017,-0.004,-0.000,-0.000,-0.001
-89.966,0.067,-1.702,-9.812,-0.007,0.004,0.000,-0.000,-0.000
-89.970,0.066,-1.702,-9.816,-0.011,0.000,0.000,-0.000,-0.001
-89.962,0.063,-1.702,-9.819,-0.007,0.017,-0.001,-0.000,-0.001
-89.960,0.056,-1.702,-9.810,-0.001,0.011,-0.000,-0.001,-0.001
-89.972,0.059,-1.702,-9.807,-0.014,-0.012,0.000,-0.001,-0.000
-89.977,0.057,-1.702,-9.810,-0.008,-0.002,-0.000,-0.001,-0.001
-89.975,0.054,-1.702,-9.816,-0.006,0.007,0.000,-0.000,-0.001
-89.975,0.059,-1.702,-9.808,-0.019,0.006,-0.000,-0.000,-0.001
-89.964,0.058,-1.702,-9.799,-0.010,0.021,-0.000,-0.000,-0.000
-89.961,0.056,-1.701,-9.803,-0.007,0.011,-0.001,-0.000,-0.001
-89.959,0.052,-1.701,-9.810,-0.004,0.011,-0.000,-0.001,-0.001
-89.955,0.053,-1.701,-9.807,-0.011,0.013,-0.001,-0.000,-0.001
-89.954,0.055,-1.700,-9.793,-0.013,0.008,-0.001,0.001,-0.001
-89.957,0.060,-1.699,-9.799,-0.018,0.002,-0.001,0.001,-0.000
-89.952,0.062,-1.699,-9.804,-0.014,0.014,-0.001,0.001,-0.001
-89.949,0.067,-1.699,-9.810,-0.020,0.013,-0.001,0.000,-0.001
-89.949,0.074,-1.699,-9.804,-0.024,0.009,-0.000,0.000,-0.001
-89.937,0.074,-1.698,-9.812,-0.013,0.027,-0.000,0.001,-0.001
-89.937,0.070,-1.698,-9.819,-0.007,0.011,-0.000,-0.001,-0.001
-89.945,0.069,-1.698,-9.820,-0.011,-0.002,0.000,-0.000,-0.000
-89.947,0.070,-1.698,-9.810,-0.014,0.007,-0.000,0.000,-0.001
-89.951,0.072,-1.697,-9.810,-0.017,0.002,-0.001,-0.000,-0.001
-89.947,0.070,-1.697,-9.814,-0.010,0.014,-0.000,0.000,-0.001
-89.947,0.070,-1.697,-9.810,-0.013,0.009,-0.000,0.000,-0.000
-89.948,0.068,-1.697,-9.805,-0.008,0.009,-0.001,-0.001,-0.001
-89.944,0.068,-1.696,-9.815,-0.013,0.015,-0.001,-0.000,-0.000
-89.948,0.060,-1.696,-9.808,-0.001,0.004,-0.000,-0.001,-0.001
-89.958,0.062,-1.695,-9.811,-0.014,-0.005,-0.001,-0.001,-0.001
-89.956,0.062,-1.695,-9.819,-0.011,0.010,-0.000,-0.000,0.000
-89.953,0.064,-1.695,-9.814,-0.014,0.013,-0.000,0.000,-0.001
-89.950,0.063,-1.695,-9.805,-0.011,0.013,-0.000,-0.001,-0.001
-89.946,0.069,-1.694,-9.808,-0.020,0.014,-0.001,-0.000,-0.001
-89.951,0.067,-1.694,-9.810,-0.011,0.002,-0.001,-0.001,-0.001
-89.960,0.065,-1.694,-9.808,-0.009,-0.004,-0.001,-0.001,-0.001
-89.964,0.061,-1.694,-9.805,-0.005,0.001,0.000,-0.001,-0.001
-89.970,0.058,-1.694,-9.807,-0.007,-0.002,0.000,-0.001,-0.001
-89.967,0.065,-1.693,-9.813,-0.022,0.010,-0.001,-0.001,-0.001
-89.958,0.077,-1.693,-9.807,-0.030,0.020,-0.000,-0.001,0.000
-89.958,0.077,-1.693,-9.804,-0.014,0.009,-0.001,-0.001,-0.000
-89.957,0.073,-1.693,-9.812,-0.007,0.008,0.000,-0.000,-0.001
-89.960,0.067,-1.693,-9.804,-0.004,0.004,0.000,-0.001,-0.000
-89.960,0.064,-1.692,-9.793,-0.006,0.007,-0.001,-0.000,0.000
-89.956,0.066,-1.692,-9.803,-0.014,0.015,-0.001,-0.001,-0.000
-89.958,0.071,-1.691,-9.809,-0.018,0.005,-0.001,-0.001,0.001
-89.959,0.068,-1.691,-9.807,-0.008,0.005,-0.001,-0.001,-0.000
-89.958,0.064,-1.690,-9.814,-0.005,0.010,-0.001,-0.001,0.000
-89.961,0.067,-1.690,-9.806,-0.016,0.003,-0.000,-0.000,-0.001
-89.960,0.066,-1.690,-9.817,-0.011,0.008,-0.001,0.000,-0.001
-89.959,0.067,-1.690,-9.820,-0.014,0.007,0.000,0.001,-0.000
-89.954,0.067,-1.690,-9.818,-0.011,0.014,0.000,0.000,-0.000
-89.953,0.067,-1.690,-9.810,-0.011,0.011,-0.000,-0.000,-0.000
-89.953,0.076,-1.689,-9.813,-0.028,0.008,-0.000,-0.001,-0.001
-89.948,0.082,-1.689,-9.814,-0.023,0.016,-0.000,-0.000,-0.001
-89.945,0.079,-1.689,-9.811,-0.010,0.015,-0.001,-0.001,-0.001
-89.944,0.074,-1.688,-9.808,-0.008,0.010,-0.001,0.000,-0.001
-89.946,0.076,-1.688,-9.810,-0.016,0.007,-0.000,0.000,-0.000
-89.944,0.081,-1.688,-9.813,-0.022,0.013,0.000,0.000,-0.001
-89.942,0.078,-1.688,-9.807,-0.010,0.013,-0.000,-0.000,-0.001
-89.936,0.076,-1.688,-9.813,-0.010,0.018,0.001,0.001,-0.000
-89.936,0.073,-1.688,-9.811,-0.010,0.011,0.000,0.001,-0.001
-89.940,0.077,-1.688,-9.810,-0.019,0.005,0.000,0.000,-0.000
-89.941,0.079,-1.688,-9.812,-0.016,0.009,-0.001,-0.001,-0.000
-89.942,0.078,-1.688,-9.804,-0.013,0.009,-0.000,-0.001,0.000
-89.942,0.074,-1.687,-9.817,-0.006,0.011,-0.001,-0.001,-0.001
-89.936,0.071,-1.687,-9.808,-0.010,0.019,-0.000,-0.000,-0.001
-89.941,0.069,-1.687,-9.818,-0.010,0.004,-0.000,0.000,-0.000
-89.945,0.066,-1.687,-9.808,-0.008,0.003,0.000,-0.000,-0.000
-89.948,0.071,-1.687,-9.801,-0.019,0.005,-0.000,-0.000,-0.000
-89.954,0.071,-1.687,-9.812,-0.013,0.000,0.000,0.000,-0.000
-89.952,0.068,-1.687,-9.812,-0.007,0.010,0.000,-0.000,-0.001
-89.951,0.068,-1.687,-9.813,-0.012,0.010,-0.001,0.000,-0.001
-89.948,0.068,-1.686,-9.808,-0.013,0.014,-0.001,-0.000,-0.001
-89.942,0.066,-1.686,-9.814,-0.011,0.018,-0.000,0.000,-0.001
-89.949,0.063,-1.686,-9.822,-0.007,-0.002,-0.001,-0.000,-0.001
-89.961,0.063,-1.685,-9.817,-0.012,-0.008,-0.001,-0.001,-0.002
-89.968,0.059,-1.685,-9.811,-0.007,-0.004,-0.000,-0.001,-0.001
-89.972,0.057,-1.685,-9.810,-0.007,-0.002,-0.000,-0.000,-0.000
-89.970,0.059,-1.685,-9.800,-0.014,0.010,0.000,-0.000,-0.001
-89.960,0.067,-1.685,-9.804,-0.023,0.022,-0.000,-0.001,-0.001
-89.953,0.067,-1.685,-9.809,-0.013,0.019,-0.000,-0.001,-0.001
-89.950,0.068,-1.685,-9.814,-0.014,0.013,-0.000,-0.001,-0.001
-89.948,0.073,-1.684,-9.802,-0.019,0.013,-0.001,-0.000,0.000
-89.951,0.077,-1.684,-9.805,-0.020,0.005,0.000,-0.000,-0.001
-89.954,0.079,-1.684,-9.816,-0.017,0.003,-0.001,-0.001,-0.001
-89.955,0.076,-1.683,-9.816,-0.009,0.006,-0.000,0.000,-0.000
-89.957,0.072,-1.683,-9.812,-0.007,0.005,0.000,0.000,-0.001
-89.952,0.073,-1.683,-9.812,-0.014,0.014,-0.000,0.000,-0.000
-89.949,0.068,-1.683,-9.807,-0.007,0.013,-0.001,0.000,-0.001
-89.950,0.070,-1.682,-9.805,-0.016,0.008,-0.001,-0.000,-0.001
-89.954,0.070,-1.682,-9.798,-0.011,0.003,-0.001,-0.001,-0.001
-89.953,0.067,-1.681,-9.807,-0.008,0.008,-0.001,0.000,-0.001
-89.958,0.064,-1.681,-9.812,-0.009,0.000,-0.001,0.000,-0.001
-89.959,0.056,-1.680,-9.808,0.001,0.007,-0.000,-0.001,-0.001
-89.957,0.055,-1.680,-9.817,-0.008,0.010,-0.000,0.000,-0.000
-89.957,0.054,-1.680,-9.815,-0.010,0.007,-0.000,-0.000,-0.001
-89.951,0.058,-1.680,-9.804,-0.015,0.017,-0.000,0.000,-0.000
-89.950,0.054,-1.680,-9.812,-0.004,0.010,0.000,-0.000,-0.001
-89.949,0.054,-1.680,-9.823,-0.010,0.011,0.000,-0.000,-0.001
-89.948,0.054,-1.680,-9.804,-0.010,0.011,0.000,-0.001,-0.000
-89.944,0.053,-1.680,-9.796,-0.008,0.016,-0.000,-0.001,-0.000
-89.947,0.056,-1.680,-9.801,-0.014,0.005,0.000,-0.000,-0.001
-89.949,0.059,-1.680,-9.804,-0.014,0.007,-0.000,-0.001,-0.000
-89.946,0.062,-1.680,-9.805,-0.016,0.013,-0.000,-0.000,-0.001
-89.948,0.060,-1.680,-9.811,-0.008,0.007,0.000,-0.001,-0.001
-89.948,0.059,-1.680,-9.805,-0.010,0.010,-0.000,-0.001,-0.001
-89.941,0.067,-1.680,-9.810,-0.023,0.020,0.000,0.000,-0.001
-89.940,0.072,-1.680,-9.804,-0.020,0.012,-0.001,-0.000,-0.000
-89.933,0.070,-1.680,-9.812,-0.009,0.020,-0.000,0.000,0.000
-89.930,0.075,-1.679,-9.811,-0.020,0.016,-0.000,0.001,-0.000
-89.932,0.075,-1.680,-9.822,-0.014,0.008,0.000,0.001,-0.001
-89.938,0.072,-1.680,-9.804,-0.007,0.000,0.000,0.001,-0.000
-89.936,0.066,-1.679,-9.812,-0.003,0.014,-0.001,0.001,-0.000
-89.938,0.067,-1.678,-9.814,-0.013,0.007,-0.001,0.000,0.000
-89.939,0.072,-1.678,-9.814,-0.020,0.010,-0.001,0.001,-0.000
-89.931,0.074,-1.678,-9.814,-0.016,0.023,-0.001,-0.000,0.000
-89.934,0.072,-1.677,-9.810,-0.008,0.005,-0.000,0.000,-0.001
