-89.924,-0.007,0.066,-9.811,0.005,0.011,0.000,-0.000,0.001
-89.924,-0.008,0.066,-9.810,0.003,0.013,-0.000,-0.001,0.000
-89.922,-0.010,0.066,-9.810,0.004,0.017,-0.001,-0.001,-0.000
-89.931,-0.016,0.066,-9.809,0.013,-0.001,-0.000,-0.000,0.001
-89.933,-0.015,0.066,-9.810,0.002,0.010,0.000,-0.001,0.000
-89.929,-0.015,0.067,-9.820,0.001,0.017,-0.001,0.000,-0.000
-89.932,-0.008,0.067,-9.817,-0.008,0.007,-0.001,0.000,0.000
-89.935,-0.004,0.067,-9.797,-0.005,0.008,-0.000,-0.000,0.000
-89.936,-0.007,0.067,-9.809,0.005,0.010,-0.000,-0.001,0.000
-89.943,-0.008,0.068,-9.811,0.004,0.001,-0.001,-0.000,0.000
-89.937,-0.013,0.068,-9.808,0.010,0.020,0.000,-0.001,0.000
-89.936,-0.020,0.068,-9.812,0.014,0.014,-0.001,-0.001,0.000
-89.940,-0.020,0.068,-9.810,0.003,0.005,-0.001,-0.001,0.000
-89.936,-0.018,0.069,-9.817,0.000,0.016,-0.001,0.000,0.001
-89.937,-0.019,0.069,-9.805,0.005,0.010,-0.001,-0.000,0.000
-89.934,-0.015,0.069,-9.817,-0.004,0.016,-0.000,-0.000,-0.000
-89.940,-0.013,0.070,-9.817,0.000,0.001,-0.001,0.000,0.000
-89.945,-0.013,0.070,-9.810,0.003,0.002,-0.000,-0.000,0.000
-89.939,-0.014,0.070,-9.814,0.003,0.018,-0.001,0.000,-0.001
-89.936,-0.010,0.070,-9.814,-0.004,0.016,0.000,-0.000,0.000
-89.935,-0.009,0.071,-9.804,0.000,0.012,-0.000,-0.000,-0.000
-89.933,-0.009,0.071,-9.807,0.001,0.016,-0.001,0.000,-0.001
-89.932,-0.011,0.072,-9.799,0.005,0.013,-0.001,0.000,0.000
-89.933,-0.013,0.072,-9.798,0.006,0.009,0.000,0.001,0.000
-89.930,-0.011,0.071,-9.800,-0.002,0.017,0.001,0.000,0.000
-89.930,-0.006,0.071,-9.808,-0.005,0.011,0.000,0.001,0.001
-89.927,-0.004,0.071,-9.814,-0.002,0.016,-0.000,-0.001,-0.000
-89.931,0.005,0.072,-9.801,-0.013,0.007,-0.001,0.000,-0.000
-89.932,0.010,0.072,-9.804,-0.010,0.011,0.000,-0.000,-0.001
-89.933,0.009,0.072,-9.812,0.000,0.010,-0.001,-0.000,0.001
-89.941,0.010,0.072,-9.813,-0.004,-0.001,-0.000,-0.001,0.000
-89.939,0.009,0.072,-9.820,0.001,0.012,0.000,0.000,0.001
-89.978,0.008,0.057,-9.795,0.000,-0.041,0.027,-0.015,0.000
-89.936,0.010,0.060,-9.834,-0.004,0.062,-0.005,0.008,0.001
-89.949,0.017,0.063,-9.801,-0.011,-0.004,-0.005,-0.007,0.001
-89.994,0.024,0.064,-9.806,-0.015,-0.054,-0.001,-0.007,0.000
-89.960,0.027,0.065,-9.809,-0.008,0.045,-0.001,0.009,-0.000
-89.978,0.023,0.066,-9.810,0.001,-0.020,-0.001,-0.004,-0.001
-89.967,0.026,0.065,-9.813,-0.009,0.025,0.000,-0.003,-0.000
-89.957,0.030,0.065,-9.801,-0.013,0.019,0.001,0.003,-0.001
-89.735,0.003,0.064,-9.679,0.037,0.375,0.002,-0.026,0.000
-89.754,0.011,0.063,-9.811,-0.014,0.003,0.001,0.010,0.000
-89.830,0.012,0.063,-9.825,-0.004,-0.084,-0.000,0.008,0.000
-89.793,0.008,0.063,-9.790,0.004,0.091,0.001,0.000,0.000
-89.818,0.004,0.063,-9.806,0.005,-0.003,0.000,-0.000,0.000
-89.851,0.004,0.063,-9.806,-0.001,-0.024,-0.001,-0.000,-0.001
-89.838,0.003,0.064,-9.799,0.001,0.044,-0.001,0.001,0.000
-89.853,0.006,0.064,-9.807,-0.006,0.002,-0.000,0.000,0.000
-89.849,0.003,0.064,-9.813,0.004,0.033,-0.000,-0.001,-0.000
-89.853,0.004,0.065,-9.808,-0.002,0.020,-0.001,-0.001,-0.000
-89.875,-0.001,0.065,-9.811,0.007,-0.008,-0.000,-0.000,-0.000
-89.875,0.000,0.065,-9.820,-0.001,0.020,0.000,0.001,0.001
-89.882,-0.002,0.065,-9.808,0.005,0.008,0.000,0.001,0.001
-89.883,-0.005,0.064,-9.810,0.004,0.019,0.001,0.001,-0.000
-89.875,-0.010,0.065,-9.808,0.009,0.032,-0.001,-0.000,-0.000
-89.885,-0.012,0.065,-9.805,0.004,0.006,0.000,0.000,-0.001
-89.885,-0.014,0.065,-9.798,0.005,0.020,-0.001,-0.000,-0.000
-89.886,-0.019,0.066,-9.812,0.011,0.017,-0.001,0.000,-0.000
-89.896,-0.018,0.066,-9.812,0.001,0.004,0.000,0.000,-0.000
-89.891,-0.012,0.065,-9.801,-0.007,0.027,0.000,0.000,0.001
-89.893,-0.008,0.066,-9.805,-0.003,0.014,-0.000,0.000,0.000
-89.893,-0.009,0.066,-9.802,0.003,0.019,-0.001,0.000,0.000
-89.898,-0.014,0.066,-9.796,0.009,0.008,-0.000,0.000,-0.000
-89.908,-0.007,0.066,-9.806,-0.008,0.004,0.001,-0.001,0.001
-89.899,-0.009,0.065,-9.807,0.005,0.031,0.001,-0.002,0.000
-89.901,-0.012,0.064,-9.808,0.006,0.018,0.002,-0.004,-0.000
-89.907,-0.008,0.062,-9.812,-0.004,0.014,0.004,-0.007,-0.001
-89.898,-0.010,0.060,-9.805,0.003,0.035,0.003,-0.006,-0.000
-89.903,-0.009,0.058,-9.804,0.001,0.014,0.003,-0.005,-0.000
-89.897,-0.015,0.057,-9.816,0.011,0.029,0.002,-0.003,0.001
-89.891,-0.022,0.056,-9.812,0.014,0.027,0.000,0.001,0.000
-89.884,-0.027,0.057,-9.801,0.011,0.028,-0.001,0.002,-0.000
-89.883,-0.029,0.058,-9.808,0.007,0.018,-0.003,0.004,-0.001
-89.897,-0.020,0.059,-9.806,-0.009,-0.004,-0.001,0.002,-0.001
-89.897,-0.015,0.059,-9.811,-0.005,0.017,0.000,0.000,-0.001
-89.902,-0.017,0.059,-9.802,0.005,0.011,0.000,0.000,0.000
-89.905,-0.017,0.058,-9.812,0.004,0.012,0.001,-0.001,0.000
-89.904,-0.019,0.057,-9.817,0.006,0.020,0.001,-0.002,0.000
-89.911,-0.016,0.055,-9.811,-0.001,0.010,0.002,-0.004,0.001
-89.907,-0.016,0.054,-9.812,0.004,0.028,0.003,-0.005,0.000
-89.908,-0.023,0.052,-9.801,0.014,0.017,0.003,-0.004,0.000
-89.924,-0.020,0.050,-9.805,-0.001,-0.005,0.004,-0.004,0.001
-89.921,-0.020,0.047,-9.809,0.004,0.025,0.004,-0.006,0.000
-89.926,-0.018,0.045,-9.801,-0.001,0.013,0.005,-0.009,0.000
-89.940,-0.017,0.039,-9.817,0.001,0.006,0.009,-0.014,-0.000
-89.961,-0.013,0.031,-9.810,-0.003,0.001,0.013,-0.024,0.000
Keep still!Calibrate Gyro&Accel!
Gyro bias: 0.005726, -0.009588, 0.007457 Accel bias: -0.099958, -0.045490, 0.050278
icm_20602 id=12
-0.573,0.001,-0.000,-9.798,-0.009,0.002,0.000,0.000,-0.001
-6.298,0.003,-0.000,-9.805,-0.005,0.009,-0.000,-0.001,0.000
-12.555,-0.001,-0.000,-9.810,0.007,0.013,-0.000,-0.000,0.000
-18.699,-0.004,-0.000,-9.799,0.004,0.016,-0.000,0.000,-0.001
-24.662,-0.001,0.000,-9.805,-0.004,0.005,0.000,0.001,0.000
-29.864,-0.002,0.001,-9.798,0.002,0.003,0.000,0.001,0.001
-35.321,-0.002,0.001,-9.796,0.000,0.012,-0.000,0.000,-0.000
-39.988,0.003,0.001,-9.801,-0.007,0.015,0.000,0.001,0.000
-44.808,0.004,0.000,-9.808,-0.002,0.014,0.000,0.001,0.000
-48.865,0.013,0.000,-9.797,-0.015,0.014,-0.000,0.000,0.000
-52.997,0.016,-0.001,-9.810,-0.008,0.025,-0.000,0.001,0.000
-56.428,0.017,-0.002,-9.804,-0.003,0.034,0.000,0.000,-0.001
-59.907,0.016,-0.003,-9.799,-0.002,0.010,0.000,-0.000,0.000
-63.055,0.015,-0.004,-9.793,-0.001,0.020,-0.001,0.001,-0.000
-65.898,0.014,-0.004,-9.801,0.000,0.021,-0.000,0.000,0.000
-68.228,0.015,-0.004,-9.804,-0.004,0.018,-0.000,0.000,0.001
-70.548,0.013,-0.005,-9.805,0.002,0.028,0.000,-0.000,0.001
-72.641,0.014,-0.005,-9.795,-0.003,0.010,-0.000,0.001,0.000
-74.519,0.015,-0.006,-9.799,-0.004,0.002,0.000,0.001,0.001
-76.037,0.020,-0.006,-9.802,-0.010,0.019,-0.000,0.000,0.000
-77.544,0.017,-0.006,-9.804,0.002,0.022,-0.000,-0.000,0.001
-78.892,0.020,-0.007,-9.811,-0.008,0.018,-0.000,0.001,-0.000
-79.980,0.022,-0.007,-9.798,-0.005,0.028,-0.001,0.000,0.001
-81.071,0.021,-0.007,-9.803,-0.002,0.008,-0.001,-0.000,-0.000
-82.045,0.016,-0.007,-9.789,0.004,0.007,0.000,0.000,-0.000
-82.908,0.019,-0.007,-9.794,-0.009,0.014,-0.001,0.000,-0.000
-83.674,0.018,-0.007,-9.807,-0.002,0.017,0.000,0.001,-0.000
-84.291,0.013,-0.008,-9.809,0.006,0.025,0.001,0.000,-0.000
-84.903,0.011,-0.008,-9.805,0.001,0.023,-0.000,0.001,0.001
-85.453,0.017,-0.008,-9.807,-0.010,0.016,-0.000,0.000,0.000
-85.894,0.019,-0.008,-9.800,-0.007,0.022,0.000,0.000,-0.000
-86.336,0.016,-0.008,-9.805,0.001,0.013,-0.000,0.001,0.000
-86.733,0.014,-0.008,-9.806,0.001,0.007,-0.000,0.001,0.000
-87.050,0.012,-0.007,-9.808,0.002,0.017,-0.001,0.001,-0.000
-87.351,0.014,-0.007,-9.798,-0.006,0.036,-0.001,0.000,-0.001
-87.633,0.014,-0.007,-9.811,-0.002,0.015,0.000,0.000,0.000
-87.887,0.011,-0.008,-9.791,0.003,0.008,0.001,0.000,0.000
-88.089,0.012,-0.008,-9.805,-0.004,0.015,-0.000,0.001,0.000
-88.294,0.017,-0.007,-9.812,-0.009,0.008,-0.000,0.000,0.001
-88.467,0.016,-0.007,-9.812,0.000,0.023,-0.001,0.000,0.001
-88.602,0.009,-0.007,-9.807,0.008,0.029,-0.001,0.001,-0.000
-88.750,0.006,-0.007,-9.797,0.002,0.008,-0.000,0.001,-0.001
-88.874,0.007,-0.007,-9.807,-0.003,0.021,-0.000,0.000,-0.001
-88.982,0.009,-0.006,-9.807,-0.005,0.025,-0.000,0.001,0.000
-89.074,0.008,-0.007,-9.796,0.002,0.016,0.001,0.001,0.001
-89.158,0.002,-0.006,-9.808,0.008,0.026,-0.001,0.001,0.001
-89.227,0.004,-0.006,-9.814,-0.003,0.027,0.000,0.001,0.001
-89.302,0.010,-0.007,-9.796,-0.011,0.014,0.000,0.000,0.000
-89.366,0.013,-0.007,-9.802,-0.005,0.020,0.000,0.001,0.001
-89.416,0.012,-0.007,-9.800,0.002,0.023,-0.000,0.000,0.001
-89.465,0.009,-0.007,-9.806,0.003,0.023,0.000,0.000,0.001
-89.507,0.011,-0.007,-9.804,-0.004,0.025,0.000,0.000,0.000
-89.543,0.013,-0.006,-9.805,-0.006,0.023,-0.001,0.000,0.000
-89.581,0.015,-0.006,-9.809,-0.004,0.019,-0.000,0.001,0.001
-89.615,0.010,-0.006,-9.795,0.007,0.018,-0.001,-0.000,0.001
-89.641,0.012,-0.006,-9.807,-0.006,0.022,-0.000,0.000,0.000
-89.671,0.013,-0.006,-9.804,-0.003,0.014,-0.000,0.000,-0.000
-89.692,0.007,-0.005,-9.810,0.006,0.025,-0.001,0.000,0.000
-89.709,0.007,-0.005,-9.806,-0.001,0.025,0.000,0.000,0.000
-89.726,0.001,-0.005,-9.806,0.010,0.020,0.000,0.001,0.000
-89.746,0.007,-0.005,-9.807,-0.009,0.016,-0.000,0.001,0.000
-89.762,0.011,-0.005,-9.802,-0.008,0.016,0.000,0.000,0.000
-89.773,0.012,-0.005,-9.807,-0.003,0.022,0.000,0.001,0.000
-89.779,0.012,-0.005,-9.814,-0.002,0.030,-0.000,0.000,0.000
-89.794,0.007,-0.006,-9.795,0.006,0.014,0.000,0.001,0.000
-89.803,0.004,-0.005,-9.800,0.004,0.019,-0.000,0.001,0.000
-89.809,0.005,-0.005,-9.805,-0.003,0.025,-0.001,0.000,-0.000
-89.819,0.011,-0.004,-9.811,-0.010,0.017,-0.001,0.001,0.000
-89.829,0.012,-0.005,-9.813,-0.004,0.013,0.001,0.001,0.000
-89.841,0.011,-0.005,-9.818,0.001,0.011,0.001,0.001,0.001
-89.842,0.013,-0.005,-9.801,-0.004,0.024,0.000,0.000,0.001
-89.840,0.013,-0.005,-9.795,-0.002,0.029,0.000,0.001,0.001
-89.843,0.007,-0.006,-9.805,0.007,0.023,0.001,0.000,0.000
-89.856,0.004,-0.006,-9.795,0.004,0.004,0.001,0.000,-0.000
-89.869,0.008,-0.006,-9.793,-0.006,0.003,-0.000,0.001,-0.000
-89.876,0.011,-0.006,-9.822,-0.007,0.011,0.001,0.001,-0.000
-89.886,0.009,-0.007,-9.802,0.001,0.003,0.001,0.002,-0.001
-89.899,0.008,-0.008,-9.793,0.000,-0.002,0.002,0.001,-0.000
-89.887,0.012,-0.009,-9.807,-0.008,0.035,0.001,0.002,0.000
-89.872,0.011,-0.010,-9.806,-0.001,0.042,0.002,0.002,0.000
-89.863,0.012,-0.010,-9.804,-0.002,0.034,0.001,0.002,0.000
-89.858,0.020,-0.011,-9.804,-0.014,0.031,0.001,0.001,0.000
-89.840,0.015,-0.011,-9.802,0.005,0.056,0.000,0.001,0.000
-89.827,0.013,-0.011,-9.792,-0.001,0.048,0.000,-0.000,-0.000
-89.840,0.015,-0.011,-9.802,-0.005,0.010,-0.001,-0.001,-0.000
-89.826,0.014,-0.011,-9.800,-0.002,0.049,-0.000,-0.001,-0.000
-89.836,0.016,-0.010,-9.801,-0.004,0.016,-0.001,-0.001,0.001
-89.870,0.012,-0.010,-9.800,0.004,-0.032,-0.000,0.001,0.000
-89.884,0.016,-0.010,-9.801,-0.008,0.001,0.001,0.001,0.000
-89.912,0.019,-0.011,-9.799,-0.008,-0.025,0.002,0.001,0.000
-89.938,0.026,-0.012,-9.809,-0.014,-0.026,0.002,0.001,0.000
-89.922,0.027,-0.013,-9.803,-0.005,0.037,0.001,0.002,0.000
-89.903,0.022,-0.013,-9.807,0.003,0.041,0.001,0.002,0.001
-89.891,0.023,-0.013,-9.802,-0.005,0.035,0.000,0.001,0.000
-89.853,0.017,-0.013,-9.803,0.005,0.077,0.000,0.001,0.000
-89.828,0.015,-0.013,-9.797,0.001,0.064,-0.001,-0.000,0.001
-89.836,0.020,-0.012,-9.792,-0.010,0.016,-0.001,0.000,-0.000
-89.838,0.024,-0.012,-9.798,-0.009,0.025,0.000,0.000,0.001
-89.844,0.021,-0.012,-9.812,0.001,0.019,-0.000,-0.001,0.001
-89.866,0.023,-0.012,-9.802,-0.005,-0.007,-0.001,-0.000,0.000
-89.887,0.029,-0.012,-9.808,-0.013,-0.011,0.000,-0.000,0.000
-89.886,0.028,-0.012,-9.807,-0.005,0.022,0.001,-0.000,-0.001
-89.897,0.023,-0.013,-9.802,0.004,0.002,0.000,0.001,0.000
-89.895,0.020,-0.013,-9.811,0.001,0.019,0.001,0.001,0.001
-89.861,0.014,-0.013,-9.811,0.007,0.077,0.000,0.000,-0.000
-89.857,0.012,-0.013,-9.807,-0.001,0.030,-0.000,0.000,-0.000
-89.853,0.013,-0.012,-9.801,-0.004,0.031,-0.001,-0.001,0.000
-89.851,0.022,-0.012,-9.812,-0.016,0.029,-0.001,-0.000,-0.000
-89.861,0.024,-0.011,-9.805,-0.006,0.011,-0.001,-0.001,0.000
-89.868,0.023,-0.011,-9.806,-0.001,0.011,-0.001,0.001,0.001
-89.872,0.025,-0.011,-9.796,-0.007,0.016,-0.000,0.001,-0.000
-89.882,0.026,-0.010,-9.802,-0.007,0.007,-0.000,-0.000,-0.000
-89.882,0.032,-0.011,-9.802,-0.015,0.020,0.000,0.001,-0.000
-89.886,0.031,-0.011,-9.802,-0.004,0.012,-0.000,0.001,-0.000
-89.888,0.031,-0.011,-9.804,-0.005,0.017,0.001,0.000,0.001
-89.889,0.029,-0.011,-9.808,-0.001,0.017,0.001,0.000,0.000
-89.884,0.031,-0.012,-9.798,-0.009,0.027,0.001,0.001,0.000
-89.882,0.026,-0.012,-9.807,0.003,0.022,0.001,0.001,0.000
-89.884,0.025,-0.013,-9.807,-0.002,0.017,0.001,0.000,-0.000
-89.878,0.026,-0.013,-9.804,-0.006,0.029,0.001,0.001,0.000
-89.883,0.029,-0.013,-9.790,-0.010,0.013,0.000,0.000,-0.001
-89.875,0.027,-0.013,-9.783,-0.001,0.031,0.000,0.000,0.000
-89.867,0.021,-0.014,-9.800,0.004,0.034,0.001,0.001,0.000
-89.864,0.014,-0.014,-9.805,0.009,0.028,0.000,0.000,0.001
-89.857,0.007,-0.014,-9.802,0.010,0.034,0.000,0.000,0.001
-89.855,0.006,-0.014,-9.800,0.002,0.028,-0.001,0.001,0.000
-89.860,0.004,-0.013,-9.806,0.002,0.017,-0.001,-0.000,0.001
-89.845,0.005,-0.013,-9.802,-0.002,0.048,-0.001,-0.001,-0.000
-89.847,0.001,-0.012,-9.798,0.005,0.023,-0.002,-0.000,-0.000
-89.859,0.000,-0.011,-9.796,0.001,0.008,-0.001,-0.001,-0.000
-89.847,0.002,-0.011,-9.804,-0.003,0.042,0.000,0.000,-0.001
-89.861,0.002,-0.011,-9.807,0.000,0.005,-0.001,-0.000,0.000
-89.881,0.006,-0.011,-9.804,-0.006,-0.008,-0.001,-0.000,0.001
-89.880,0.004,-0.011,-9.807,0.002,0.023,0.001,-0.000,0.000
-89.893,0.008,-0.011,-9.795,-0.007,-0.002,0.000,0.000,-0.000
-89.919,0.016,-0.012,-9.796,-0.015,-0.023,0.001,0.001,-0.000
-89.912,0.022,-0.012,-9.805,-0.012,0.024,0.001,0.001,0.000
-89.904,0.022,-0.013,-9.801,-0.004,0.027,0.001,0.001,0.000
-89.904,0.021,-0.014,-9.803,-0.002,0.015,0.001,0.001,-0.001
-89.869,0.012,-0.014,-9.803,0.010,0.069,0.001,0.001,-0.000
-89.818,0.003,-0.014,-9.807,0.012,0.101,0.000,0.001,-0.000
-89.816,0.005,-0.014,-9.801,-0.003,0.035,-0.001,0.000,0.000
-89.806,0.002,-0.012,-9.800,0.004,0.047,-0.002,-0.001,0.000
-89.800,0.002,-0.011,-9.810,-0.001,0.044,-0.002,-0.001,0.000
-89.866,0.001,-0.010,-9.802,0.002,-0.069,-0.002,0.000,0.000
-89.913,0.003,-0.009,-9.809,-0.005,-0.057,-0.001,0.000,-0.000
-89.927,0.006,-0.009,-9.802,-0.005,-0.008,-0.000,0.001,0.001
-89.962,0.011,-0.009,-9.796,-0.007,-0.044,0.000,0.002,0.001
-89.944,0.012,-0.010,-9.803,-0.003,0.033,0.001,0.002,-0.000
-89.878,0.014,-0.010,-9.815,-0.005,0.123,0.000,0.000,0.000
-89.831,0.014,-0.009,-9.807,-0.003,0.093,-0.001,0.000,-0.000
-89.789,0.014,-0.009,-9.812,-0.002,0.096,-0.001,-0.001,-0.000
-89.746,0.001,-0.007,-9.802,0.017,0.105,-0.003,-0.002,-0.001
-89.771,0.005,-0.005,-9.811,-0.007,0.007,-0.003,-0.002,0.000
-89.787,0.015,-0.003,-9.796,-0.015,0.017,-0.003,-0.003,0.000
-89.800,0.010,-0.002,-9.802,0.005,0.017,-0.003,-0.002,0.000
-89.857,0.009,-0.000,-9.815,0.001,-0.053,-0.002,-0.002,0.001
-89.910,0.010,0.000,-9.811,-0.002,-0.057,-0.001,-0.001,0.000
-89.924,0.012,0.001,-9.807,-0.004,-0.006,-0.001,0.000,0.001
-89.959,0.009,0.001,-9.808,0.004,-0.049,-0.000,0.002,0.000
-89.944,0.008,0.001,-9.799,-0.001,0.030,0.001,0.001,0.000
-89.898,0.012,0.001,-9.796,-0.007,0.088,-0.001,0.001,0.000
-89.886,0.016,0.002,-9.798,-0.009,0.036,-0.001,-0.000,0.000
-89.839,0.013,0.002,-9.802,0.003,0.100,-0.001,-0.001,0.000
-89.797,0.005,0.003,-9.805,0.010,0.094,-0.002,-0.001,0.000
-89.866,-0.004,0.005,-9.819,0.015,-0.084,-0.002,0.000,0.000
-89.870,0.007,0.005,-9.815,-0.016,0.017,-0.001,-0.001,0.000
-89.841,0.004,0.006,-9.798,0.004,0.072,-0.001,0.000,0.000
-89.875,0.017,0.007,-9.801,-0.020,-0.025,-0.002,-0.001,0.000
-89.815,0.016,0.008,-9.802,-0.002,0.116,-0.002,-0.001,0.000
-89.748,0.011,0.010,-9.801,0.006,0.148,-0.003,-0.002,0.001
-89.641,0.014,0.013,-9.786,-0.006,0.206,-0.005,0.002,0.001
-89.518,0.013,0.018,-9.807,0.001,0.271,-0.008,0.001,0.000
-89.585,0.011,0.023,-9.795,0.001,-0.021,-0.008,0.000,0.000
-89.604,0.008,0.028,-9.805,0.004,0.040,-0.009,-0.002,0.000
-89.580,0.001,0.034,-9.800,0.010,0.110,-0.011,-0.005,0.000
-89.544,-0.004,0.041,-9.786,0.009,0.138,-0.012,-0.004,0.000
-89.434,-0.013,0.050,-9.786,0.014,0.249,-0.014,-0.001,0.000
-89.369,-0.016,0.061,-9.798,0.007,0.198,-0.017,0.000,-0.000
-89.299,-0.026,0.072,-9.790,0.020,0.225,-0.020,0.002,0.000
-89.210,-0.033,0.086,-9.804,0.016,0.257,-0.023,0.001,0.001
-89.131,-0.029,0.103,-9.811,0.000,0.259,-0.026,-0.000,0.001
-89.011,-0.028,0.119,-9.817,0.005,0.357,-0.029,-0.002,0.001
-88.865,-0.038,0.140,-9.790,0.020,0.397,-0.033,-0.002,0.001
-88.702,-0.051,0.164,-9.785,0.027,0.448,-0.038,-0.000,0.001
-88.600,-0.062,0.191,-9.796,0.025,0.381,-0.044,0.000,0.001
-88.545,-0.062,0.219,-9.798,0.013,0.333,-0.048,0.001,0.002
-88.458,-0.075,0.252,-9.806,0.030,0.385,-0.053,-0.001,0.002
-88.400,-0.079,0.288,-9.798,0.019,0.356,-0.058,-0.002,0.001
-88.328,-0.078,0.324,-9.802,0.012,0.398,-0.063,-0.001,0.002
-88.176,-0.081,0.367,-9.799,0.018,0.523,-0.068,-0.001,0.002
-88.188,-0.080,0.414,-9.808,0.011,0.294,-0.074,0.000,0.002
-88.284,-0.073,0.458,-9.820,0.001,0.150,-0.076,-0.004,0.001
-88.428,-0.070,0.507,-9.802,0.007,0.077,-0.077,-0.007,0.002
-88.565,-0.066,0.556,-9.802,0.005,0.063,-0.078,-0.008,0.001
-88.770,-0.060,0.606,-9.800,0.002,-0.064,-0.079,-0.009,0.002
-88.966,-0.046,0.650,-9.779,-0.014,-0.121,-0.076,-0.004,0.001
-89.242,-0.027,0.696,-9.805,-0.020,-0.248,-0.073,-0.003,0.001
-89.620,-0.012,0.739,-9.798,-0.019,-0.455,-0.068,-0.004,0.001
-89.922,-0.002,0.778,-9.817,-0.013,-0.403,-0.063,-0.003,0.001
-90.246,0.010,0.814,-9.792,-0.017,-0.485,-0.057,-0.006,0.001
-90.473,0.029,0.846,-9.805,-0.031,-0.393,-0.050,-0.003,0.001
-90.673,0.041,0.873,-9.792,-0.022,-0.389,-0.044,-0.002,0.000
-90.848,0.050,0.895,-9.787,-0.021,-0.414,-0.039,0.001,0.001
-90.993,0.058,0.916,-9.818,-0.020,-0.374,-0.033,0.002,0.001
-91.188,0.069,0.931,-9.823,-0.027,-0.505,-0.026,0.000,0.001
-91.270,0.077,0.943,-9.825,-0.025,-0.329,-0.020,-0.002,0.001
-91.291,0.077,0.954,-9.810,-0.013,-0.245,-0.016,-0.005,0.000
-91.232,0.083,0.961,-9.797,-0.022,-0.117,-0.014,-0.003,-0.000
-91.071,0.069,0.969,-9.795,0.008,0.040,-0.012,-0.002,0.001
-90.959,0.076,0.976,-9.786,-0.024,-0.008,-0.011,-0.001,-0.000
-90.813,0.069,0.983,-9.816,0.000,0.062,-0.011,0.002,0.001
-90.741,0.059,0.990,-9.804,0.005,-0.016,-0.012,0.000,0.001
-90.650,0.059,0.997,-9.813,-0.009,0.029,-0.011,-0.000,0.001
-90.500,0.036,1.004,-9.821,0.027,0.126,-0.011,-0.003,0.000
-90.334,0.026,1.012,-9.805,0.010,0.177,-0.013,-0.003,0.001
-90.110,0.018,1.020,-9.786,0.010,0.329,-0.015,-0.004,0.000
-89.900,0.019,1.033,-9.779,-0.004,0.309,-0.020,-0.002,0.001
-89.747,0.015,1.046,-9.795,0.004,0.280,-0.022,-0.001,0.001
-89.640,0.005,1.062,-9.794,0.013,0.211,-0.026,-0.001,0.001
-89.619,0.006,1.077,-9.796,-0.001,0.099,-0.027,-0.001,0.000
-89.578,-0.004,1.096,-9.816,0.014,0.130,-0.030,-0.001,0.000
-89.562,-0.011,1.114,-9.802,0.014,0.100,-0.030,-0.001,0.001
-89.501,-0.017,1.134,-9.799,0.012,0.171,-0.032,-0.001,0.001
-89.459,-0.016,1.154,-9.793,0.002,0.152,-0.033,-0.002,0.002
-89.369,-0.017,1.177,-9.794,0.005,0.234,-0.035,-0.002,0.001
-89.235,-0.020,1.199,-9.785,0.008,0.338,-0.039,-0.000,0.001
-89.106,-0.025,1.225,-9.779,0.011,0.330,-0.041,0.001,0.001
-89.040,-0.035,1.253,-9.804,0.020,0.251,-0.045,0.004,0.001
-89.095,-0.042,1.280,-9.814,0.019,0.068,-0.047,0.002,0.001
-89.216,-0.041,1.310,-9.838,0.006,-0.032,-0.047,-0.001,0.001
-89.332,-0.034,1.340,-9.815,-0.004,-0.041,-0.047,-0.005,0.001
-89.420,-0.032,1.369,-9.804,0.003,-0.017,-0.046,-0.006,0.001
-89.481,-0.027,1.397,-9.796,-0.002,0.010,-0.045,-0.005,0.001
-89.598,-0.026,1.425,-9.790,0.004,-0.093,-0.044,-0.001,0.001
-89.743,-0.020,1.448,-9.796,-0.006,-0.180,-0.041,0.001,0.001
-89.917,-0.010,1.472,-9.811,-0.012,-0.229,-0.039,0.001,-0.000
-90.117,-0.004,1.495,-9.811,-0.007,-0.298,-0.035,0.001,0.000
-90.324,0.012,1.514,-9.813,-0.023,-0.342,-0.030,0.000,0.001
-90.402,0.005,1.531,-9.804,0.010,-0.176,-0.027,-0.001,0.001
-90.474,0.016,1.545,-9.793,-0.019,-0.192,-0.025,0.001,0.000
-90.550,0.016,1.557,-9.801,-0.002,-0.203,-0.020,0.003,0.000
-90.619,0.026,1.567,-9.803,-0.020,-0.215,-0.017,0.003,0.000
-90.689,0.032,1.576,-9.802,-0.014,-0.217,-0.014,0.002,-0.000
-90.719,0.037,1.582,-9.816,-0.013,-0.166,-0.010,0.000,0.000
-90.696,0.041,1.586,-9.805,-0.013,-0.082,-0.008,-0.000,0.001
-90.587,0.039,1.591,-9.807,-0.004,0.051,-0.007,-0.002,0.000
-90.470,0.041,1.596,-9.786,-0.010,0.083,-0.008,-0.001,-0.000
-90.340,0.041,1.601,-9.798,-0.008,0.142,-0.008,-0.000,0.001
-90.210,0.030,1.607,-9.804,0.011,0.142,-0.010,0.001,-0.000
-90.128,0.022,1.613,-9.819,0.010,0.104,-0.011,0.001,0.001
-90.043,0.016,1.621,-9.813,0.005,0.110,-0.012,0.001,0.000
-89.969,0.008,1.628,-9.814,0.013,0.120,-0.013,-0.001,0.001
-89.869,-0.001,1.637,-9.816,0.012,0.162,-0.014,-0.001,0.000
-89.778,-0.002,1.646,-9.800,0.003,0.181,-0.016,-0.003,0.001
-89.671,0.002,1.657,-9.792,-0.005,0.208,-0.018,-0.002,0.000
-89.551,0.002,1.670,-9.791,0.000,0.244,-0.020,-0.002,0.001
-89.487,0.003,1.683,-9.796,-0.001,0.187,-0.023,-0.000,0.001
-89.423,-0.002,1.699,-9.802,0.008,0.186,-0.026,0.001,0.001
-89.431,-0.006,1.716,-9.801,0.006,0.086,-0.027,0.001,-0.000
-89.432,-0.014,1.732,-9.804,0.013,0.095,-0.028,0.000,-0.000
-89.436,-0.021,1.750,-9.808,0.014,0.093,-0.028,-0.002,0.000
-89.424,-0.020,1.768,-9.796,0.002,0.117,-0.029,-0.002,0.001
-89.392,-0.020,1.788,-9.796,0.002,0.151,-0.031,-0.002,0.000
-89.380,-0.020,1.806,-9.790,0.003,0.125,-0.032,-0.001,-0.000
-89.384,-0.022,1.827,-9.808,0.007,0.098,-0.032,0.001,0.001
-89.452,-0.022,1.847,-9.813,0.004,-0.002,-0.033,0.001,0.001
-89.542,-0.016,1.865,-9.817,-0.005,-0.060,-0.031,-0.000,0.000
-89.612,-0.017,1.884,-9.814,0.004,-0.029,-0.030,-0.001,-0.000
-89.618,-0.018,1.904,-9.796,0.005,0.060,-0.030,-0.003,0.000
-89.634,-0.011,1.923,-9.803,-0.008,0.042,-0.030,-0.002,0.000
-89.628,-0.006,1.942,-9.804,-0.006,0.073,-0.031,-0.000,0.000
-89.595,-0.009,1.962,-9.796,0.007,0.112,-0.032,0.002,0.001
-89.577,-0.014,1.981,-9.788,0.010,0.098,-0.032,0.003,0.001
-89.621,-0.013,2.001,-9.822,0.001,0.000,-0.032,0.004,-0.000
-89.677,-0.013,2.021,-9.813,0.003,-0.026,-0.032,0.003,0.001
-89.672,-0.013,2.039,-9.827,0.002,0.062,-0.031,0.001,0.001
-89.636,-0.006,2.059,-9.802,-0.008,0.113,-0.033,-0.000,0.001
-89.561,0.001,2.081,-9.798,-0.008,0.180,-0.034,-0.001,0.001
-89.431,-0.001,2.103,-9.786,0.004,0.277,-0.036,0.000,0.001
-89.253,-0.011,2.125,-9.771,0.019,0.396,-0.038,0.005,0.002
-89.004,-0.028,2.153,-9.782,0.028,0.506,-0.044,0.009,0.001
-88.741,-0.047,2.182,-9.789,0.037,0.606,-0.050,0.013,0.001
-88.476,-0.060,2.218,-9.809,0.029,0.619,-0.058,0.011,0.001
-88.214,-0.077,2.259,-9.823,0.034,0.661,-0.066,0.009,0.000
-87.947,-0.094,2.301,-9.826,0.041,0.763,-0.074,0.004,0.001
-87.398,-0.131,2.355,-9.799,0.071,1.205,-0.088,0.006,0.001
-86.547,-0.195,2.420,-9.743,0.117,1.766,-0.107,0.016,-0.001
-86.174,-0.212,2.491,-9.768,0.054,1.213,-0.126,0.019,0.000
-85.822,-0.258,2.578,-9.848,0.099,1.193,-0.140,0.021,-0.000
-85.202,-0.285,2.679,-9.777,0.075,1.674,-0.165,0.021,0.000
-84.919,-0.304,2.782,-9.798,0.068,1.300,-0.183,0.012,0.002
-84.196,-0.367,2.908,-9.837,0.134,2.015,-0.208,0.018,0.000
-83.754,-0.411,3.050,-9.735,0.109,1.680,-0.230,0.008,0.002
-83.345,-0.442,3.190,-9.811,0.099,1.778,-0.251,0.013,0.001
-82.868,-0.506,3.359,-9.760,0.145,1.888,-0.277,0.010,0.002
-82.887,-0.544,3.546,-9.772,0.114,1.192,-0.298,0.004,0.003
-82.743,-0.592,3.723,-9.889,0.142,1.487,-0.314,0.004,0.003
-82.712,-0.675,3.931,-9.738,0.192,1.293,-0.334,-0.001,0.003
-82.737,-0.706,4.151,-9.787,0.123,1.211,-0.351,0.005,0.003
-82.716,-0.758,4.359,-9.803,0.168,1.283,-0.366,0.007,0.003
-82.995,-0.817,4.602,-9.772,0.179,0.807,-0.381,0.010,0.003
-83.216,-0.839,4.850,-9.858,0.132,0.858,-0.392,0.009,0.003
-83.464,-0.898,5.083,-9.785,0.202,0.739,-0.402,0.004,0.003
-83.723,-0.940,5.346,-9.816,0.177,0.722,-0.413,0.002,0.003
-83.831,-0.982,5.615,-9.805,0.184,0.914,-0.425,0.002,0.003
-84.012,-1.015,5.865,-9.741,0.183,0.745,-0.434,0.004,0.004
-84.120,-1.047,6.146,-9.816,0.183,0.860,-0.444,0.008,0.004
-84.330,-1.091,6.409,-9.790,0.214,0.648,-0.454,0.008,0.004
-84.562,-1.129,6.705,-9.819,0.205,0.611,-0.464,0.009,0.003
-84.795,-1.159,7.006,-9.822,0.201,0.575,-0.472,0.004,0.003
-84.991,-1.183,7.283,-9.782,0.200,0.561,-0.478,0.003,0.003
-85.113,-1.220,7.591,-9.791,0.221,0.674,-0.487,0.003,0.003
-85.282,-1.267,7.907,-9.771,0.245,0.576,-0.496,0.006,0.004
-85.467,-1.298,8.198,-9.808,0.233,0.494,-0.503,0.009,0.004
-85.752,-1.316,8.524,-9.812,0.217,0.336,-0.508,0.007,0.004
-86.037,-1.333,8.853,-9.811,0.220,0.290,-0.512,0.005,0.004
-86.220,-1.351,9.152,-9.815,0.229,0.375,-0.516,0.003,0.005
-86.377,-1.370,9.484,-9.781,0.231,0.411,-0.521,0.002,0.004
-86.493,-1.382,9.819,-9.785,0.225,0.447,-0.527,0.005,0.004
-86.614,-1.402,10.126,-9.783,0.242,0.399,-0.532,0.006,0.003
-86.808,-1.424,10.469,-9.805,0.247,0.281,-0.536,0.009,0.004
-87.020,-1.447,10.814,-9.829,0.256,0.224,-0.541,0.006,0.004
-87.242,-1.462,11.162,-9.811,0.248,0.174,-0.544,0.005,0.003
-87.395,-1.472,11.510,-9.815,0.245,0.244,-0.547,0.004,0.004
-87.512,-1.491,11.860,-9.794,0.262,0.274,-0.550,0.004,0.004
-87.610,-1.505,12.211,-9.800,0.258,0.282,-0.554,0.005,0.004
-87.705,-1.521,12.533,-9.790,0.266,0.253,-0.557,0.008,0.004
-87.839,-1.537,12.889,-9.803,0.268,0.192,-0.560,0.008,0.004
-87.968,-1.554,13.247,-9.823,0.273,0.177,-0.562,0.006,0.004
-88.078,-1.572,13.606,-9.814,0.279,0.188,-0.566,0.004,0.004
-88.157,-1.582,13.966,-9.795,0.271,0.218,-0.569,0.004,0.004
-88.211,-1.592,14.327,-9.785,0.273,0.240,-0.571,0.005,0.005
-88.266,-1.610,14.690,-9.790,0.287,0.230,-0.573,0.007,0.005
-88.349,-1.624,15.056,-9.799,0.284,0.176,-0.577,0.008,0.004
-88.440,-1.628,15.423,-9.802,0.272,0.151,-0.579,0.007,0.003
-88.533,-1.624,15.759,-9.803,0.260,0.118,-0.582,0.006,0.004
-88.596,-1.628,16.128,-9.806,0.274,0.165,-0.583,0.004,0.005
-88.633,-1.633,16.499,-9.790,0.277,0.193,-0.586,0.005,0.005
-88.660,-1.653,16.870,-9.802,0.302,0.203,-0.589,0.006,0.004
-88.708,-1.668,17.244,-9.794,0.297,0.165,-0.591,0.007,0.004
-88.775,-1.669,17.620,-9.807,0.278,0.126,-0.593,0.007,0.004
-88.834,-1.678,17.997,-9.796,0.291,0.129,-0.595,0.007,0.004
-88.873,-1.688,18.374,-9.806,0.296,0.150,-0.597,0.007,0.004
-88.892,-1.704,18.752,-9.801,0.306,0.175,-0.599,0.005,0.004
-88.897,-1.710,19.097,-9.789,0.293,0.193,-0.602,0.006,0.004
-88.923,-1.719,19.479,-9.796,0.301,0.158,-0.604,0.007,0.005
-88.963,-1.737,19.862,-9.797,0.315,0.133,-0.606,0.008,0.005
-89.007,-1.761,20.246,-9.795,0.328,0.120,-0.607,0.007,0.005
-89.036,-1.774,20.631,-9.812,0.317,0.137,-0.610,0.006,0.005
-89.047,-1.779,21.017,-9.807,0.306,0.161,-0.612,0.005,0.005
-89.030,-1.789,21.403,-9.796,0.314,0.204,-0.614,0.005,0.004
-88.998,-1.800,21.791,-9.790,0.318,0.228,-0.617,0.006,0.005
-88.974,-1.817,22.181,-9.793,0.327,0.221,-0.620,0.007,0.004
-88.958,-1.833,22.537,-9.804,0.333,0.215,-0.623,0.007,0.005
-88.962,-1.854,22.932,-9.806,0.341,0.186,-0.626,0.006,0.005
-88.961,-1.867,23.328,-9.805,0.332,0.195,-0.628,0.006,0.006
-88.962,-1.884,23.725,-9.793,0.338,0.189,-0.631,0.007,0.004
-88.974,-1.891,24.125,-9.810,0.328,0.173,-0.633,0.006,0.005
-89.011,-1.900,24.527,-9.796,0.330,0.132,-0.636,0.006,0.005
-89.073,-1.916,24.931,-9.798,0.344,0.088,-0.638,0.007,0.005
-89.140,-1.929,25.336,-9.816,0.344,0.069,-0.639,0.005,0.004
-89.209,-1.943,25.742,-9.796,0.347,0.055,-0.640,0.006,0.005
-89.262,-1.956,26.110,-9.793,0.351,0.061,-0.641,0.005,0.005
-89.312,-1.967,26.516,-9.793,0.348,0.064,-0.641,0.007,0.005
-89.373,-1.972,26.923,-9.787,0.341,0.037,-0.643,0.007,0.004
-89.446,-1.976,27.331,-9.797,0.341,0.008,-0.643,0.008,0.005
-89.556,-1.975,27.740,-9.795,0.336,-0.062,-0.643,0.007,0.005
-89.665,-1.974,28.147,-9.796,0.336,-0.078,-0.641,0.007,0.004
-89.765,-1.973,28.554,-9.791,0.336,-0.082,-0.640,0.005,0.004
-89.861,-1.980,28.960,-9.793,0.351,-0.092,-0.639,0.006,0.005
-89.952,-1.979,29.364,-9.797,0.340,-0.103,-0.637,0.007,0.004
-90.069,-1.965,29.769,-9.802,0.322,-0.159,-0.635,0.007,0.005
-90.197,-1.942,30.172,-9.806,0.306,-0.197,-0.632,0.007,0.005
-90.342,-1.925,30.573,-9.800,0.312,-0.245,-0.630,0.006,0.004
-90.487,-1.917,30.973,-9.819,0.326,-0.270,-0.627,0.007,0.004
-90.621,-1.899,31.370,-9.804,0.311,-0.278,-0.623,0.006,0.005
-90.751,-1.870,31.765,-9.802,0.291,-0.293,-0.620,0.005,0.005
-90.872,-1.842,32.156,-9.793,0.290,-0.303,-0.614,0.006,0.004
-90.997,-1.817,32.545,-9.804,0.290,-0.332,-0.611,0.007,0.004
-91.124,-1.794,32.930,-9.814,0.290,-0.357,-0.606,0.008,0.004
-91.254,-1.763,33.313,-9.807,0.277,-0.383,-0.601,0.007,0.005
-91.381,-1.736,33.692,-9.797,0.277,-0.401,-0.596,0.007,0.004
-91.483,-1.699,34.067,-9.812,0.258,-0.383,-0.591,0.005,0.003
-91.570,-1.667,34.439,-9.800,0.260,-0.377,-0.585,0.005,0.004
-91.643,-1.635,34.806,-9.796,0.255,-0.372,-0.580,0.006,0.004
-91.718,-1.609,35.170,-9.792,0.260,-0.387,-0.575,0.006,0.004
-91.808,-1.577,35.531,-9.792,0.246,-0.426,-0.570,0.007,0.004
-91.890,-1.548,35.888,-9.804,0.248,-0.427,-0.563,0.006,0.005
-91.978,-1.521,36.241,-9.796,0.246,-0.451,-0.557,0.005,0.005
-92.059,-1.486,36.590,-9.802,0.228,-0.455,-0.551,0.005,0.004
-92.130,-1.449,36.935,-9.802,0.222,-0.456,-0.545,0.006,0.005
-92.187,-1.408,37.276,-9.811,0.206,-0.447,-0.539,0.006,0.003
-92.227,-1.374,37.612,-9.808,0.212,-0.430,-0.532,0.005,0.003
-92.254,-1.342,37.943,-9.802,0.210,-0.417,-0.526,0.006,0.004
-92.264,-1.321,38.271,-9.815,0.221,-0.394,-0.521,0.006,0.004
-92.269,-1.313,38.596,-9.855,0.239,-0.391,-0.515,0.005,0.004
-92.232,-1.273,38.916,-9.762,0.185,-0.323,-0.511,0.005,0.003
-92.188,-1.224,39.233,-9.780,0.165,-0.307,-0.505,0.004,0.004
-92.158,-1.220,39.548,-9.871,0.227,-0.325,-0.501,0.006,0.004
-92.127,-1.193,39.860,-9.739,0.187,-0.313,-0.497,0.005,0.004
-92.132,-1.162,40.171,-9.860,0.178,-0.370,-0.493,0.005,0.003
-92.145,-1.137,40.478,-9.777,0.181,-0.379,-0.487,0.005,0.004
-92.173,-1.091,40.781,-9.776,0.144,-0.405,-0.481,0.005,0.004
-92.182,-1.094,41.081,-9.826,0.214,-0.383,-0.476,0.005,0.004
-92.201,-1.068,41.377,-9.803,0.168,-0.400,-0.470,0.005,0.003
-92.240,-1.032,41.671,-9.796,0.147,-0.435,-0.465,0.006,0.003
-92.270,-1.016,41.960,-9.808,0.172,-0.427,-0.458,0.006,0.003
-92.308,-0.986,42.244,-9.804,0.149,-0.445,-0.451,0.005,0.003
-92.326,-0.969,42.525,-9.798,0.163,-0.420,-0.446,0.004,0.003
-92.331,-0.952,42.803,-9.799,0.159,-0.402,-0.440,0.004,0.003
-92.386,-0.917,43.077,-9.795,0.130,-0.483,-0.434,0.005,0.003
-92.454,-0.877,43.346,-9.785,0.116,-0.511,-0.427,0.005,0.003
-92.591,-0.847,43.612,-9.810,0.124,-0.635,-0.418,0.006,0.003
-92.778,-0.810,43.872,-9.795,0.108,-0.736,-0.409,0.006,0.002
-92.991,-0.779,44.125,-9.823,0.113,-0.810,-0.398,0.006,0.003
-93.240,-0.737,44.372,-9.813,0.092,-0.901,-0.386,0.004,0.003
-93.455,-0.693,44.610,-9.807,0.083,-0.891,-0.374,0.005,0.003
-93.644,-0.658,44.839,-9.817,0.090,-0.888,-0.361,0.003,0.003
-93.804,-0.614,45.061,-9.793,0.068,-0.873,-0.349,0.003,0.003
-93.943,-0.570,45.274,-9.796,0.061,-0.868,-0.338,0.002,0.002
-94.064,-0.537,45.480,-9.810,0.071,-0.866,-0.325,0.004,0.002
-94.159,-0.501,45.678,-9.809,0.059,-0.845,-0.314,0.003,0.002
-94.250,-0.459,45.869,-9.825,0.044,-0.858,-0.303,0.002,0.002
-94.332,-0.415,46.052,-9.816,0.034,-0.857,-0.290,0.002,0.002
-94.413,-0.375,46.227,-9.800,0.031,-0.870,-0.278,0.003,0.002
-94.512,-0.343,46.393,-9.808,0.037,-0.915,-0.265,0.004,0.002
-94.616,-0.307,46.552,-9.808,0.023,-0.940,-0.251,0.004,0.001
-94.734,-0.267,46.702,-9.812,0.010,-0.979,-0.238,0.003,0.001
-94.834,-0.229,46.843,-9.809,0.007,-0.970,-0.224,0.003,0.002
-94.897,-0.198,46.976,-9.815,0.010,-0.930,-0.211,0.001,0.001
-94.922,-0.170,47.101,-9.820,0.008,-0.882,-0.199,0.001,0.001
-94.917,-0.148,47.218,-9.814,0.013,-0.837,-0.187,0.001,0.001
-94.916,-0.113,47.328,-9.808,-0.014,-0.844,-0.175,0.002,0.001
-94.925,-0.081,47.430,-9.810,-0.016,-0.860,-0.162,0.002,0.001
-94.951,-0.061,47.523,-9.828,-0.003,-0.890,-0.148,0.002,0.002
-94.982,-0.036,47.608,-9.810,-0.015,-0.900,-0.136,0.002,0.001
-95.008,-0.014,47.686,-9.810,-0.017,-0.896,-0.124,0.001,0.002
-95.048,0.011,47.755,-9.798,-0.026,-0.923,-0.111,0.001,0.001
-95.076,0.038,47.817,-9.807,-0.035,-0.910,-0.098,0.001,0.001
-95.103,0.054,47.870,-9.814,-0.022,-0.916,-0.086,0.002,0.001
-95.121,0.069,47.916,-9.814,-0.026,-0.906,-0.073,0.002,-0.000
-95.137,0.083,47.954,-9.808,-0.029,-0.905,-0.060,0.001,0.001
-95.153,0.094,47.980,-9.805,-0.029,-0.909,-0.047,-0.000,-0.000
-95.170,0.094,48.002,-9.807,-0.013,-0.911,-0.034,-0.000,0.001
-95.198,0.095,48.015,-9.806,-0.014,-0.933,-0.021,0.001,0.001
-95.246,0.102,48.021,-9.813,-0.028,-0.968,-0.008,0.001,0.000
-95.292,0.115,48.017,-9.818,-0.038,-0.975,0.005,0.001,0.000
-95.322,0.124,48.005,-9.820,-0.036,-0.956,0.020,-0.001,-0.000
-95.335,0.123,47.985,-9.816,-0.023,-0.933,0.032,-0.001,-0.000
-95.330,0.117,47.957,-9.811,-0.016,-0.907,0.045,-0.001,-0.000
-95.301,0.109,47.921,-9.810,-0.012,-0.868,0.058,-0.001,-0.000
-95.280,0.102,47.876,-9.813,-0.016,-0.877,0.070,-0.001,-0.001
-95.262,0.103,47.824,-9.816,-0.027,-0.880,0.083,0.000,-0.000
-95.246,0.092,47.770,-9.827,-0.008,-0.876,0.095,-0.001,-0.001
-95.228,0.085,47.703,-9.811,-0.014,-0.871,0.107,-0.002,-0.001
-95.192,0.082,47.628,-9.795,-0.021,-0.838,0.120,-0.002,0.000
-95.144,0.071,47.545,-9.801,-0.010,-0.812,0.132,-0.002,-0.001
-95.083,0.051,47.456,-9.801,0.007,-0.786,0.143,-0.001,-0.001
-95.020,0.027,47.360,-9.806,0.014,-0.773,0.154,-0.000,-0.001
-94.960,0.015,47.257,-9.799,-0.001,-0.767,0.164,-0.001,-0.001
-94.920,0.004,47.148,-9.801,-0.001,-0.785,0.174,-0.002,-0.001
-94.889,-0.024,47.031,-9.808,0.026,-0.795,0.186,-0.001,-0.001
-94.865,-0.048,46.907,-9.799,0.024,-0.798,0.198,-0.002,-0.001
-94.840,-0.055,46.775,-9.818,0.002,-0.795,0.210,-0.001,-0.001
-94.819,-0.069,46.636,-9.816,0.012,-0.796,0.222,-0.003,-0.001
-94.791,-0.089,46.489,-9.825,0.022,-0.782,0.233,-0.003,-0.001
-94.752,-0.115,46.336,-9.813,0.035,-0.760,0.244,-0.002,-0.001
-94.711,-0.136,46.177,-9.806,0.031,-0.748,0.253,-0.003,-0.001
-94.663,-0.155,46.011,-9.793,0.031,-0.730,0.264,-0.002,-0.001
-94.615,-0.173,45.838,-9.805,0.032,-0.722,0.275,-0.004,-0.002
-94.589,-0.199,45.659,-9.793,0.045,-0.748,0.286,-0.003,-0.003
-94.568,-0.233,45.456,-9.805,0.056,-0.757,0.295,-0.002,-0.002
-94.564,-0.261,45.264,-9.807,0.058,-0.776,0.307,-0.002,-0.003
-94.569,-0.280,45.064,-9.807,0.045,-0.791,0.318,-0.002,-0.003
-94.573,-0.307,44.858,-9.805,0.063,-0.789,0.329,-0.003,-0.003
-94.575,-0.339,44.644,-9.809,0.073,-0.785,0.341,-0.003,-0.002
-94.569,-0.368,44.422,-9.810,0.074,-0.775,0.352,-0.004,-0.002
-94.581,-0.397,44.195,-9.807,0.077,-0.800,0.363,-0.004,-0.003
-94.603,-0.435,43.960,-9.818,0.096,-0.821,0.374,-0.003,-0.002
-94.626,-0.471,43.718,-9.816,0.098,-0.825,0.387,-0.003,-0.003
-94.652,-0.506,43.468,-9.807,0.101,-0.836,0.398,-0.003,-0.003
-94.657,-0.546,43.211,-9.796,0.114,-0.804,0.409,-0.004,-0.003
-94.662,-0.596,42.947,-9.811,0.134,-0.807,0.421,-0.004,-0.003
-94.650,-0.648,42.651,-9.814,0.140,-0.784,0.432,-0.004,-0.003
-94.616,-0.683,42.373,-9.801,0.127,-0.745,0.442,-0.005,-0.003
-94.590,-0.722,42.089,-9.807,0.139,-0.752,0.452,-0.004,-0.003
-94.550,-0.772,41.797,-9.804,0.163,-0.727,0.463,-0.005,-0.003
-94.528,-0.815,41.499,-9.801,0.159,-0.748,0.475,-0.005,-0.003
-94.507,-0.863,41.194,-9.819,0.174,-0.748,0.485,-0.003,-0.004
-94.495,-0.912,40.883,-9.793,0.183,-0.756,0.496,-0.004,-0.004
-94.478,-0.956,40.565,-9.802,0.183,-0.749,0.506,-0.004,-0.004
-94.437,-1.014,40.240,-9.815,0.212,-0.708,0.517,-0.005,-0.004
-94.374,-1.057,39.908,-9.811,0.198,-0.667,0.527,-0.005,-0.004
-94.279,-1.103,39.569,-9.804,0.209,-0.606,0.536,-0.005,-0.004
-94.141,-1.157,39.194,-9.801,0.223,-0.540,0.543,-0.006,-0.004
-93.995,-1.209,38.845,-9.795,0.237,-0.486,0.550,-0.006,-0.004
-93.833,-1.261,38.492,-9.804,0.246,-0.439,0.556,-0.006,-0.004
-93.666,-1.315,38.135,-9.814,0.260,-0.404,0.563,-0.005,-0.004
-93.486,-1.366,37.773,-9.801,0.266,-0.354,0.568,-0.005,-0.005
-93.292,-1.406,37.408,-9.790,0.257,-0.302,0.574,-0.006,-0.005
-93.095,-1.446,37.040,-9.796,0.266,-0.266,0.577,-0.006,-0.005
-92.886,-1.484,36.669,-9.801,0.273,-0.213,0.581,-0.005,-0.004
-92.686,-1.515,36.297,-9.817,0.271,-0.192,0.583,-0.006,-0.004
-92.486,-1.544,35.923,-9.798,0.274,-0.159,0.586,-0.006,-0.004
-92.275,-1.574,35.547,-9.796,0.284,-0.107,0.588,-0.006,-0.004
-92.023,-1.613,35.135,-9.796,0.299,-0.040,0.589,-0.007,-0.004
-91.778,-1.638,34.757,-9.788,0.290,0.025,0.589,-0.006,-0.005
-91.514,-1.658,34.379,-9.801,0.291,0.095,0.589,-0.006,-0.004
-91.249,-1.673,34.002,-9.792,0.290,0.142,0.587,-0.005,-0.004
-91.003,-1.682,33.626,-9.793,0.284,0.157,0.584,-0.006,-0.004
-90.778,-1.688,33.253,-9.795,0.284,0.166,0.583,-0.005,-0.004
-90.591,-1.695,32.881,-9.807,0.289,0.145,0.581,-0.005,-0.004
-90.431,-1.698,32.512,-9.786,0.286,0.136,0.579,-0.006,-0.004
-90.263,-1.697,32.143,-9.795,0.282,0.177,0.577,-0.006,-0.004
-90.098,-1.698,31.776,-9.799,0.286,0.200,0.575,-0.006,-0.004
-89.931,-1.691,31.411,-9.776,0.274,0.232,0.571,-0.006,-0.004
-89.774,-1.683,31.049,-9.785,0.274,0.246,0.568,-0.007,-0.005
-89.660,-1.670,30.689,-9.792,0.267,0.204,0.565,-0.005,-0.004
-89.584,-1.658,30.333,-9.820,0.267,0.164,0.562,-0.004,-0.004
-89.550,-1.648,29.979,-9.790,0.267,0.112,0.561,-0.004,-0.005
-89.543,-1.631,29.658,-9.786,0.254,0.077,0.559,-0.004,-0.004
-89.555,-1.615,29.306,-9.795,0.254,0.049,0.559,-0.005,-0.004
-89.563,-1.607,28.954,-9.806,0.266,0.053,0.558,-0.005,-0.003
-89.543,-1.597,28.603,-9.804,0.260,0.095,0.557,-0.005,-0.004
-89.504,-1.595,28.252,-9.790,0.271,0.129,0.556,-0.005,-0.004
-89.436,-1.586,27.900,-9.804,0.260,0.181,0.554,-0.004,-0.003
-89.346,-1.576,27.551,-9.802,0.258,0.226,0.551,-0.005,-0.004
-89.271,-1.559,27.203,-9.785,0.245,0.220,0.548,-0.006,-0.004
-89.192,-1.552,26.858,-9.791,0.260,0.239,0.545,-0.005,-0.004
-89.171,-1.550,26.515,-9.795,0.266,0.159,0.542,-0.004,-0.004
-89.178,-1.540,26.174,-9.815,0.253,0.121,0.541,-0.004,-0.004
-89.209,-1.530,25.835,-9.802,0.253,0.082,0.540,-0.004,-0.003
-89.266,-1.512,25.497,-9.807,0.238,0.037,0.539,-0.004,-0.004
-89.293,-1.513,25.158,-9.803,0.263,0.076,0.539,-0.006,-0.004
-89.310,-1.512,24.820,-9.803,0.260,0.086,0.537,-0.006,-0.003
-89.304,-1.494,24.483,-9.795,0.234,0.119,0.535,-0.005,-0.003
-89.308,-1.479,24.147,-9.790,0.236,0.103,0.533,-0.004,-0.003
-89.364,-1.473,23.812,-9.815,0.245,0.022,0.533,-0.005,-0.004
-89.413,-1.468,23.478,-9.808,0.246,0.024,0.533,-0.004,-0.004
-89.504,-1.459,23.144,-9.800,0.241,-0.050,0.532,-0.004,-0.003
-89.590,-1.442,22.810,-9.796,0.224,-0.058,0.534,-0.005,-0.003
-89.663,-1.423,22.475,-9.800,0.217,-0.051,0.535,-0.005,-0.003
-89.729,-1.419,22.108,-9.803,0.236,-0.045,0.535,-0.004,-0.004
-89.767,-1.413,21.771,-9.805,0.231,-0.023,0.536,-0.004,-0.004
-89.826,-1.415,21.435,-9.801,0.244,-0.061,0.536,-0.004,-0.003
-89.865,-1.408,21.097,-9.819,0.230,-0.040,0.537,-0.004,-0.003
-89.899,-1.416,20.760,-9.793,0.250,-0.037,0.537,-0.005,-0.004
-89.920,-1.416,20.421,-9.809,0.241,-0.025,0.539,-0.005,-0.003
-89.919,-1.416,20.081,-9.798,0.239,0.007,0.539,-0.005,-0.004
-89.932,-1.413,19.742,-9.793,0.234,-0.014,0.539,-0.005,-0.004
-89.918,-1.417,19.402,-9.807,0.246,0.025,0.539,-0.004,-0.004
-89.910,-1.420,19.062,-9.809,0.244,0.019,0.539,-0.005,-0.004
-89.879,-1.422,18.722,-9.801,0.244,0.057,0.538,-0.006,-0.003
-89.830,-1.416,18.382,-9.780,0.232,0.087,0.537,-0.005,-0.004
-89.813,-1.403,18.044,-9.788,0.220,0.047,0.537,-0.005,-0.003
-89.816,-1.395,17.706,-9.795,0.226,0.020,0.537,-0.005,-0.004
-89.878,-1.399,17.369,-9.799,0.242,-0.075,0.537,-0.004,-0.003
-89.919,-1.399,17.031,-9.820,0.238,-0.052,0.537,-0.003,-0.003
-89.978,-1.401,16.693,-9.787,0.238,-0.086,0.538,-0.005,-0.005
-89.964,-1.401,16.353,-9.803,0.236,0.019,0.539,-0.006,-0.003
-89.914,-1.405,16.013,-9.787,0.244,0.077,0.539,-0.006,-0.004
-89.841,-1.407,15.673,-9.795,0.241,0.119,0.537,-0.004,-0.004
-89.772,-1.407,15.334,-9.792,0.238,0.126,0.536,-0.004,-0.004
-89.753,-1.401,14.997,-9.795,0.231,0.059,0.534,-0.003,-0.003
-89.724,-1.404,14.660,-9.827,0.242,0.078,0.533,-0.004,-0.004
-89.786,-1.401,14.325,-9.790,0.235,-0.057,0.534,-0.006,-0.004
-89.787,-1.389,13.989,-9.822,0.220,0.029,0.533,-0.006,-0.004
-89.819,-1.398,13.653,-9.788,0.250,-0.020,0.533,-0.006,-0.003
-89.812,-1.386,13.317,-9.807,0.218,0.032,0.533,-0.004,-0.004
-89.801,-1.386,12.981,-9.800,0.235,0.041,0.532,-0.004,-0.004
-89.803,-1.383,12.646,-9.807,0.232,0.023,0.532,-0.005,-0.003
-89.785,-1.365,12.310,-9.793,0.207,0.055,0.532,-0.005,-0.003
-89.783,-1.359,11.976,-9.785,0.224,0.032,0.530,-0.005,-0.003
-89.774,-1.352,11.642,-9.804,0.221,0.044,0.531,-0.004,-0.003
-89.771,-1.354,11.307,-9.803,0.232,0.036,0.531,-0.005,-0.004
-89.807,-1.354,10.973,-9.789,0.230,-0.026,0.531,-0.003,-0.003
-89.781,-1.338,10.639,-9.821,0.206,0.066,0.530,-0.005,-0.003
-89.793,-1.344,10.305,-9.804,0.236,0.013,0.530,-0.006,-0.004
-89.727,-1.336,9.971,-9.796,0.217,0.132,0.528,-0.006,-0.003
-89.679,-1.334,9.638,-9.788,0.224,0.114,0.527,-0.005,-0.004
-89.649,-1.332,9.305,-9.793,0.224,0.092,0.527,-0.004,-0.004
-89.635,-1.335,9.004,-9.806,0.233,0.074,0.526,-0.002,-0.003
-89.679,-1.329,8.674,-9.808,0.219,-0.013,0.524,-0.004,-0.004
-89.686,-1.325,8.344,-9.811,0.220,0.036,0.525,-0.005,-0.004
-89.679,-1.321,8.014,-9.808,0.220,0.059,0.523,-0.005,-0.004
-89.653,-1.316,7.714,-9.797,0.217,0.093,0.522,-0.005,-0.004
-89.589,-1.307,7.384,-9.799,0.211,0.151,0.522,-0.004,-0.004
-89.533,-1.305,7.055,-9.799,0.220,0.150,0.520,-0.004,-0.004
-89.460,-1.298,6.727,-9.810,0.214,0.185,0.517,-0.004,-0.003
-89.390,-1.301,6.431,-9.811,0.229,0.206,0.514,-0.005,-0.003
-89.285,-1.295,6.106,-9.819,0.215,0.262,0.512,-0.005,-0.004
-89.149,-1.277,5.783,-9.802,0.198,0.328,0.508,-0.006,-0.003
-88.999,-1.274,5.463,-9.772,0.217,0.373,0.503,-0.006,-0.004
-88.863,-1.279,5.175,-9.788,0.233,0.397,0.497,-0.004,-0.003
-88.739,-1.281,4.862,-9.799,0.227,0.379,0.492,-0.003,-0.004
-88.663,-1.273,4.553,-9.792,0.215,0.325,0.487,-0.002,-0.003
-88.635,-1.272,4.248,-9.785,0.224,0.265,0.483,-0.003,-0.002
-88.652,-1.223,3.973,-9.851,0.143,0.199,0.480,-0.004,-0.003
-88.696,-1.188,3.673,-9.802,0.163,0.159,0.478,-0.005,-0.003
-88.752,-1.196,3.375,-9.785,0.222,0.130,0.475,-0.005,-0.003
-88.818,-1.153,3.078,-9.777,0.144,0.106,0.474,-0.005,-0.003
-88.367,-1.099,2.799,-9.430,0.110,0.929,0.470,0.003,-0.003
-87.327,-1.082,2.496,-9.655,0.177,1.867,0.451,0.023,-0.000
-86.635,-1.090,2.212,-9.739,0.221,1.493,0.430,0.037,0.001
-86.460,-1.103,1.973,-10.122,0.239,0.871,0.414,0.028,-0.001
-86.384,-1.120,1.718,-10.144,0.247,0.731,0.403,0.011,-0.003
-86.982,-1.076,1.480,-9.960,0.144,-0.294,0.395,-0.031,-0.003
-86.822,-1.035,1.258,-9.890,0.133,0.830,0.383,-0.040,-0.003
-86.881,-1.014,1.023,-9.731,0.159,0.485,0.374,-0.044,-0.004
-86.885,-0.968,0.791,-9.667,0.117,0.528,0.369,-0.014,-0.004
-87.371,-0.845,0.566,-9.838,-0.014,-0.233,0.369,0.003,-0.005
-88.343,-0.713,0.339,-9.918,-0.056,-1.098,0.382,0.008,-0.007
-89.027,-0.651,0.123,-10.020,0.016,-0.916,0.391,-0.000,-0.009
-83.300,-0.726,-0.111,-8.437,0.382,18.955,0.263,0.026,-0.005
-79.294,-1.099,-0.214,-10.266,1.040,10.673,0.063,0.023,-0.001
-76.837,-1.212,-0.247,-9.758,0.415,6.520,-0.027,-0.014,0.001
-75.691,-1.266,-0.230,-9.674,0.294,4.287,-0.069,-0.042,0.002
-76.983,-1.083,-0.146,-9.553,-0.093,0.409,-0.095,0.006,-0.001
-80.389,-0.739,-0.035,-9.685,-0.414,-3.506,-0.091,0.026,0.001
-83.353,-0.607,0.036,-10.076,-0.106,-3.369,-0.059,0.006,0.002
-86.232,-0.390,0.063,-9.852,-0.262,-3.655,-0.003,-0.030,0.001
-87.684,-0.273,0.043,-9.938,-0.116,-1.642,0.044,-0.029,0.001
-88.513,-0.236,-0.006,-9.502,-0.010,-0.845,0.084,-0.028,-0.001
-86.179,-0.302,-0.046,-9.681,0.152,4.110,0.046,0.036,-0.002
-86.062,-0.349,-0.052,-9.963,0.126,0.836,0.009,0.015,-0.001
-85.818,-0.371,-0.053,-9.946,0.097,1.093,-0.001,-0.020,0.001
-85.267,-0.393,-0.046,-9.720,0.099,1.611,-0.017,-0.038,0.001
-86.545,-0.289,-0.025,-9.648,-0.096,-1.181,-0.021,0.003,0.000
-88.076,-0.165,-0.020,-9.874,-0.149,-1.867,0.001,0.017,-0.001
-88.306,-0.184,-0.026,-9.805,0.057,-0.035,0.012,0.007,-0.000
-88.050,-0.184,-0.027,-9.879,0.033,0.694,-0.000,0.001,0.000
-88.240,-0.160,-0.025,-9.777,-0.006,0.043,-0.002,-0.006,0.001
-88.292,-0.151,-0.027,-9.785,0.016,0.224,0.004,-0.004,0.001
-87.952,-0.180,-0.025,-9.786,0.070,0.815,-0.006,0.007,0.000
-88.378,-0.141,-0.017,-9.855,-0.029,-0.317,-0.010,0.002,0.001
-88.684,-0.108,-0.012,-9.787,-0.027,-0.189,-0.007,-0.010,0.001
-89.095,-0.074,-0.008,-9.810,-0.034,-0.402,-0.006,-0.013,0.001
-89.739,-0.042,-0.007,-9.762,-0.037,-0.845,-0.000,-0.003,-0.000
-89.580,-0.045,-0.013,-9.773,0.011,0.262,0.009,0.009,-0.001
-89.139,-0.054,-0.015,-9.813,0.022,0.813,0.002,0.016,-0.001
-89.249,-0.044,-0.015,-9.853,-0.005,-0.027,0.001,0.004,0.001
-89.148,-0.067,-0.013,-9.828,0.045,0.301,-0.004,-0.015,0.001
-89.230,-0.056,-0.004,-9.777,-0.005,0.031,-0.014,-0.013,0.001
-89.611,-0.016,0.002,-9.787,-0.053,-0.455,-0.009,-0.005,0.000
-89.664,0.002,-0.000,-9.782,-0.026,-0.022,0.003,0.005,-0.001
-89.688,0.008,-0.003,-9.811,-0.010,0.009,0.004,0.013,-0.000
-90.119,0.037,-0.006,-9.843,-0.048,-0.628,0.004,0.007,-0.001
-89.988,0.020,-0.008,-9.807,0.020,0.188,0.004,-0.005,0.000
-89.529,-0.016,-0.005,-9.789,0.060,0.791,-0.005,-0.002,0.000
-89.427,-0.012,-0.002,-9.805,-0.004,0.241,-0.005,-0.000,0.000
-89.326,-0.017,-0.001,-9.818,0.009,0.252,-0.003,0.003,-0.001
-89.463,-0.024,0.005,-9.837,0.014,-0.093,-0.009,-0.005,0.001
-89.838,-0.013,0.013,-9.812,-0.011,-0.482,-0.013,-0.012,0.001
-90.221,0.005,0.018,-9.807,-0.026,-0.559,-0.008,-0.011,0.000
-89.590,0.001,0.020,-9.718,0.006,0.947,-0.004,-0.006,-0.000
-89.699,0.028,0.023,-9.785,-0.047,-0.123,-0.005,0.007,0.000
-90.149,0.026,0.020,-9.798,-0.001,-0.660,0.003,0.010,0.000
-90.086,0.028,0.019,-9.813,-0.008,0.085,0.002,-0.002,0.001
-90.109,0.020,0.023,-9.792,0.009,-0.048,-0.006,-0.003,0.001
-90.017,0.017,0.024,-9.835,0.003,0.132,-0.001,-0.007,0.001
-89.648,0.001,0.024,-9.790,0.025,0.628,0.000,0.001,0.000
-89.893,0.022,0.024,-9.807,-0.036,-0.361,0.001,0.002,0.000
-90.072,0.015,0.023,-9.834,0.007,-0.260,0.001,-0.001,0.000
-90.190,0.038,0.025,-9.759,-0.041,-0.214,-0.003,0.001,-0.000
-90.201,0.052,0.025,-9.802,-0.028,-0.049,0.000,-0.001,0.001
-89.973,0.034,0.023,-9.809,0.019,0.318,0.003,0.003,-0.000
-90.030,0.034,0.021,-9.793,-0.006,-0.098,0.004,0.005,-0.000
-89.913,0.006,0.020,-9.825,0.038,0.175,0.002,0.003,-0.000
-89.746,-0.003,0.023,-9.803,0.014,0.304,-0.005,-0.004,-0.001
-90.162,0.036,0.026,-9.814,-0.062,-0.605,-0.005,-0.001,-0.001
-89.839,0.027,0.024,-9.747,0.008,0.477,0.002,-0.004,-0.000
-89.722,0.008,0.026,-9.819,0.028,0.224,-0.002,0.004,-0.000
-90.117,0.026,0.026,-9.819,-0.030,-0.572,0.000,0.003,0.000
-90.120,0.021,0.024,-9.839,0.005,-0.023,0.003,-0.002,0.000
-89.837,-0.003,0.025,-9.777,0.033,0.421,-0.003,-0.002,0.000
-90.008,0.010,0.026,-9.829,-0.022,-0.264,-0.001,-0.002,0.000
-89.802,0.001,0.025,-9.787,0.013,0.316,0.002,0.002,0.000
-89.864,0.008,0.024,-9.802,-0.013,-0.072,0.000,0.001,-0.001
-90.066,0.009,0.025,-9.810,-0.002,-0.291,-0.001,-0.001,0.001
-89.957,-0.002,0.026,-9.787,0.016,0.160,-0.001,-0.001,0.000
-90.055,0.015,0.026,-9.811,-0.028,-0.161,0.000,0.001,0.001
-89.973,0.013,0.024,-9.798,0.000,0.117,0.003,0.002,0.000
-89.910,0.004,0.023,-9.815,0.014,0.110,0.001,0.003,-0.000
-89.910,-0.004,0.024,-9.799,0.012,0.014,-0.001,0.001,0.000
-89.814,-0.005,0.025,-9.799,0.002,0.180,-0.002,-0.001,0.001
-90.021,0.015,0.025,-9.814,-0.031,-0.290,-0.000,-0.000,-0.000
-89.943,0.018,0.025,-9.776,-0.007,0.119,0.001,-0.002,0.000
-89.924,0.014,0.025,-9.795,0.004,0.042,-0.001,0.001,-0.000
-90.068,0.020,0.025,-9.801,-0.012,-0.212,0.000,0.001,-0.000
-89.912,0.010,0.024,-9.808,0.014,0.256,0.002,-0.001,-0.000
-89.843,-0.001,0.025,-9.793,0.014,0.122,-0.003,0.001,0.000
-89.955,0.018,0.026,-9.808,-0.029,-0.146,-0.001,-0.001,0.000
-89.915,0.013,0.026,-9.806,0.005,0.074,-0.000,0.002,-0.001
-89.988,0.012,0.027,-9.801,-0.001,-0.099,-0.001,0.000,0.000
-89.967,0.010,0.026,-9.813,0.002,0.038,0.001,-0.001,0.001
-89.877,-0.000,0.027,-9.801,0.014,0.147,-0.001,-0.001,0.000
-89.982,0.009,0.027,-9.812,-0.015,-0.159,0.000,0.000,0.001
-89.933,0.005,0.026,-9.798,0.005,0.080,0.001,0.000,0.000
-89.903,0.004,0.027,-9.816,0.001,0.061,-0.000,0.002,0.000
-89.927,0.008,0.027,-9.805,-0.007,-0.023,-0.001,0.001,-0.000
-89.885,0.005,0.027,-9.802,0.002,0.085,0.001,-0.001,-0.000
-89.925,0.014,0.027,-9.808,-0.014,-0.043,0.000,0.001,-0.000
-89.926,0.014,0.027,-9.811,-0.003,0.010,-0.000,0.000,0.001
-89.915,0.020,0.027,-9.789,-0.011,0.029,-0.000,0.001,0.001
-89.956,0.021,0.027,-9.799,-0.005,-0.054,0.001,-0.000,-0.000
-89.893,0.014,0.026,-9.805,0.007,0.105,0.001,-0.000,0.001
-89.901,0.010,0.027,-9.814,0.005,0.005,-0.001,0.001,0.001
-89.919,0.013,0.028,-9.806,-0.007,-0.016,-0.001,0.002,0.000
-89.862,0.020,0.028,-9.803,-0.013,0.102,-0.001,0.001,-0.000
-89.886,0.021,0.028,-9.808,-0.005,-0.018,-0.000,0.001,0.000
-89.877,0.024,0.028,-9.808,-0.008,0.032,0.000,0.001,0.001
-89.877,0.027,0.029,-9.804,-0.008,0.020,-0.001,0.000,0.000
-89.942,0.033,0.028,-9.802,-0.014,-0.080,0.000,0.000,0.000
-89.910,0.032,0.028,-9.800,-0.005,0.065,0.001,0.001,-0.000
-89.901,0.033,0.028,-9.810,-0.007,0.028,-0.000,0.000,-0.001
-89.944,0.033,0.028,-9.813,-0.007,-0.056,-0.000,0.000,-0.000
-89.912,0.028,0.028,-9.808,0.004,0.059,0.001,0.000,0.001
-89.914,0.023,0.028,-9.803,0.003,0.011,-0.001,0.001,0.000
-89.899,0.023,0.028,-9.802,-0.004,0.036,-0.000,0.002,-0.000
-89.874,0.025,0.029,-9.793,-0.007,0.060,-0.001,0.000,0.000
-89.925,0.026,0.030,-9.810,-0.007,-0.057,-0.001,0.000,0.000
-89.941,0.029,0.030,-9.801,-0.008,-0.014,-0.000,-0.001,0.000
-89.938,0.037,0.030,-9.803,-0.018,0.015,-0.001,-0.000,-0.000
-89.942,0.037,0.030,-9.799,-0.007,0.004,0.000,0.001,-0.000
-89.911,0.032,0.030,-9.811,0.003,0.062,0.001,0.001,0.000
-89.910,0.022,0.030,-9.808,0.013,0.017,0.000,0.001,0.001
-89.915,0.015,0.030,-9.801,0.008,0.007,-0.001,0.000,0.001
-89.912,0.016,0.031,-9.799,-0.004,0.019,-0.000,0.001,0.001
-89.931,0.016,0.030,-9.807,-0.002,-0.015,0.001,0.001,-0.001
-89.913,0.017,0.030,-9.809,-0.005,0.040,0.000,0.001,-0.001
-89.910,0.017,0.030,-9.807,-0.004,0.019,-0.000,0.001,-0.001
-89.923,0.018,0.030,-9.808,-0.004,-0.006,0.000,-0.000,0.000
-89.905,0.012,0.030,-9.806,0.007,0.041,-0.000,0.000,0.001
-89.911,0.012,0.030,-9.811,-0.003,0.005,-0.001,0.001,-0.000
-89.925,0.007,0.031,-9.802,0.007,-0.008,-0.001,0.002,0.000
-89.926,0.002,0.031,-9.798,0.005,0.011,-0.000,0.001,0.000
-89.931,0.002,0.031,-9.808,0.001,0.003,-0.000,0.000,-0.000
-89.909,0.004,0.031,-9.808,-0.004,0.050,-0.000,0.000,0.000
-89.904,0.005,0.031,-9.795,-0.001,0.023,-0.000,0.001,0.000
-89.931,0.010,0.031,-9.792,-0.010,-0.029,0.000,-0.000,-0.000
-89.933,0.015,0.030,-9.796,-0.010,0.009,0.001,-0.000,-0.000
-89.941,0.015,0.030,-9.798,-0.004,-0.002,0.000,0.000,0.000
-89.942,0.020,0.030,-9.804,-0.010,0.010,-0.000,-0.000,0.000
-89.920,0.026,0.030,-9.795,-0.013,0.043,0.001,0.000,0.000
-89.913,0.026,0.030,-9.807,-0.005,0.025,0.000,0.001,-0.000
-89.906,0.024,0.030,-9.795,-0.002,0.024,-0.000,0.001,-0.001
-89.914,0.018,0.030,-9.801,0.006,0.004,-0.000,-0.001,0.000
-89.938,0.015,0.031,-9.802,0.002,-0.023,-0.001,0.000,0.000
-89.938,0.013,0.031,-9.805,0.001,0.012,0.000,0.000,0.000
-89.920,0.015,0.030,-9.805,-0.005,0.038,0.001,0.001,0.000
-89.913,0.016,0.030,-9.812,-0.004,0.025,0.001,0.001,0.000
-89.904,0.016,0.030,-9.796,-0.002,0.030,0.000,-0.000,0.000
-89.914,0.016,0.030,-9.798,-0.003,0.001,-0.000,0.001,0.000
-89.926,0.019,0.030,-9.808,-0.007,-0.006,-0.000,-0.001,0.000
-89.928,0.018,0.030,-9.795,-0.002,0.010,0.000,-0.000,-0.000
-89.925,0.017,0.029,-9.804,-0.002,0.017,0.001,0.000,0.000
-89.921,0.017,0.029,-9.796,-0.002,0.020,0.000,-0.000,0.001
-89.914,0.017,0.029,-9.792,-0.003,0.025,0.000,-0.000,-0.000
-89.917,0.015,0.029,-9.805,0.002,0.008,-0.001,0.001,0.000
-89.925,0.008,0.030,-9.801,0.009,0.002,-0.000,0.001,0.000
-89.925,0.011,0.029,-9.809,-0.007,0.013,0.000,-0.001,0.000
-89.922,0.009,0.030,-9.805,0.001,0.019,-0.001,-0.001,0.000
-89.922,0.011,0.030,-9.807,-0.004,0.013,-0.001,-0.001,0.000
-89.924,0.014,0.030,-9.809,-0.007,0.010,0.000,0.001,-0.000
-89.919,0.017,0.031,-9.813,-0.008,0.021,-0.001,0.000,-0.000
-89.912,0.020,0.031,-9.805,-0.007,0.025,-0.001,0.001,0.000
-89.921,0.026,0.031,-9.803,-0.014,-0.001,-0.000,0.000,0.000
-89.930,0.030,0.031,-9.797,-0.010,0.000,-0.000,0.000,0.000
-89.926,0.027,0.032,-9.803,-0.001,0.017,-0.000,0.001,-0.000
-89.922,0.025,0.032,-9.805,-0.001,0.019,-0.000,0.001,0.001
-89.920,0.024,0.032,-9.811,-0.002,0.016,0.000,0.000,0.001
-89.915,0.025,0.032,-9.808,-0.005,0.022,0.000,0.000,0.000
-89.917,0.029,0.031,-9.807,-0.011,0.010,0.000,0.001,0.000
-89.923,0.025,0.032,-9.803,0.001,0.005,-0.000,-0.000,0.000
-89.924,0.019,0.032,-9.790,0.007,0.011,0.000,0.001,0.001
-89.924,0.019,0.032,-9.804,-0.003,0.012,-0.000,0.001,0.000
-89.919,0.018,0.031,-9.801,-0.002,0.021,0.000,0.001,-0.000
-89.923,0.014,0.032,-9.813,0.003,0.007,-0.001,0.000,0.000
-89.930,0.018,0.032,-9.807,-0.008,0.002,0.000,0.000,0.000
-89.925,0.018,0.032,-9.793,-0.004,0.019,-0.000,0.001,-0.000
-89.929,0.017,0.032,-9.804,-0.001,0.006,0.000,0.000,-0.000
-89.936,0.017,0.032,-9.805,-0.003,0.001,0.000,-0.001,0.000
-89.933,0.011,0.032,-9.808,0.006,0.016,0.000,0.000,0.000
-89.925,0.007,0.032,-9.806,0.006,0.025,-0.000,0.000,-0.000
-89.919,0.005,0.032,-9.801,0.002,0.023,-0.001,0.000,0.000
-89.920,0.007,0.032,-9.801,-0.004,0.011,-0.000,0.001,0.001
-89.923,0.011,0.032,-9.810,-0.008,0.007,0.001,0.001,-0.000
-89.922,0.015,0.032,-9.803,-0.008,0.014,-0.001,0.001,0.000
-89.921,0.015,0.033,-9.801,-0.002,0.016,-0.001,0.000,0.001
-89.921,0.013,0.033,-9.808,0.002,0.014,0.000,0.000,0.001
-89.921,0.011,0.032,-9.795,0.001,0.013,0.000,0.001,-0.001
-89.917,0.012,0.032,-9.805,-0.004,0.018,0.000,0.000,-0.000
-89.917,0.011,0.033,-9.798,-0.002,0.014,-0.001,0.001,-0.000
-89.913,0.012,0.033,-9.801,-0.003,0.020,-0.001,0.001,0.000
-89.918,0.011,0.034,-9.801,0.000,0.005,-0.001,0.000,0.001
-89.925,0.013,0.034,-9.807,-0.005,0.003,-0.000,0.001,0.000
-89.928,0.013,0.034,-9.804,-0.001,0.007,-0.001,0.001,0.000
-89.925,0.011,0.034,-9.804,0.001,0.016,-0.001,0.001,0.000
-89.923,0.010,0.034,-9.805,0.000,0.017,0.000,0.000,-0.000
-89.925,0.010,0.035,-9.804,-0.001,0.010,-0.000,0.000,0.000
-89.918,0.013,0.035,-9.795,-0.008,0.025,0.000,-0.001,-0.000
-89.920,0.012,0.035,-9.798,-0.001,0.011,0.000,0.000,0.000
-89.925,0.012,0.035,-9.802,-0.001,0.004,-0.001,0.001,0.000
-89.927,0.012,0.035,-9.796,-0.003,0.010,-0.001,-0.000,0.000
-89.930,0.017,0.036,-9.800,-0.010,0.007,-0.000,0.001,0.000
-89.940,0.015,0.035,-9.790,-0.001,-0.004,0.000,0.000,-0.000
-89.937,0.010,0.035,-9.799,0.005,0.016,0.000,0.000,-0.000
-89.933,0.009,0.035,-9.795,0.000,0.017,0.001,0.000,-0.001
-89.923,0.011,0.035,-9.806,-0.005,0.029,0.000,0.000,-0.000
-89.927,0.017,0.035,-9.800,-0.011,0.007,0.000,0.000,0.000
-89.936,0.019,0.035,-9.817,-0.007,-0.002,0.000,-0.001,-0.001
-89.930,0.022,0.035,-9.799,-0.007,0.019,-0.001,0.001,-0.000
-89.925,0.025,0.035,-9.807,-0.009,0.021,-0.000,-0.001,-0.001
-89.920,0.023,0.035,-9.810,-0.002,0.021,0.001,0.000,0.000
-89.917,0.026,0.035,-9.808,-0.009,0.019,-0.000,0.000,-0.000
-89.919,0.027,0.035,-9.804,-0.007,0.009,-0.000,0.001,0.000
-89.925,0.028,0.035,-9.807,-0.005,0.004,0.000,0.001,0.000
-89.922,0.026,0.034,-9.804,-0.002,0.019,0.000,-0.001,-0.000
-89.921,0.027,0.034,-9.798,-0.006,0.014,0.000,0.000,0.000
-89.919,0.026,0.034,-9.808,-0.002,0.017,0.000,0.000,0.001
-89.911,0.022,0.035,-9.805,0.004,0.026,-0.001,0.001,0.001
-89.915,0.019,0.035,-9.811,0.001,0.009,-0.000,0.000,0.000
-89.915,0.018,0.035,-9.811,-0.001,0.014,-0.000,0.001,0.000
-89.920,0.020,0.035,-9.810,-0.007,0.006,-0.001,0.001,0.000
-89.926,0.020,0.036,-9.799,-0.003,0.002,-0.001,0.000,0.000
-89.919,0.022,0.036,-9.805,-0.006,0.023,-0.000,-0.000,-0.000
-89.917,0.021,0.036,-9.802,-0.004,0.017,-0.000,0.001,-0.000
-89.913,0.020,0.036,-9.803,-0.001,0.020,-0.000,0.000,0.000
-89.913,0.024,0.036,-9.805,-0.009,0.014,-0.000,0.000,0.001
-89.914,0.025,0.037,-9.802,-0.005,0.014,-0.001,-0.001,0.000
-89.913,0.027,0.037,-9.799,-0.007,0.017,0.000,-0.000,0.001
-89.907,0.020,0.037,-9.796,0.007,0.024,-0.000,0.000,0.001
-89.902,0.018,0.036,-9.804,0.002,0.025,0.001,0.000,0.001
-89.906,0.013,0.037,-9.799,0.005,0.011,-0.001,0.000,0.001
-89.908,0.013,0.037,-9.805,-0.003,0.012,0.000,-0.000,0.000
-89.907,0.011,0.037,-9.796,0.001,0.018,-0.001,0.000,0.000
-89.899,0.009,0.037,-9.799,0.002,0.029,-0.000,0.000,-0.000
-89.904,0.010,0.038,-9.801,-0.003,0.009,-0.000,0.000,0.000
-89.901,0.011,0.038,-9.798,-0.003,0.022,0.000,-0.001,0.000
-89.900,0.008,0.038,-9.798,0.002,0.020,-0.000,-0.000,0.001
-89.903,0.005,0.038,-9.807,0.004,0.011,0.000,0.000,0.001
-89.901,0.000,0.038,-9.809,0.008,0.020,-0.001,0.001,0.000
-89.905,-0.003,0.039,-9.800,0.005,0.010,-0.001,0.001,-0.000
-89.904,-0.004,0.039,-9.798,0.002,0.018,-0.000,0.000,0.000
-89.895,-0.001,0.039,-9.807,-0.004,0.029,0.000,0.000,0.001
-89.890,0.002,0.039,-9.798,-0.005,0.024,0.001,0.001,-0.000
-89.881,0.001,0.038,-9.796,0.002,0.034,0.000,0.001,0.001
-89.882,0.003,0.038,-9.798,-0.002,0.017,0.000,0.001,0.000
-89.891,0.004,0.038,-9.798,-0.002,0.006,0.000,0.000,0.001
-89.895,0.002,0.038,-9.805,0.002,0.010,-0.000,0.000,-0.000
-89.900,0.002,0.039,-9.802,-0.001,0.011,-0.000,-0.000,-0.000
-89.904,0.000,0.039,-9.800,0.002,0.011,-0.001,0.000,-0.001
-89.900,-0.002,0.039,-9.796,0.004,0.023,0.001,0.000,0.000
-89.894,0.002,0.039,-9.798,-0.007,0.025,0.000,0.000,-0.000
-89.893,0.004,0.039,-9.803,-0.003,0.020,0.000,-0.000,-0.001
-89.897,0.008,0.039,-9.804,-0.008,0.013,-0.000,-0.000,0.000
-89.904,0.012,0.039,-9.797,-0.007,0.005,0.000,-0.000,-0.000
-89.902,0.013,0.039,-9.795,-0.004,0.019,0.000,0.001,0.001
-89.902,0.016,0.039,-9.803,-0.006,0.017,-0.000,-0.000,0.001
-89.896,0.019,0.039,-9.805,-0.008,0.026,0.000,0.001,-0.000
-89.893,0.020,0.038,-9.801,-0.004,0.021,0.001,0.001,0.000
-89.893,0.025,0.039,-9.807,-0.012,0.019,-0.000,0.001,-0.000
-89.897,0.030,0.039,-9.801,-0.011,0.011,-0.000,0.000,0.000
-89.899,0.033,0.039,-9.802,-0.010,0.013,0.000,0.001,0.001
-89.896,0.037,0.039,-9.807,-0.013,0.023,0.000,0.000,-0.001
-89.888,0.033,0.039,-9.796,-0.001,0.030,0.000,0.000,-0.000
-89.887,0.032,0.039,-9.804,-0.004,0.021,-0.000,0.000,0.000
-89.895,0.038,0.039,-9.803,-0.015,0.007,0.000,-0.000,0.000
-89.901,0.042,0.038,-9.815,-0.013,0.008,0.001,0.000,0.000
-89.912,0.037,0.038,-9.812,0.001,-0.001,0.000,0.001,-0.000
-89.906,0.038,0.038,-9.802,-0.007,0.025,0.001,0.000,0.000
-89.898,0.034,0.038,-9.807,-0.001,0.028,-0.000,-0.000,0.000
-89.901,0.032,0.038,-9.804,-0.002,0.012,-0.000,0.001,0.000
-89.898,0.028,0.038,-9.801,-0.001,0.022,0.000,0.000,-0.001
-89.902,0.032,0.038,-9.805,-0.010,0.010,-0.000,0.000,0.000
-89.908,0.028,0.039,-9.807,0.000,0.008,-0.000,0.000,-0.000
-89.910,0.028,0.038,-9.804,-0.005,0.013,0.001,0.000,-0.000
-89.915,0.024,0.038,-9.804,0.000,0.007,0.000,0.001,-0.001
-89.913,0.023,0.038,-9.807,-0.002,0.017,0.000,0.000,-0.000
-89.902,0.015,0.038,-9.795,0.008,0.032,-0.000,0.000,-0.000
-89.906,0.014,0.038,-9.793,-0.001,0.009,0.000,0.001,0.000
-89.911,0.012,0.037,-9.800,0.001,0.007,0.001,0.000,0.000
-89.910,0.014,0.037,-9.792,-0.005,0.017,0.001,0.000,0.001
-89.906,0.012,0.037,-9.793,0.002,0.021,-0.000,0.000,0.000
-89.902,0.018,0.037,-9.799,-0.012,0.023,-0.000,0.000,0.000
-89.898,0.017,0.037,-9.806,-0.001,0.023,0.000,-0.000,0.001
-89.900,0.025,0.037,-9.818,-0.016,0.014,0.000,0.000,0.000
-89.902,0.021,0.038,-9.796,0.004,0.014,-0.001,-0.001,0.001
-89.906,0.024,0.038,-9.801,-0.008,0.011,-0.001,-0.001,0.000
-89.908,0.034,0.038,-9.805,-0.021,0.013,-0.001,0.001,0.001
-89.899,0.033,0.038,-9.807,-0.004,0.029,0.000,0.001,0.001
-89.898,0.029,0.038,-9.805,0.001,0.019,-0.000,0.000,0.000
-89.901,0.028,0.038,-9.813,-0.002,0.012,-0.000,0.000,0.000
-89.901,0.020,0.039,-9.802,0.007,0.017,-0.001,-0.000,-0.000
-89.905,0.016,0.039,-9.803,0.003,0.010,-0.000,0.000,0.000
-89.906,0.012,0.039,-9.811,0.004,0.016,-0.001,0.000,-0.000
-89.900,0.010,0.040,-9.805,0.000,0.025,-0.001,0.000,-0.001
-89.899,0.011,0.039,-9.797,-0.004,0.019,0.000,0.000,-0.001
-89.896,0.013,0.039,-9.795,-0.006,0.023,0.000,-0.000,0.000
-89.891,0.016,0.039,-9.802,-0.006,0.025,0.000,0.000,-0.000
-89.894,0.016,0.039,-9.804,-0.002,0.013,0.000,0.000,0.000
-89.897,0.018,0.039,-9.803,-0.006,0.013,0.000,0.001,0.000
-89.892,0.016,0.039,-9.805,0.000,0.025,-0.001,-0.000,0.000
-89.890,0.017,0.039,-9.805,-0.005,0.023,0.000,-0.000,-0.001
-89.885,0.014,0.040,-9.802,0.002,0.027,-0.000,-0.000,0.000
-89.885,0.014,0.040,-9.802,-0.002,0.019,-0.001,0.000,-0.000
-89.886,0.018,0.040,-9.800,-0.010,0.017,-0.001,0.000,0.000
-89.877,0.017,0.041,-9.799,-0.001,0.032,-0.000,0.001,0.000
-89.879,0.017,0.041,-9.798,-0.002,0.018,-0.001,0.001,0.000
-89.879,0.014,0.041,-9.805,0.001,0.019,-0.001,0.000,-0.000
-89.873,0.017,0.041,-9.801,-0.007,0.032,-0.000,0.000,0.000
-89.872,0.016,0.042,-9.805,-0.002,0.024,-0.001,-0.000,0.000
-89.875,0.016,0.042,-9.813,-0.002,0.016,-0.001,-0.001,0.000
-89.880,0.020,0.043,-9.809,-0.010,0.013,-0.001,0.001,-0.000
-89.887,0.025,0.043,-9.804,-0.011,0.010,-0.001,-0.000,0.001
-89.886,0.024,0.043,-9.811,-0.002,0.021,-0.000,-0.000,0.001
-89.878,0.023,0.043,-9.813,-0.002,0.032,-0.000,0.001,-0.000
-89.872,0.021,0.043,-9.801,0.001,0.032,0.000,0.000,0.000
-89.874,0.018,0.044,-9.804,0.001,0.019,-0.001,0.000,-0.000
-89.877,0.014,0.044,-9.810,0.003,0.016,-0.000,-0.000,0.000
-89.882,0.009,0.044,-9.798,0.007,0.013,0.000,0.001,0.000
-89.887,0.010,0.044,-9.798,-0.004,0.011,-0.000,0.001,0.000
-89.881,0.005,0.044,-9.799,0.007,0.028,0.000,0.000,0.000
-89.878,-0.000,0.044,-9.807,0.008,0.025,-0.000,0.001,-0.000
-89.870,-0.000,0.044,-9.808,-0.001,0.032,0.000,0.001,-0.000
-89.871,0.001,0.044,-9.806,-0.002,0.021,-0.000,0.000,-0.000
-89.875,0.008,0.044,-9.807,-0.011,0.015,0.001,0.000,0.000
-89.874,0.011,0.044,-9.808,-0.006,0.023,0.000,0.001,-0.000
-89.872,0.014,0.043,-9.804,-0.007,0.025,0.000,0.000,-0.000
-89.869,0.020,0.043,-9.804,-0.014,0.025,0.000,0.001,-0.001
-89.859,0.020,0.043,-9.798,-0.003,0.038,0.000,0.000,0.000
-89.859,0.019,0.043,-9.795,-0.002,0.025,-0.000,0.000,0.000
-89.859,0.018,0.043,-9.804,-0.001,0.024,0.000,-0.000,0.000
-89.861,0.016,0.043,-9.809,0.001,0.021,-0.000,0.000,0.001
-89.864,0.015,0.043,-9.808,-0.001,0.020,0.000,0.000,-0.000
-89.857,0.020,0.043,-9.799,-0.011,0.034,-0.000,0.001,0.001
-89.850,0.022,0.043,-9.799,-0.007,0.035,-0.000,0.000,0.000
-89.845,0.026,0.044,-9.803,-0.011,0.034,-0.001,0.000,-0.000
-89.847,0.025,0.044,-9.804,-0.002,0.023,-0.000,0.001,-0.000
-89.851,0.021,0.044,-9.810,0.001,0.017,-0.000,0.001,-0.000
-89.862,0.018,0.044,-9.790,0.001,0.008,-0.000,0.001,-0.000
-89.864,0.019,0.045,-9.795,-0.004,0.020,-0.001,0.000,0.000
-89.868,0.027,0.045,-9.792,-0.015,0.017,-0.000,0.000,0.000
-89.861,0.031,0.045,-9.807,-0.011,0.034,0.000,0.001,0.001
-89.864,0.030,0.045,-9.804,-0.002,0.020,0.000,0.000,0.001
-89.869,0.029,0.046,-9.805,-0.004,0.014,-0.001,0.000,0.000
-89.870,0.029,0.046,-9.811,-0.005,0.020,-0.001,0.000,-0.000
-89.870,0.030,0.046,-9.814,-0.007,0.023,-0.000,0.001,0.000
-89.869,0.031,0.046,-9.801,-0.007,0.024,0.001,-0.000,-0.000
-89.870,0.024,0.046,-9.804,0.007,0.020,0.000,0.000,0.001
-89.871,0.021,0.046,-9.796,0.001,0.022,-0.001,-0.000,0.000
-89.871,0.024,0.046,-9.808,-0.007,0.022,0.000,0.000,0.001
-89.871,0.021,0.047,-9.800,0.000,0.022,-0.001,-0.000,0.000
-89.871,0.019,0.047,-9.798,-0.001,0.022,-0.001,0.000,-0.000
-89.873,0.018,0.047,-9.801,-0.001,0.019,0.000,0.000,0.001
-89.869,0.017,0.047,-9.802,0.000,0.028,0.000,0.001,0.000
-89.863,0.017,0.047,-9.811,-0.004,0.031,-0.000,0.001,0.000
-89.868,0.020,0.047,-9.805,-0.007,0.017,-0.000,0.000,0.000
-89.874,0.021,0.047,-9.804,-0.005,0.013,-0.000,-0.001,-0.000
-89.876,0.017,0.047,-9.810,0.002,0.019,0.000,-0.001,-0.000
-89.875,0.018,0.047,-9.807,-0.004,0.022,0.000,0.000,0.000
-89.873,0.020,0.047,-9.819,-0.006,0.025,-0.000,0.000,0.000
-89.877,0.021,0.047,-9.807,-0.005,0.014,-0.000,0.000,0.000
-89.879,0.017,0.048,-9.809,0.002,0.019,-0.000,-0.000,0.000
-89.874,0.017,0.048,-9.814,-0.003,0.029,0.000,0.001,-0.000
-89.884,0.020,0.048,-9.811,-0.008,0.005,0.000,0.001,-0.000
-89.887,0.021,0.047,-9.806,-0.004,0.016,0.000,-0.000,0.001
-89.885,0.019,0.047,-9.798,-0.001,0.023,-0.000,0.000,0.000
-89.881,0.019,0.048,-9.803,-0.003,0.025,-0.000,0.000,0.000
-89.877,0.014,0.048,-9.808,0.004,0.028,-0.000,-0.000,-0.001
-89.881,0.011,0.048,-9.803,0.002,0.013,-0.001,0.000,-0.000
-89.886,0.014,0.048,-9.811,-0.007,0.013,0.000,0.000,0.000
-89.878,0.016,0.048,-9.805,-0.006,0.033,-0.000,0.001,-0.000
-89.871,0.021,0.048,-9.802,-0.011,0.031,-0.000,0.000,-0.000
-89.870,0.021,0.048,-9.795,-0.005,0.024,-0.000,0.000,-0.001
-89.867,0.017,0.049,-9.811,0.004,0.028,-0.001,0.000,0.000
-89.874,0.013,0.050,-9.799,0.004,0.011,-0.001,0.000,0.000
-89.880,0.010,0.050,-9.798,0.003,0.011,-0.001,-0.000,0.000
-89.874,0.013,0.051,-9.808,-0.007,0.031,-0.001,0.000,0.000
-89.872,0.012,0.051,-9.796,-0.001,0.025,-0.001,0.000,0.000
-89.871,0.007,0.051,-9.801,0.007,0.023,0.000,0.001,0.000
-89.863,0.004,0.050,-9.795,0.004,0.034,0.001,0.000,0.000
-89.867,0.008,0.051,-9.799,-0.005,0.017,-0.000,0.001,0.001
-89.865,0.012,0.051,-9.797,-0.008,0.025,-0.001,0.000,0.001
-89.870,0.011,0.051,-9.805,0.001,0.013,0.000,0.001,0.000
-89.873,0.007,0.051,-9.802,0.005,0.017,0.000,0.000,-0.001
-89.873,0.010,0.051,-9.804,-0.006,0.021,0.000,0.000,-0.000
-89.872,0.013,0.051,-9.804,-0.007,0.025,-0.001,-0.001,0.001
-89.872,0.014,0.052,-9.801,-0.005,0.022,-0.000,0.001,-0.000
-89.877,0.024,0.052,-9.811,-0.017,0.014,-0.001,0.001,-0.001
-89.880,0.031,0.052,-9.805,-0.016,0.016,-0.000,0.000,0.000
-89.876,0.030,0.053,-9.802,-0.004,0.025,-0.001,0.000,-0.000
-89.872,0.025,0.053,-9.801,0.004,0.028,-0.001,0.001,-0.000
-89.863,0.032,0.054,-9.810,-0.016,0.036,-0.001,0.001,-0.000
-89.859,0.035,0.055,-9.807,-0.011,0.029,-0.001,0.001,0.000
-89.858,0.040,0.055,-9.813,-0.014,0.025,-0.000,0.001,0.000
-89.852,0.041,0.055,-9.810,-0.008,0.034,-0.001,0.001,-0.000
-89.856,0.040,0.055,-9.804,-0.005,0.019,-0.000,0.000,0.001
-89.859,0.040,0.056,-9.800,-0.005,0.019,-0.000,0.000,0.001
-89.852,0.034,0.056,-9.787,0.003,0.035,0.000,0.000,0.001
-89.847,0.034,0.056,-9.798,-0.005,0.033,-0.000,0.001,0.001
-89.850,0.035,0.056,-9.794,-0.008,0.022,-0.000,0.000,0.000
-89.847,0.023,0.056,-9.796,0.014,0.030,-0.000,0.000,-0.000
-89.856,0.021,0.056,-9.804,-0.001,0.013,-0.001,-0.000,-0.000
-89.857,0.025,0.056,-9.805,-0.009,0.023,0.000,0.000,0.000
-89.850,0.023,0.056,-9.802,-0.002,0.034,0.000,0.000,-0.001
-89.847,0.014,0.056,-9.807,0.011,0.031,-0.000,0.001,-0.001
-89.842,0.014,0.056,-9.798,-0.004,0.032,-0.000,0.001,-0.001
-89.847,0.017,0.056,-9.806,-0.007,0.019,-0.000,0.001,0.000
-89.853,0.023,0.056,-9.811,-0.011,0.016,0.001,0.001,0.000
-89.853,0.020,0.056,-9.798,0.001,0.025,-0.000,0.000,0.000
-89.858,0.022,0.056,-9.801,-0.006,0.017,-0.000,-0.001,0.000
-89.854,0.026,0.056,-9.813,-0.012,0.031,-0.001,0.001,-0.000
-89.852,0.025,0.056,-9.805,-0.003,0.027,0.000,0.001,-0.000
-89.856,0.023,0.056,-9.802,-0.001,0.018,-0.000,0.000,0.000
-89.858,0.028,0.056,-9.796,-0.012,0.021,-0.000,0.000,-0.000
-89.865,0.027,0.057,-9.794,-0.002,0.012,-0.000,0.001,-0.000
-89.862,0.026,0.057,-9.797,-0.004,0.029,-0.000,-0.001,0.000
-89.864,0.027,0.057,-9.808,-0.005,0.020,-0.001,0.000,-0.001
-89.863,0.021,0.057,-9.804,0.005,0.025,-0.000,-0.000,0.000
-89.852,0.015,0.058,-9.812,0.006,0.042,-0.000,-0.001,-0.001
-89.854,0.010,0.058,-9.806,0.004,0.021,-0.001,0.000,-0.001
-89.862,0.010,0.058,-9.810,-0.002,0.012,-0.001,0.000,-0.000
-89.861,0.006,0.059,-9.804,0.004,0.025,-0.001,0.000,-0.000
-89.859,0.009,0.059,-9.809,-0.006,0.026,-0.001,0.001,0.000
-89.851,0.014,0.059,-9.814,-0.008,0.037,0.001,0.000,0.001
-89.848,0.008,0.059,-9.805,0.007,0.029,0.000,0.001,0.001
-89.855,0.008,0.059,-9.807,-0.002,0.016,0.000,-0.001,0.000
-89.863,0.008,0.059,-9.808,-0.001,0.013,0.000,-0.001,-0.000
-89.869,0.010,0.059,-9.807,-0.005,0.014,-0.000,-0.000,-0.001
-89.865,0.011,0.059,-9.804,-0.004,0.029,0.000,-0.000,-0.001
-89.860,0.011,0.059,-9.805,-0.003,0.032,0.000,0.000,-0.000
-89.858,0.013,0.059,-9.802,-0.004,0.027,-0.001,0.000,0.001
-89.859,0.015,0.060,-9.799,-0.005,0.022,-0.000,0.000,0.001
-89.863,0.013,0.060,-9.805,0.000,0.017,-0.001,0.000,0.001
-89.869,0.010,0.060,-9.791,0.004,0.013,-0.000,0.000,-0.000
-89.867,0.008,0.060,-9.787,0.000,0.025,0.000,0.000,-0.000
-89.857,0.012,0.060,-9.796,-0.008,0.040,0.000,0.000,0.000
-89.856,0.009,0.060,-9.796,0.002,0.026,0.000,-0.000,0.000
-89.864,0.013,0.060,-9.809,-0.008,0.011,0.000,0.000,-0.000
-89.870,0.016,0.060,-9.808,-0.008,0.014,0.000,0.000,-0.000
-89.866,0.014,0.060,-9.797,0.001,0.029,-0.001,0.000,0.001
-89.868,0.012,0.060,-9.807,0.001,0.019,-0.000,0.001,-0.000
-89.864,0.011,0.061,-9.806,-0.001,0.028,-0.001,0.000,-0.000
-89.858,0.015,0.061,-9.803,-0.008,0.033,-0.000,0.000,0.000
-89.853,0.017,0.061,-9.819,-0.006,0.033,0.000,-0.000,-0.000
-89.852,0.019,0.061,-9.813,-0.005,0.026,0.000,0.000,0.001
-89.857,0.014,0.061,-9.813,0.005,0.016,0.000,0.000,0.000
-89.862,0.011,0.061,-9.803,0.004,0.016,-0.000,-0.000,0.001
-89.862,0.008,0.061,-9.789,0.004,0.022,-0.000,0.001,0.001
-89.862,0.013,0.061,-9.804,-0.010,0.023,-0.000,0.000,-0.000
-89.866,0.014,0.061,-9.808,-0.005,0.018,-0.000,0.000,-0.000
-89.863,0.012,0.062,-9.804,0.002,0.028,-0.001,0.000,0.000
-89.866,0.018,0.062,-9.801,-0.012,0.020,-0.001,0.000,-0.000
-89.863,0.017,0.062,-9.806,-0.002,0.026,-0.000,0.000,-0.000
-89.864,0.017,0.063,-9.808,-0.002,0.023,-0.000,-0.000,0.000
-89.866,0.017,0.063,-9.805,-0.002,0.019,-0.000,0.001,0.001
-89.866,0.016,0.063,-9.798,0.000,0.023,-0.001,0.001,0.001
-89.862,0.013,0.063,-9.799,0.002,0.029,0.000,0.000,-0.000
-89.864,0.012,0.063,-9.798,0.001,0.020,-0.000,0.000,0.001
-89.865,0.014,0.064,-9.813,-0.005,0.020,-0.000,0.001,0.001
-89.862,0.019,0.063,-9.819,-0.010,0.028,0.000,0.000,0.000
-89.857,0.027,0.063,-9.808,-0.017,0.033,0.000,-0.000,0.000
-89.850,0.035,0.063,-9.806,-0.016,0.034,0.000,0.001,0.000
-89.845,0.030,0.063,-9.813,0.002,0.034,0.000,0.001,0.000
-89.852,0.028,0.063,-9.805,-0.002,0.017,0.000,-0.001,0.000
-89.852,0.031,0.063,-9.798,-0.009,0.025,-0.000,-0.000,0.000
-89.850,0.035,0.064,-9.803,-0.013,0.028,-0.000,0.001,-0.000
-89.857,0.032,0.064,-9.801,-0.002,0.014,-0.000,0.000,-0.001
-89.860,0.030,0.064,-9.813,-0.002,0.020,0.000,0.000,-0.001
-89.860,0.028,0.064,-9.809,-0.002,0.023,-0.001,-0.000,0.001
-89.865,0.026,0.064,-9.805,-0.002,0.016,-0.000,0.000,0.000
-89.865,0.020,0.064,-9.801,0.005,0.023,-0.000,0.001,0.000
-89.871,0.015,0.064,-9.796,0.005,0.013,0.000,0.001,-0.000
-89.873,0.014,0.064,-9.801,-0.001,0.018,0.000,0.000,0.000
-89.873,0.020,0.064,-9.807,-0.011,0.022,-0.000,0.000,0.000
-89.869,0.022,0.064,-9.798,-0.008,0.029,0.000,0.000,-0.001
-89.862,0.026,0.064,-9.799,-0.011,0.033,0.001,0.000,-0.000
-89.859,0.028,0.063,-9.801,-0.008,0.028,0.001,0.000,-0.001
-89.864,0.036,0.064,-9.799,-0.017,0.017,-0.000,0.000,-0.000
-89.866,0.035,0.064,-9.793,-0.005,0.019,0.000,0.001,0.000
-89.864,0.029,0.064,-9.800,0.004,0.025,-0.000,0.001,0.000
-89.859,0.027,0.064,-9.801,-0.001,0.031,-0.000,0.000,-0.000
-89.853,0.029,0.064,-9.793,-0.008,0.034,-0.001,0.001,0.000
-89.853,0.032,0.065,-9.804,-0.011,0.023,-0.001,0.001,-0.000
-89.856,0.032,0.064,-9.801,-0.006,0.020,0.001,0.001,-0.001
-89.856,0.033,0.064,-9.804,-0.008,0.025,0.000,-0.000,0.000
-89.854,0.032,0.065,-9.809,-0.003,0.028,-0.001,0.000,0.001
-89.851,0.029,0.065,-9.807,-0.001,0.030,-0.001,-0.000,-0.000
-89.853,0.029,0.065,-9.791,-0.005,0.022,0.000,0.000,0.001
-89.851,0.031,0.065,-9.796,-0.008,0.029,-0.000,-0.000,0.000
-89.843,0.024,0.065,-9.802,0.006,0.037,-0.000,0.001,-0.000
-89.843,0.026,0.065,-9.801,-0.007,0.027,0.000,0.000,0.000
-89.846,0.023,0.065,-9.805,-0.002,0.023,0.001,0.000,-0.001
-89.851,0.024,0.065,-9.807,-0.006,0.016,-0.000,0.001,-0.000
-89.852,0.030,0.065,-9.807,-0.013,0.024,0.000,-0.000,0.000
-89.855,0.033,0.065,-9.798,-0.011,0.022,0.000,-0.001,-0.000
-89.864,0.033,0.065,-9.800,-0.006,0.011,-0.000,-0.001,-0.000
-89.865,0.036,0.065,-9.802,-0.009,0.022,-0.001,0.000,0.000
-89.864,0.037,0.066,-9.804,-0.009,0.025,-0.001,0.000,-0.000
-89.866,0.042,0.066,-9.806,-0.014,0.020,-0.001,0.000,0.000
-89.862,0.042,0.066,-9.806,-0.007,0.031,0.000,-0.001,0.001
-89.860,0.039,0.066,-9.798,-0.002,0.026,0.000,0.000,-0.000
-89.861,0.038,0.066,-9.802,-0.004,0.021,0.000,0.001,0.001
-89.854,0.042,0.066,-9.802,-0.013,0.034,-0.000,0.001,-0.000
-89.856,0.041,0.066,-9.792,-0.005,0.022,0.000,0.001,0.000
-89.859,0.043,0.066,-9.801,-0.009,0.020,-0.000,0.001,0.001
-89.856,0.037,0.066,-9.812,0.004,0.029,0.000,-0.000,0.000
-89.857,0.033,0.065,-9.815,0.001,0.023,0.000,0.000,0.001
-89.859,0.037,0.065,-9.809,-0.012,0.020,0.000,0.001,0.001
-89.853,0.036,0.066,-9.802,-0.004,0.035,-0.000,0.001,0.001
-89.854,0.035,0.065,-9.798,-0.003,0.022,0.000,0.001,0.001
-89.856,0.034,0.065,-9.799,-0.005,0.023,0.001,-0.000,0.000
-89.858,0.038,0.065,-9.802,-0.011,0.021,0.000,0.000,0.000
-89.859,0.041,0.065,-9.801,-0.012,0.023,-0.000,0.001,0.000
-89.859,0.037,0.065,-9.814,0.002,0.024,0.000,0.001,0.001
-89.854,0.038,0.065,-9.808,-0.009,0.032,-0.000,0.000,-0.000
-89.852,0.030,0.066,-9.798,0.008,0.028,-0.001,0.000,0.000
-89.854,0.026,0.066,-9.804,0.001,0.021,0.000,-0.000,0.000
-89.851,0.026,0.066,-9.802,-0.005,0.029,-0.001,0.001,-0.000
-89.845,0.027,0.066,-9.806,-0.005,0.035,0.000,0.001,-0.000
-89.848,0.024,0.066,-9.809,0.000,0.023,0.000,-0.001,-0.000
-89.849,0.024,0.066,-9.802,-0.005,0.024,-0.001,0.000,-0.000
-89.849,0.026,0.066,-9.807,-0.007,0.025,-0.000,0.001,0.001
-89.848,0.024,0.067,-9.810,-0.001,0.026,-0.000,0.001,-0.000
-89.840,0.026,0.066,-9.807,-0.007,0.040,0.000,0.000,0.000
-89.843,0.028,0.066,-9.801,-0.008,0.023,0.001,0.000,0.001
-89.844,0.033,0.066,-9.807,-0.013,0.024,0.000,0.001,0.000
-89.843,0.035,0.066,-9.795,-0.010,0.028,-0.001,0.000,-0.001
-89.837,0.031,0.066,-9.808,0.002,0.038,0.000,0.000,0.001
-89.836,0.025,0.066,-9.809,0.004,0.028,-0.001,0.001,-0.000
-89.835,0.027,0.067,-9.805,-0.009,0.029,-0.001,0.000,-0.001
-89.842,0.027,0.067,-9.798,-0.005,0.017,0.000,0.001,-0.000
-89.845,0.028,0.067,-9.803,-0.006,0.021,-0.000,0.001,-0.000
-89.842,0.026,0.067,-9.798,-0.001,0.031,-0.000,0.000,0.000
-89.839,0.026,0.067,-9.801,-0.005,0.031,0.001,0.001,0.000
-89.843,0.030,0.067,-9.813,-0.010,0.020,0.000,0.001,0.000
-89.840,0.033,0.067,-9.801,-0.011,0.033,0.000,-0.000,0.000
-89.840,0.032,0.067,-9.807,-0.004,0.028,0.000,0.000,-0.000
-89.845,0.031,0.066,-9.813,-0.004,0.019,0.000,-0.000,0.000
-89.848,0.033,0.066,-9.804,-0.008,0.021,0.000,0.000,0.000
-89.851,0.034,0.066,-9.797,-0.007,0.021,0.001,0.000,-0.000
-89.855,0.038,0.066,-9.803,-0.012,0.019,0.000,0.001,0.000
-89.852,0.034,0.066,-9.805,-0.001,0.028,0.000,0.001,0.000
-89.851,0.030,0.066,-9.801,0.002,0.027,-0.000,0.000,0.001
-89.856,0.029,0.066,-9.799,-0.002,0.018,0.000,0.000,0.000
-89.856,0.025,0.066,-9.803,0.001,0.024,0.000,-0.000,0.000
-89.861,0.022,0.066,-9.802,0.002,0.017,0.000,0.000,0.000
-89.858,0.017,0.066,-9.801,0.004,0.028,0.000,0.000,0.000
-89.854,0.017,0.066,-9.804,-0.003,0.031,0.000,0.001,0.000
-89.855,0.021,0.066,-9.813,-0.009,0.022,-0.000,0.001,0.000
-89.856,0.022,0.066,-9.807,-0.006,0.023,-0.000,0.000,-0.000
-89.859,0.024,0.067,-9.801,-0.007,0.020,-0.001,-0.001,0.000
-89.863,0.021,0.067,-9.802,0.001,0.017,0.000,0.000,0.001
-89.860,0.018,0.067,-9.811,0.002,0.028,0.000,0.001,0.001
-89.856,0.020,0.067,-9.819,-0.005,0.030,-0.001,0.001,0.001
-89.857,0.020,0.067,-9.803,-0.004,0.023,-0.001,0.000,-0.000
-89.860,0.019,0.068,-9.806,-0.002,0.020,-0.000,-0.000,0.000
-89.863,0.019,0.068,-9.801,-0.003,0.019,-0.001,0.000,0.000
-89.864,0.018,0.068,-9.810,-0.001,0.020,0.000,0.001,0.000
-89.864,0.015,0.069,-9.816,0.002,0.023,-0.001,0.000,-0.000
-89.863,0.024,0.069,-9.807,-0.017,0.025,-0.000,0.000,0.000
-89.859,0.026,0.069,-9.808,-0.008,0.030,0.000,0.001,0.000
-89.861,0.030,0.069,-9.810,-0.010,0.020,-0.000,0.000,0.000
-89.868,0.031,0.069,-9.805,-0.007,0.012,-0.000,0.000,-0.000
-89.869,0.025,0.069,-9.803,0.003,0.021,-0.000,0.001,-0.000
-89.866,0.019,0.070,-9.810,0.006,0.027,-0.001,0.001,0.000
-89.862,0.019,0.070,-9.802,-0.004,0.028,0.000,0.000,-0.001
-89.863,0.025,0.070,-9.804,-0.014,0.023,0.000,-0.000,-0.000
-89.857,0.030,0.070,-9.807,-0.013,0.032,0.000,0.000,0.000
-89.855,0.025,0.070,-9.803,0.004,0.028,0.000,0.000,-0.000
-89.862,0.022,0.069,-9.798,-0.001,0.014,0.001,0.001,-0.001
-89.866,0.026,0.069,-9.802,-0.009,0.016,0.000,0.000,0.001
-89.861,0.026,0.069,-9.807,-0.005,0.030,-0.000,0.001,0.000
-89.860,0.026,0.069,-9.810,-0.005,0.025,-0.000,0.000,-0.001
-89.861,0.026,0.070,-9.808,-0.005,0.023,-0.001,0.000,-0.000
-89.862,0.024,0.070,-9.801,0.000,0.022,-0.000,0.001,0.000
-89.864,0.020,0.070,-9.802,0.002,0.019,-0.000,0.001,0.000
-89.861,0.016,0.070,-9.793,0.005,0.027,0.000,0.001,0.001
-89.861,0.018,0.070,-9.801,-0.006,0.024,0.000,0.001,0.000
-89.852,0.015,0.069,-9.804,0.001,0.037,0.001,0.001,0.001
-89.848,0.012,0.069,-9.806,0.004,0.031,0.000,0.000,0.001
-89.855,0.011,0.069,-9.793,0.001,0.014,0.000,0.000,0.000
-89.860,0.009,0.069,-9.797,0.001,0.017,0.001,0.001,0.000
-89.862,0.006,0.069,-9.806,0.004,0.020,0.000,0.000,-0.000
-89.863,0.011,0.069,-9.799,-0.010,0.020,-0.000,0.000,-0.000
-89.859,0.005,0.069,-9.810,0.007,0.029,-0.000,0.001,-0.000
-89.853,0.003,0.069,-9.803,0.002,0.034,-0.001,0.001,-0.000
-89.852,0.006,0.069,-9.807,-0.005,0.027,0.000,0.000,-0.000
-89.848,0.009,0.069,-9.815,-0.006,0.032,-0.001,0.001,-0.000
-89.849,0.008,0.070,-9.811,-0.002,0.025,-0.000,-0.000,-0.001
-89.846,0.012,0.070,-9.800,-0.008,0.031,-0.001,-0.000,-0.001
-89.848,0.021,0.070,-9.799,-0.017,0.022,-0.000,0.001,0.001
-89.859,0.030,0.070,-9.799,-0.016,0.009,0.000,-0.000,0.000
-89.854,0.031,0.070,-9.805,-0.008,0.033,0.000,0.000,-0.000
-89.849,0.034,0.070,-9.805,-0.010,0.032,0.001,0.000,0.000
-89.847,0.028,0.069,-9.804,0.004,0.031,0.001,-0.000,-0.001
-89.858,0.032,0.069,-9.803,-0.011,0.009,-0.000,-0.000,0.000
-89.864,0.032,0.070,-9.813,-0.007,0.014,-0.000,0.000,-0.001
-89.864,0.027,0.070,-9.813,0.002,0.023,-0.000,0.001,-0.000
-89.865,0.024,0.070,-9.802,0.001,0.022,-0.000,-0.000,0.001
-89.863,0.020,0.070,-9.796,0.002,0.026,-0.001,-0.000,0.000
-89.860,0.013,0.070,-9.802,0.008,0.028,-0.000,0.000,0.000
-89.861,0.012,0.070,-9.794,-0.001,0.021,0.001,0.001,-0.000
-89.863,0.014,0.070,-9.794,-0.005,0.021,0.001,0.000,0.000
-89.862,0.014,0.070,-9.797,-0.002,0.024,-0.000,0.000,0.000
-89.869,0.015,0.069,-9.809,-0.004,0.011,0.001,0.001,0.000
-89.864,0.017,0.069,-9.791,-0.006,0.031,0.000,0.000,0.000
-89.858,0.019,0.069,-9.796,-0.007,0.033,0.000,0.001,-0.000
-89.865,0.018,0.069,-9.793,-0.001,0.013,-0.000,0.000,0.000
-89.868,0.017,0.069,-9.812,-0.001,0.017,-0.000,0.000,-0.000
-89.871,0.016,0.070,-9.800,-0.002,0.018,-0.000,-0.000,-0.000
-89.874,0.017,0.069,-9.808,-0.005,0.018,0.001,0.000,0.000
-89.869,0.016,0.069,-9.807,0.000,0.028,-0.000,0.001,0.001
-89.867,0.015,0.069,-9.802,0.001,0.025,0.000,0.000,0.001
-89.873,0.013,0.069,-9.794,0.001,0.013,-0.000,0.001,0.000
-89.873,0.014,0.069,-9.802,-0.004,0.021,0.001,0.000,0.001
-89.872,0.016,0.069,-9.810,-0.005,0.023,-0.000,0.000,0.000
-89.872,0.012,0.070,-9.803,0.004,0.022,-0.000,-0.001,0.000
-89.868,0.013,0.070,-9.802,-0.005,0.029,-0.001,0.000,-0.000
-89.867,0.013,0.070,-9.809,-0.003,0.025,-0.000,0.000,-0.000
-89.875,0.015,0.070,-9.803,-0.006,0.010,0.000,0.000,-0.001
-89.873,0.015,0.070,-9.807,-0.002,0.024,0.000,0.000,0.000
-89.867,0.015,0.070,-9.799,-0.004,0.032,0.001,0.000,-0.001
-89.864,0.019,0.070,-9.799,-0.008,0.028,0.000,0.000,0.001
-89.859,0.016,0.069,-9.798,0.002,0.032,0.001,-0.000,-0.000
-89.863,0.016,0.069,-9.799,-0.003,0.017,0.001,0.000,-0.000
-89.859,0.016,0.069,-9.814,-0.002,0.031,-0.000,-0.000,0.000
-89.863,0.015,0.069,-9.809,-0.002,0.017,-0.001,-0.000,0.000
-89.864,0.014,0.069,-9.799,-0.001,0.022,-0.000,0.000,-0.000
-89.864,0.018,0.069,-9.802,-0.009,0.022,0.000,0.001,0.000
-89.863,0.018,0.069,-9.801,-0.004,0.026,0.000,-0.000,-0.000
-89.861,0.023,0.069,-9.804,-0.013,0.025,0.000,0.000,-0.000
-89.852,0.024,0.068,-9.801,-0.005,0.037,0.001,0.001,0.000
-89.851,0.026,0.068,-9.804,-0.007,0.027,0.001,0.001,0.000
-89.857,0.029,0.068,-9.796,-0.010,0.015,0.000,0.001,0.000
-89.860,0.029,0.068,-9.816,-0.006,0.019,0.000,0.001,-0.000
-89.852,0.035,0.068,-9.808,-0.014,0.037,0.000,0.001,0.001
-89.850,0.043,0.068,-9.800,-0.018,0.028,0.000,0.000,0.000
-89.852,0.046,0.068,-9.786,-0.012,0.024,0.000,-0.000,-0.000
-89.854,0.048,0.068,-9.802,-0.011,0.022,-0.000,0.000,-0.000
-89.864,0.042,0.068,-9.801,0.001,0.007,-0.000,0.001,0.000
-89.868,0.041,0.068,-9.790,-0.005,0.017,-0.000,0.001,0.000
-89.861,0.036,0.068,-9.798,0.002,0.034,0.001,0.001,0.001
-89.863,0.034,0.068,-9.811,-0.002,0.020,-0.001,0.000,0.000
-89.861,0.033,0.068,-9.806,-0.004,0.028,0.000,-0.000,-0.001
-89.860,0.034,0.068,-9.811,-0.008,0.024,0.000,0.000,0.000
-89.865,0.036,0.068,-9.804,-0.008,0.015,0.000,0.001,-0.000
-89.867,0.035,0.068,-9.799,-0.005,0.020,-0.000,-0.000,0.000
-89.869,0.032,0.068,-9.807,0.001,0.019,0.000,0.000,0.000
-89.875,0.032,0.068,-9.806,-0.007,0.013,0.000,-0.001,-0.001
-89.869,0.030,0.068,-9.808,-0.004,0.030,-0.001,0.000,-0.001
-89.867,0.028,0.068,-9.810,-0.002,0.026,-0.000,-0.000,0.000
-89.871,0.020,0.068,-9.811,0.010,0.014,-0.000,0.000,0.000
-89.871,0.015,0.068,-9.814,0.004,0.023,0.000,0.000,-0.000
-89.874,0.013,0.069,-9.810,0.001,0.017,-0.001,0.000,0.000
-89.875,0.014,0.069,-9.813,-0.004,0.019,-0.001,0.001,-0.001
-89.866,0.011,0.069,-9.805,0.002,0.036,-0.000,0.000,-0.001
-89.860,0.011,0.069,-9.805,-0.002,0.032,0.000,0.000,-0.000
-89.863,0.013,0.069,-9.791,-0.006,0.017,0.000,0.001,0.000
-89.854,0.013,0.069,-9.793,-0.001,0.040,0.000,0.000,0.000
-89.854,0.017,0.069,-9.789,-0.008,0.024,-0.000,0.000,0.000
-89.855,0.024,0.069,-9.791,-0.016,0.023,0.000,0.000,0.000
-89.855,0.023,0.069,-9.802,-0.003,0.025,0.000,0.000,-0.000
-89.859,0.027,0.069,-9.805,-0.010,0.017,0.001,0.001,0.001
-89.863,0.029,0.069,-9.805,-0.007,0.018,0.000,0.000,0.000
-89.861,0.025,0.068,-9.816,0.002,0.025,0.000,0.001,0.000
-89.866,0.018,0.068,-9.807,0.007,0.016,0.000,0.000,-0.000
-89.867,0.014,0.068,-9.795,0.003,0.020,0.000,0.001,-0.000
-89.866,0.011,0.069,-9.795,0.003,0.025,-0.000,0.000,-0.000
-89.865,0.005,0.069,-9.807,0.008,0.025,0.000,-0.000,-0.000
-89.861,0.007,0.068,-9.805,-0.007,0.028,0.000,0.001,-0.001
-89.857,0.010,0.069,-9.802,-0.006,0.029,-0.000,0.001,-0.000
-89.857,0.018,0.069,-9.793,-0.014,0.024,-0.000,0.001,-0.000
-89.859,0.019,0.069,-9.797,-0.005,0.020,0.000,0.001,0.001
-89.857,0.020,0.069,-9.805,-0.005,0.028,-0.001,-0.000,-0.000
-89.852,0.026,0.069,-9.801,-0.014,0.034,-0.000,-0.001,-0.000
-89.852,0.026,0.070,-9.804,-0.004,0.025,-0.001,0.000,-0.000
-89.846,0.017,0.070,-9.808,0.010,0.035,-0.000,0.000,0.000
-89.843,0.009,0.070,-9.799,0.010,0.031,-0.000,0.001,-0.000
-89.839,0.007,0.070,-9.791,0.002,0.032,-0.000,0.000,0.000
-89.839,0.007,0.070,-9.806,-0.002,0.028,-0.000,-0.001,-0.000
-89.843,0.016,0.071,-9.790,-0.016,0.021,-0.000,0.000,0.000
-89.849,0.019,0.071,-9.790,-0.007,0.017,-0.000,0.000,0.000
-89.850,0.021,0.071,-9.797,-0.007,0.025,0.000,0.000,0.000
-89.853,0.027,0.070,-9.797,-0.013,0.020,0.001,0.000,0.000
-89.853,0.030,0.071,-9.801,-0.010,0.025,-0.001,-0.000,0.000
-89.853,0.038,0.071,-9.801,-0.019,0.025,-0.000,0.000,-0.001
-89.861,0.038,0.071,-9.807,-0.007,0.012,-0.000,0.000,-0.000
-89.852,0.034,0.071,-9.811,0.000,0.037,-0.000,0.001,-0.000
-89.846,0.031,0.071,-9.805,-0.001,0.036,-0.000,0.000,0.000
-89.853,0.035,0.071,-9.795,-0.010,0.016,-0.000,0.000,0.000
-89.852,0.036,0.071,-9.802,-0.007,0.028,0.000,-0.001,0.001
-89.844,0.033,0.071,-9.806,-0.002,0.037,0.000,0.000,0.000
-89.846,0.031,0.071,-9.803,-0.001,0.023,0.001,0.001,0.001
-89.843,0.028,0.070,-9.806,0.000,0.032,0.001,-0.001,0.001
-89.840,0.023,0.070,-9.813,0.004,0.031,0.000,0.000,0.000
-89.846,0.020,0.070,-9.811,0.001,0.018,0.000,0.001,-0.000
-89.849,0.021,0.070,-9.801,-0.005,0.021,0.001,0.000,0.000
-89.850,0.022,0.070,-9.810,-0.006,0.023,0.000,0.001,-0.000
-89.854,0.020,0.070,-9.799,-0.001,0.019,0.000,0.000,0.000
-89.851,0.019,0.070,-9.799,-0.002,0.031,0.000,0.000,-0.000
-89.854,0.015,0.070,-9.816,0.004,0.022,-0.000,-0.000,0.000
-89.855,0.011,0.070,-9.805,0.002,0.024,-0.001,-0.000,-0.001
-89.849,0.009,0.070,-9.804,0.001,0.034,-0.001,0.000,-0.001
-89.850,0.010,0.071,-9.803,-0.003,0.024,-0.000,-0.000,-0.001
-89.849,0.013,0.071,-9.808,-0.008,0.027,-0.000,-0.001,-0.000
-89.848,0.015,0.070,-9.798,-0.004,0.029,0.001,0.000,0.000
-89.850,0.014,0.070,-9.798,-0.001,0.023,0.000,-0.001,0.001
-89.848,0.013,0.070,-9.786,-0.001,0.029,0.000,-0.000,-0.000
-89.843,0.012,0.070,-9.803,-0.001,0.033,0.000,0.001,-0.001
-89.847,0.010,0.071,-9.808,0.001,0.020,-0.001,0.001,0.000
-89.848,0.009,0.071,-9.793,-0.001,0.024,-0.000,0.001,0.000
-89.845,0.014,0.071,-9.799,-0.010,0.032,-0.001,0.000,0.000
-89.847,0.018,0.071,-9.804,-0.009,0.023,0.000,-0.000,-0.000
-89.848,0.020,0.071,-9.812,-0.007,0.023,-0.000,0.001,-0.000
-89.849,0.021,0.071,-9.805,-0.004,0.023,0.000,0.000,0.001
-89.851,0.014,0.072,-9.798,0.006,0.025,-0.001,-0.000,-0.001
-89.848,0.013,0.072,-9.795,-0.001,0.030,-0.000,-0.000,-0.000
-89.843,0.014,0.072,-9.793,-0.004,0.034,-0.000,0.001,-0.001
-89.846,0.012,0.072,-9.801,0.002,0.021,-0.000,0.000,0.000
-89.852,0.010,0.072,-9.798,0.000,0.016,0.000,0.000,-0.000
-89.858,0.011,0.072,-9.805,-0.003,0.015,-0.000,0.001,-0.001
-89.867,0.015,0.073,-9.799,-0.008,0.011,-0.001,-0.000,-0.000
-89.862,0.021,0.073,-9.795,-0.013,0.030,0.000,0.000,0.000
-89.855,0.021,0.073,-9.797,-0.004,0.036,0.000,0.000,-0.000
-89.852,0.022,0.073,-9.799,-0.007,0.028,-0.000,0.001,-0.001
-89.851,0.024,0.073,-9.797,-0.007,0.028,-0.001,-0.001,-0.001
-89.852,0.025,0.073,-9.802,-0.005,0.023,-0.000,0.001,0.001
-89.855,0.025,0.073,-9.810,-0.005,0.021,0.000,0.000,-0.000
-89.851,0.024,0.073,-9.802,-0.002,0.030,0.000,0.000,-0.000
-89.850,0.027,0.073,-9.799,-0.010,0.028,0.000,0.000,-0.000
-89.846,0.029,0.073,-9.805,-0.007,0.031,0.000,0.000,0.000
-89.845,0.023,0.073,-9.802,0.004,0.028,-0.000,0.000,-0.001
-89.852,0.022,0.073,-9.804,-0.002,0.016,-0.001,0.000,-0.000
-89.858,0.020,0.073,-9.805,0.000,0.013,0.001,0.001,0.000
-89.856,0.022,0.073,-9.795,-0.006,0.028,-0.001,0.001,0.000
-89.853,0.026,0.073,-9.799,-0.010,0.028,0.000,0.001,0.000
-89.848,0.027,0.074,-9.811,-0.007,0.034,-0.000,0.001,0.000
-89.844,0.030,0.073,-9.802,-0.008,0.031,0.000,0.001,0.000
-89.843,0.027,0.073,-9.795,-0.001,0.027,-0.000,0.001,-0.000
-89.843,0.027,0.074,-9.801,-0.004,0.027,-0.000,0.001,0.000
-89.849,0.024,0.074,-9.799,0.001,0.016,-0.001,0.000,-0.000
-89.852,0.015,0.074,-9.811,0.010,0.022,0.001,-0.000,0.000
-89.853,0.017,0.073,-9.802,-0.007,0.022,0.001,0.001,0.000
-89.851,0.020,0.073,-9.807,-0.007,0.028,0.000,0.001,-0.000
-89.851,0.019,0.073,-9.802,-0.002,0.024,-0.000,0.000,0.000
-89.858,0.022,0.073,-9.795,-0.007,0.014,0.000,0.000,0.000
-89.860,0.024,0.073,-9.799,-0.008,0.021,-0.000,0.001,-0.000
-89.863,0.026,0.073,-9.793,-0.007,0.019,0.000,0.000,-0.000
-89.863,0.029,0.073,-9.803,-0.011,0.023,0.000,0.000,-0.000
-89.854,0.025,0.073,-9.809,0.002,0.037,0.000,0.001,0.001
-89.850,0.026,0.073,-9.801,-0.007,0.033,-0.001,-0.001,-0.000
-89.852,0.024,0.073,-9.796,-0.001,0.023,0.000,0.000,-0.000
-89.852,0.021,0.073,-9.801,0.001,0.025,-0.000,0.000,0.000
-89.854,0.026,0.073,-9.801,-0.012,0.023,-0.000,0.000,-0.000
-89.856,0.028,0.073,-9.800,-0.007,0.021,0.000,0.001,-0.000
-89.850,0.029,0.074,-9.799,-0.007,0.034,-0.001,0.000,0.000
-89.851,0.029,0.074,-9.802,-0.005,0.023,0.000,0.000,-0.000
-89.848,0.027,0.074,-9.800,-0.001,0.029,0.000,0.000,0.000
-89.847,0.022,0.074,-9.807,0.004,0.028,-0.000,0.001,0.000
-89.859,0.021,0.074,-9.794,-0.001,0.007,0.000,0.001,0.001
-89.860,0.019,0.074,-9.796,0.000,0.022,-0.000,0.001,0.000
-89.855,0.022,0.073,-9.810,-0.008,0.032,0.001,0.000,0.001
-89.850,0.028,0.074,-9.805,-0.013,0.032,-0.000,0.001,0.000
-89.846,0.031,0.074,-9.801,-0.008,0.032,-0.001,0.001,0.001
-89.848,0.035,0.074,-9.796,-0.013,0.022,0.000,0.000,0.000
-89.850,0.035,0.074,-9.802,-0.005,0.023,-0.001,0.000,0.001
-89.856,0.036,0.074,-9.808,-0.008,0.016,-0.001,0.000,-0.000
-89.863,0.035,0.074,-9.802,-0.004,0.013,0.001,0.001,-0.000
-89.860,0.034,0.074,-9.801,-0.004,0.027,-0.000,0.000,-0.000
-89.861,0.030,0.074,-9.802,0.001,0.023,0.000,0.001,-0.000
-89.863,0.025,0.074,-9.798,0.001,0.020,-0.001,-0.000,-0.000
-89.868,0.019,0.075,-9.805,0.007,0.014,-0.001,0.001,0.000
-89.865,0.021,0.075,-9.805,-0.007,0.028,-0.001,0.001,-0.000
