-89.899,0.023,-0.047,-9.818,-0.002,0.029,0.000,0.000,-0.001
-89.900,0.023,-0.047,-9.820,-0.004,0.016,0.000,0.000,0.000
-89.895,0.024,-0.046,-9.823,-0.006,0.024,-0.001,0.000,-0.000
-89.881,0.030,-0.047,-9.820,-0.013,0.040,0.001,0.000,0.000
-89.885,0.034,-0.047,-9.819,-0.012,0.014,-0.000,0.000,0.000
-89.887,0.036,-0.047,-9.825,-0.009,0.017,0.001,-0.001,-0.000
-89.881,0.032,-0.047,-9.823,0.000,0.028,0.000,0.000,-0.000
-89.889,0.030,-0.047,-9.823,-0.002,0.008,0.000,0.000,0.001
-89.881,0.028,-0.047,-9.803,-0.001,0.032,-0.001,0.000,0.000
-89.883,0.027,-0.047,-9.806,-0.003,0.017,0.000,-0.000,0.000
-89.893,0.021,-0.047,-9.817,0.004,0.005,0.000,0.000,0.000
-89.892,0.019,-0.047,-9.811,0.000,0.020,0.000,-0.001,0.000
-89.894,0.021,-0.047,-9.814,-0.005,0.016,-0.000,-0.001,0.000
-89.897,0.018,-0.047,-9.819,0.000,0.014,0.001,-0.001,-0.001
-89.890,0.020,-0.048,-9.815,-0.007,0.029,0.000,-0.001,0.000
-89.897,0.020,-0.048,-9.817,-0.004,0.008,0.000,-0.001,-0.000
-89.894,0.019,-0.048,-9.814,-0.001,0.023,0.001,-0.001,0.001
-89.901,0.014,-0.048,-9.822,0.004,0.009,0.000,-0.001,-0.000
-89.906,0.017,-0.048,-9.811,-0.007,0.008,0.000,0.000,-0.000
-89.903,0.013,-0.048,-9.811,0.002,0.022,-0.000,0.000,-0.000
-89.907,0.010,-0.049,-9.817,0.004,0.009,0.001,0.000,0.001
-89.911,0.007,-0.049,-9.820,0.003,0.010,0.000,-0.001,-0.001
-89.910,0.005,-0.049,-9.820,0.001,0.017,0.000,-0.000,-0.000
-89.906,0.001,-0.049,-9.811,0.005,0.022,-0.000,0.000,-0.000
-89.906,0.003,-0.049,-9.814,-0.003,0.016,0.001,0.001,0.000
-89.908,0.003,-0.049,-9.815,0.000,0.012,0.000,0.000,0.000
-89.907,0.002,-0.050,-9.808,0.002,0.018,0.000,-0.000,0.001
-89.900,-0.001,-0.050,-9.822,0.005,0.026,0.000,0.001,0.000
-89.898,-0.007,-0.050,-9.815,0.011,0.020,0.000,0.001,-0.000
-89.899,-0.009,-0.050,-9.812,0.004,0.016,0.000,-0.001,0.000
-89.893,-0.006,-0.050,-9.819,-0.002,0.026,0.000,-0.000,0.000
-89.893,-0.000,-0.050,-9.816,-0.008,0.020,-0.000,-0.000,0.000
-89.892,-0.002,-0.050,-9.813,0.003,0.019,0.000,0.000,0.000
-89.888,-0.005,-0.050,-9.818,0.004,0.026,-0.000,-0.000,0.000
-89.883,0.004,-0.050,-9.817,-0.014,0.026,0.000,-0.000,-0.001
-89.883,0.001,-0.050,-9.810,0.004,0.020,-0.000,0.001,-0.000
-89.891,0.000,-0.050,-9.806,0.001,0.008,-0.000,-0.000,0.000
-89.886,0.003,-0.050,-9.819,-0.006,0.028,-0.000,-0.001,-0.000
-89.888,0.010,-0.050,-9.819,-0.010,0.017,-0.001,-0.001,0.000
-89.887,0.012,-0.049,-9.817,-0.005,0.022,-0.000,-0.001,0.000
-89.885,0.007,-0.050,-9.814,0.005,0.022,0.000,0.000,-0.000
-89.896,0.005,-0.050,-9.821,0.002,0.003,0.001,-0.000,0.000
-89.901,0.006,-0.050,-9.809,-0.003,0.010,0.000,-0.000,0.000
-89.904,0.008,-0.050,-9.820,-0.003,0.013,-0.001,-0.001,0.000
-89.909,0.009,-0.050,-9.827,-0.004,0.008,0.001,0.000,0.001
-89.900,0.011,-0.051,-9.825,-0.004,0.032,0.001,-0.001,0.000
-89.907,0.011,-0.051,-9.820,-0.001,0.007,0.000,-0.000,0.001
-89.909,0.013,-0.051,-9.804,-0.005,0.013,0.000,0.000,-0.001
-89.913,0.014,-0.050,-9.813,-0.005,0.010,-0.001,-0.001,-0.000
-89.920,0.010,-0.051,-9.810,0.005,0.005,0.000,-0.000,-0.000
-89.921,0.008,-0.051,-9.813,0.000,0.012,0.000,-0.000,-0.000
-89.918,0.010,-0.051,-9.816,-0.003,0.019,0.000,0.000,0.000
-89.919,0.011,-0.050,-9.810,-0.005,0.013,-0.001,-0.001,-0.001
-89.917,0.005,-0.050,-9.806,0.008,0.017,0.000,-0.000,0.000
-89.923,0.005,-0.050,-9.807,0.000,0.004,-0.000,-0.000,0.000
-89.924,0.003,-0.051,-9.812,0.002,0.013,0.000,-0.001,0.000
-89.915,-0.004,-0.050,-9.813,0.011,0.026,-0.000,0.000,0.000
-89.914,-0.003,-0.050,-9.810,-0.002,0.018,0.000,-0.001,0.000
-89.905,0.001,-0.051,-9.819,-0.005,0.029,0.000,-0.001,0.000
-89.903,0.005,-0.050,-9.815,-0.007,0.019,-0.000,-0.000,0.000
-89.900,0.008,-0.051,-9.830,-0.005,0.023,0.000,-0.001,-0.000
-89.899,0.012,-0.051,-9.808,-0.009,0.018,0.000,-0.001,-0.000
-89.903,0.012,-0.051,-9.805,-0.001,0.013,0.000,-0.001,0.000
-89.896,0.007,-0.052,-9.805,0.006,0.028,0.001,-0.000,0.000
-89.888,0.004,-0.052,-9.827,0.004,0.031,0.000,0.000,-0.000
-89.891,0.009,-0.052,-9.827,-0.010,0.014,0.000,-0.000,-0.001
-89.891,0.012,-0.052,-9.824,-0.005,0.020,0.001,-0.000,0.000
-89.901,0.009,-0.052,-9.819,0.003,0.001,0.000,0.000,-0.000
-89.904,0.006,-0.052,-9.813,0.002,0.012,0.000,-0.001,-0.000
-89.901,0.012,-0.052,-9.816,-0.010,0.023,0.000,-0.001,0.000
-89.898,0.012,-0.053,-9.822,-0.004,0.023,0.000,-0.001,-0.000
-89.889,0.017,-0.052,-9.825,-0.009,0.031,-0.000,-0.001,0.000
-89.879,0.016,-0.052,-9.818,-0.002,0.035,0.000,-0.001,-0.001
-89.890,0.017,-0.052,-9.817,-0.005,0.004,0.000,-0.000,-0.001
-89.897,0.014,-0.053,-9.821,0.002,0.009,0.000,-0.001,-0.000
-89.903,0.017,-0.053,-9.819,-0.008,0.007,0.001,-0.000,-0.000
-89.904,0.014,-0.053,-9.823,0.002,0.016,0.000,-0.000,0.000
-89.899,0.008,-0.053,-9.810,0.006,0.024,0.000,-0.001,0.000
-89.892,0.003,-0.053,-9.811,0.008,0.028,-0.000,-0.000,0.001
-89.891,-0.000,-0.053,-9.817,0.005,0.022,-0.001,-0.000,0.000
-89.897,0.005,-0.052,-9.820,-0.008,0.010,-0.000,-0.000,-0.000
-89.903,0.009,-0.052,-9.815,-0.007,0.008,-0.000,-0.001,-0.000
-89.909,0.010,-0.052,-9.816,-0.004,0.008,-0.000,0.000,-0.000
-89.911,0.014,-0.052,-9.822,-0.008,0.013,0.001,-0.000,-0.000
-89.913,0.018,-0.053,-9.814,-0.010,0.013,0.001,-0.001,0.000
-89.911,0.017,-0.053,-9.825,-0.001,0.019,-0.000,-0.000,-0.001
-89.917,0.013,-0.053,-9.822,0.004,0.004,0.000,-0.001,-0.000
-89.923,0.016,-0.053,-9.824,-0.007,0.006,0.001,0.000,0.000
-89.923,0.014,-0.054,-9.814,0.001,0.013,0.001,-0.001,0.000
-89.922,0.016,-0.053,-9.826,-0.006,0.016,-0.000,-0.000,0.000
-89.915,0.011,-0.054,-9.817,0.005,0.024,0.000,-0.000,-0.000
-89.918,0.010,-0.053,-9.813,-0.001,0.010,-0.000,-0.000,-0.001
-89.902,0.010,-0.054,-9.808,-0.003,0.039,0.000,-0.001,-0.001
-89.906,0.010,-0.054,-9.813,-0.002,0.011,0.000,-0.000,-0.001
-89.911,0.009,-0.054,-9.809,-0.001,0.008,0.000,0.000,-0.000
-89.898,0.012,-0.054,-9.812,-0.005,0.038,0.001,0.000,0.000
-89.910,0.014,-0.054,-9.811,-0.007,-0.001,-0.000,-0.001,-0.001
-89.902,0.012,-0.053,-9.818,0.001,0.028,-0.001,0.000,0.000
-89.893,0.006,-0.053,-9.813,0.008,0.031,-0.001,0.001,-0.000
-89.900,0.007,-0.053,-9.816,-0.004,0.007,-0.000,-0.000,-0.000
-89.897,0.006,-0.053,-9.817,0.001,0.022,0.001,0.000,-0.000
-89.903,0.005,-0.053,-9.812,0.001,0.008,0.000,0.000,-0.001
-89.902,0.002,-0.053,-9.817,0.002,0.017,-0.000,0.000,-0.001
-89.894,0.002,-0.053,-9.804,0.000,0.032,0.000,-0.000,0.000
-89.915,0.002,-0.053,-9.811,-0.001,-0.015,0.000,0.001,-0.001
-89.977,0.002,-0.054,-9.812,-0.001,-0.083,0.001,-0.000,0.000
-90.030,0.004,-0.055,-9.812,-0.004,-0.080,0.002,0.002,-0.000
-90.152,0.011,-0.058,-9.807,-0.012,-0.199,0.005,0.003,-0.000
-90.242,0.027,-0.062,-9.818,-0.029,-0.186,0.007,0.006,0.000
-90.341,0.033,-0.068,-9.784,-0.013,-0.202,0.010,0.008,-0.001
-90.351,0.040,-0.076,-9.802,-0.017,-0.083,0.013,0.009,-0.000
-90.147,0.021,-0.084,-9.811,0.022,0.250,0.012,0.007,-0.001
-89.892,-0.001,-0.087,-9.840,0.035,0.408,0.006,0.005,0.000
-89.659,-0.018,-0.088,-9.834,0.026,0.383,0.001,-0.000,0.000
-89.561,-0.023,-0.088,-9.819,0.010,0.212,-0.001,-0.001,-0.000
-89.682,-0.010,-0.086,-9.805,-0.017,-0.112,-0.002,-0.001,-0.000
-89.887,0.013,-0.087,-9.802,-0.034,-0.266,0.000,0.001,0.000
-89.991,0.027,-0.089,-9.804,-0.025,-0.145,0.003,0.003,-0.000
-89.953,0.020,-0.091,-9.814,0.006,0.058,0.003,0.003,-0.000
-89.852,0.004,-0.092,-9.851,0.022,0.165,0.003,0.001,-0.000
-89.699,-0.007,-0.093,-9.808,0.019,0.289,0.001,-0.002,0.000
-89.603,-0.015,-0.091,-9.816,0.014,0.202,-0.003,-0.001,0.001
-89.733,-0.001,-0.089,-9.818,-0.020,-0.133,-0.003,-0.001,-0.000
-89.863,0.011,-0.089,-9.805,-0.019,-0.156,-0.001,-0.001,0.000
-89.917,0.015,-0.089,-9.812,-0.008,-0.060,0.001,0.000,-0.000
-89.922,0.017,-0.090,-9.813,-0.006,0.006,0.001,0.000,0.000
-89.790,0.013,-0.090,-9.819,0.004,0.218,0.000,0.000,0.001
-89.697,0.009,-0.089,-9.822,0.005,0.198,-0.002,-0.002,0.000
-89.698,0.006,-0.088,-9.816,0.003,0.053,-0.003,-0.003,0.000
-89.705,-0.002,-0.085,-9.811,0.013,0.045,-0.004,-0.004,0.001
-89.737,-0.002,-0.082,-9.820,0.001,0.005,-0.005,-0.004,0.001
-89.785,0.003,-0.079,-9.805,-0.008,-0.027,-0.004,-0.003,0.000
-89.795,-0.000,-0.077,-9.806,0.005,0.025,-0.004,-0.003,0.000
-89.814,-0.004,-0.074,-9.814,0.005,0.010,-0.004,-0.004,-0.001
-89.846,0.002,-0.072,-9.819,-0.009,-0.016,-0.004,-0.003,-0.000
-89.850,-0.002,-0.069,-9.814,0.007,0.023,-0.004,-0.004,0.000
-89.827,-0.006,-0.067,-9.820,0.006,0.065,-0.003,-0.004,0.001
-89.811,-0.007,-0.064,-9.828,0.002,0.058,-0.004,-0.003,-0.000
-89.803,-0.014,-0.061,-9.814,0.012,0.048,-0.005,-0.004,0.000
-89.827,-0.013,-0.058,-9.813,0.001,0.001,-0.005,-0.005,-0.001
-89.857,-0.004,-0.055,-9.808,-0.011,-0.013,-0.005,-0.005,0.000
-90.018,0.004,-0.052,-9.811,-0.013,-0.223,-0.004,-0.002,-0.001
-90.062,0.007,-0.051,-9.802,-0.007,-0.072,-0.001,-0.001,-0.001
-90.105,0.018,-0.051,-9.811,-0.019,-0.077,0.000,0.000,-0.001
-90.168,0.018,-0.052,-9.809,-0.004,-0.116,0.002,0.000,-0.000
-90.035,0.010,-0.053,-9.817,0.008,0.178,0.001,-0.000,-0.001
-89.913,0.005,-0.053,-9.823,0.007,0.202,-0.001,0.001,0.000
-89.940,0.012,-0.052,-9.814,-0.011,-0.026,-0.001,0.000,0.001
-89.919,0.009,-0.052,-9.816,0.003,0.042,0.000,-0.000,0.000
-89.906,0.006,-0.051,-9.815,0.003,0.036,-0.002,-0.001,-0.000
-89.989,0.014,-0.051,-9.816,-0.014,-0.127,-0.001,0.000,0.000
-89.948,0.011,-0.051,-9.814,0.001,0.066,0.001,0.000,0.000
-89.938,0.010,-0.051,-9.816,-0.001,0.025,-0.000,-0.000,0.000
-89.957,0.014,-0.051,-9.820,-0.007,-0.020,0.000,0.000,0.000
-89.924,0.009,-0.051,-9.819,0.007,0.065,0.000,-0.000,0.000
-89.915,0.017,-0.051,-9.808,-0.014,0.028,-0.001,-0.001,0.000
-89.940,0.023,-0.051,-9.820,-0.014,-0.023,0.000,-0.001,-0.000
-89.927,0.019,-0.051,-9.811,0.004,0.031,-0.000,-0.000,0.001
-89.936,0.019,-0.051,-9.816,-0.004,-0.004,0.001,0.000,0.000
-89.931,0.015,-0.051,-9.829,0.003,0.019,0.000,0.000,-0.000
-89.894,0.009,-0.052,-9.830,0.005,0.070,0.000,-0.001,-0.001
-89.904,0.008,-0.051,-9.813,0.001,0.004,-0.001,-0.000,0.000
-89.905,0.010,-0.051,-9.820,-0.004,0.015,-0.000,-0.000,0.000
-89.913,0.010,-0.051,-9.817,-0.001,0.005,-0.000,-0.001,0.000
-89.908,0.010,-0.051,-9.820,-0.002,0.022,0.000,0.000,-0.000
-89.905,0.014,-0.051,-9.818,-0.008,0.020,-0.000,-0.000,0.000
-89.916,0.016,-0.051,-9.815,-0.005,0.000,0.001,0.000,0.000
-89.906,0.016,-0.052,-9.817,-0.004,0.032,0.001,-0.001,-0.001
-89.898,0.020,-0.052,-9.819,-0.009,0.028,0.001,-0.000,-0.001
-89.904,0.022,-0.052,-9.820,-0.008,0.008,0.000,0.000,-0.001
-89.904,0.020,-0.053,-9.815,-0.001,0.016,0.001,0.000,0.000
-89.903,0.020,-0.053,-9.816,-0.004,0.017,0.000,0.001,-0.000
-89.894,0.019,-0.053,-9.819,-0.001,0.031,0.000,-0.000,0.000
-89.897,0.017,-0.053,-9.815,-0.001,0.013,0.000,0.001,-0.001
-89.915,0.015,-0.054,-9.819,0.001,-0.013,0.001,0.000,-0.000
-89.917,0.017,-0.055,-9.814,-0.006,0.011,0.001,0.001,-0.000
-89.911,0.013,-0.056,-9.808,0.004,0.023,0.001,0.000,0.000
-89.886,0.017,-0.056,-9.822,-0.010,0.059,0.001,0.000,0.000
-89.855,0.019,-0.056,-9.825,-0.005,0.068,0.000,-0.000,0.000
-89.834,0.015,-0.056,-9.822,0.003,0.059,-0.001,-0.001,0.000
-89.862,0.019,-0.055,-9.820,-0.009,-0.015,-0.001,-0.001,0.000
-89.886,0.023,-0.055,-9.813,-0.010,-0.014,0.000,0.000,0.001
-89.925,0.029,-0.055,-9.821,-0.013,-0.047,-0.000,-0.000,0.000
-89.924,0.027,-0.056,-9.831,-0.002,0.014,0.001,0.000,-0.001
-89.918,0.022,-0.057,-9.814,0.004,0.020,0.001,0.002,0.000
-89.904,0.022,-0.057,-9.817,-0.005,0.039,0.001,0.001,-0.000
-89.854,0.015,-0.058,-9.819,0.008,0.095,0.000,-0.000,0.001
-89.814,0.016,-0.057,-9.825,-0.004,0.087,-0.001,-0.001,0.000
-89.815,0.021,-0.055,-9.813,-0.009,0.032,-0.003,-0.002,0.001
-89.829,0.024,-0.054,-9.822,-0.008,0.013,-0.002,-0.003,0.001
-89.846,0.029,-0.053,-9.813,-0.011,0.002,-0.002,-0.002,0.000
-89.923,0.033,-0.052,-9.825,-0.013,-0.093,-0.001,-0.001,-0.000
-89.946,0.031,-0.053,-9.810,-0.002,-0.021,0.000,-0.001,0.000
-89.903,0.030,-0.053,-9.801,-0.004,0.075,-0.000,0.000,0.001
-89.932,0.034,-0.052,-9.808,-0.010,-0.027,-0.000,-0.001,0.001
-89.903,0.029,-0.052,-9.828,0.004,0.057,-0.001,-0.001,0.002
-89.846,0.017,-0.052,-9.819,0.016,0.116,-0.001,-0.001,-0.000
-89.871,0.017,-0.051,-9.818,-0.004,-0.011,-0.002,-0.002,-0.000
-89.909,0.020,-0.050,-9.814,-0.008,-0.036,-0.001,-0.002,-0.001
-89.907,0.017,-0.050,-9.806,0.001,0.020,0.000,-0.001,-0.001
-89.945,0.021,-0.051,-9.812,-0.010,-0.042,0.001,-0.000,-0.001
-89.972,0.022,-0.051,-9.822,-0.005,-0.034,0.000,0.000,0.000
-89.944,0.024,-0.052,-9.823,-0.007,0.048,0.001,-0.000,-0.000
-89.916,0.027,-0.052,-9.813,-0.008,0.054,0.001,-0.000,0.000
-89.906,0.027,-0.052,-9.796,-0.006,0.032,0.000,0.000,-0.000
-89.879,0.026,-0.052,-9.808,-0.002,0.057,-0.000,0.000,0.001
-89.865,0.026,-0.051,-9.819,-0.005,0.044,-0.001,-0.001,0.000
-89.905,0.029,-0.051,-9.814,-0.010,-0.038,-0.001,-0.000,-0.001
-89.925,0.040,-0.051,-9.810,-0.022,-0.016,-0.000,-0.000,-0.000
-89.948,0.044,-0.051,-9.827,-0.014,-0.023,-0.000,0.001,-0.000
-89.969,0.035,-0.051,-9.823,0.007,-0.025,0.000,0.000,-0.000
-89.952,0.026,-0.052,-9.818,0.008,0.035,0.001,0.001,-0.001
-89.911,0.027,-0.052,-9.819,-0.006,0.072,0.000,0.000,-0.000
-89.899,0.021,-0.052,-9.817,0.004,0.034,0.000,-0.001,-0.001
-89.893,0.022,-0.052,-9.813,-0.007,0.029,0.001,-0.001,-0.001
-89.877,0.023,-0.052,-9.823,-0.005,0.044,-0.000,-0.001,0.000
-89.896,0.026,-0.052,-9.814,-0.009,-0.008,-0.000,-0.000,-0.000
-89.908,0.031,-0.052,-9.820,-0.012,0.000,0.000,-0.000,-0.000
-89.917,0.030,-0.053,-9.820,-0.005,0.001,0.001,-0.001,0.000
-89.903,0.026,-0.053,-9.813,0.003,0.037,-0.000,0.000,0.001
-89.892,0.025,-0.052,-9.821,-0.002,0.035,-0.000,-0.000,0.000
-89.896,0.021,-0.052,-9.813,0.001,0.013,-0.000,-0.000,-0.001
-89.894,0.024,-0.052,-9.810,-0.008,0.022,0.000,-0.001,-0.000
-89.904,0.029,-0.052,-9.826,-0.011,0.004,0.000,-0.000,0.000
-89.898,0.036,-0.053,-9.817,-0.016,0.025,0.001,0.000,0.001
-89.889,0.029,-0.053,-9.814,0.006,0.034,0.000,-0.001,-0.000
-89.884,0.024,-0.053,-9.820,0.003,0.028,0.000,-0.001,-0.001
-89.877,0.021,-0.053,-9.816,-0.001,0.031,0.000,-0.001,-0.000
-89.885,0.020,-0.053,-9.816,-0.001,0.010,0.000,-0.000,-0.000
-89.899,0.019,-0.053,-9.806,-0.002,-0.004,0.000,-0.001,0.000
-89.895,0.018,-0.053,-9.811,-0.002,0.025,-0.000,-0.001,0.000
-89.891,0.017,-0.053,-9.820,-0.001,0.026,-0.000,-0.001,0.000
-89.884,0.017,-0.053,-9.821,-0.002,0.029,0.000,-0.000,0.000
-89.879,0.022,-0.053,-9.816,-0.011,0.027,-0.001,0.000,0.000
-89.888,0.020,-0.052,-9.819,0.001,0.007,-0.001,-0.000,-0.000
-89.898,0.016,-0.052,-9.814,0.002,0.004,-0.001,0.000,-0.000
-89.905,0.014,-0.052,-9.823,0.000,0.006,0.000,-0.000,0.000
-89.904,0.010,-0.052,-9.810,0.005,0.020,-0.000,-0.002,0.000
-89.897,0.008,-0.052,-9.814,0.003,0.029,-0.000,-0.001,0.001
-89.903,0.007,-0.052,-9.808,0.000,0.008,0.000,0.000,-0.000
-89.911,0.014,-0.052,-9.809,-0.013,0.005,0.001,-0.001,-0.000
-89.912,0.014,-0.052,-9.811,-0.002,0.014,0.000,-0.001,-0.000
-89.906,0.019,-0.052,-9.814,-0.012,0.026,0.000,-0.000,-0.000
-89.907,0.018,-0.052,-9.810,-0.002,0.014,0.000,-0.001,-0.000
-89.901,0.024,-0.052,-9.810,-0.013,0.026,-0.000,-0.001,0.000
-89.895,0.022,-0.052,-9.809,-0.002,0.028,0.000,-0.000,-0.000
-89.903,0.022,-0.053,-9.803,-0.002,0.005,0.001,0.000,0.000
-89.909,0.021,-0.053,-9.813,-0.002,0.007,0.001,0.000,0.000
-89.906,0.019,-0.054,-9.816,-0.001,0.020,0.001,-0.000,0.000
-89.906,0.023,-0.054,-9.814,-0.010,0.016,0.001,0.000,0.000
-89.902,0.026,-0.054,-9.813,-0.008,0.023,0.001,0.000,0.000
-89.898,0.019,-0.054,-9.816,0.007,0.023,0.000,0.000,0.001
-89.894,0.017,-0.054,-9.817,0.001,0.024,0.000,0.000,0.001
-89.896,0.019,-0.054,-9.820,-0.007,0.014,-0.001,0.001,0.001
-89.905,0.022,-0.054,-9.816,-0.008,0.003,0.000,0.000,0.000
-89.906,0.025,-0.055,-9.829,-0.008,0.014,0.001,0.000,0.000
-89.908,0.022,-0.055,-9.826,-0.001,0.014,0.000,-0.000,-0.001
-89.903,0.022,-0.055,-9.814,-0.004,0.022,0.000,0.000,0.000
-89.903,0.016,-0.055,-9.812,0.007,0.016,0.001,0.000,0.000
-89.906,0.016,-0.055,-9.823,-0.002,0.011,-0.000,0.000,0.000
-89.915,0.013,-0.055,-9.817,0.002,0.003,-0.000,-0.000,0.001
-89.920,0.015,-0.055,-9.822,-0.005,0.007,-0.000,0.000,-0.000
-89.915,0.017,-0.055,-9.820,-0.007,0.022,0.000,0.000,-0.000
-89.920,0.017,-0.055,-9.825,-0.003,0.008,0.000,-0.001,0.000
-89.923,0.018,-0.055,-9.818,-0.004,0.010,-0.000,-0.001,0.000
-89.921,0.019,-0.055,-9.816,-0.004,0.016,0.000,0.000,0.000
-89.924,0.015,-0.055,-9.807,0.003,0.009,0.000,-0.000,-0.000
-89.924,0.014,-0.055,-9.823,-0.002,0.014,0.001,-0.001,-0.001
-89.919,0.014,-0.055,-9.823,-0.003,0.020,-0.001,-0.000,-0.000
-89.916,0.012,-0.055,-9.815,0.001,0.020,-0.000,-0.001,-0.001
-89.913,0.011,-0.055,-9.817,-0.002,0.020,0.000,-0.001,-0.000
-89.911,0.007,-0.055,-9.813,0.006,0.018,0.000,-0.000,0.001
-89.918,0.006,-0.055,-9.815,-0.001,0.004,-0.000,-0.001,0.000
-89.923,0.008,-0.055,-9.804,-0.005,0.008,0.000,-0.000,-0.000
-89.917,0.008,-0.055,-9.808,-0.001,0.022,0.000,-0.000,-0.000
-89.907,0.004,-0.055,-9.811,0.005,0.030,-0.000,-0.000,0.001
-89.872,0.015,-0.054,-9.811,-0.019,0.077,-0.001,-0.001,0.000
-89.907,0.020,-0.054,-9.818,-0.011,-0.032,-0.001,-0.000,-0.000
-89.922,0.017,-0.053,-9.813,0.002,-0.006,-0.001,-0.001,-0.000
-89.939,0.011,-0.053,-9.824,0.005,-0.014,-0.000,0.001,0.000
-89.988,0.013,-0.053,-9.819,-0.004,-0.066,0.000,-0.000,0.000
-89.947,0.012,-0.054,-9.826,0.000,0.066,0.001,0.000,0.001
-89.920,0.009,-0.053,-9.818,0.002,0.056,-0.001,-0.001,0.000
-89.898,0.006,-0.053,-9.807,0.004,0.050,-0.000,-0.001,-0.000
-89.851,0.007,-0.053,-9.812,-0.004,0.091,-0.001,-0.000,0.000
-89.826,0.008,-0.051,-9.798,-0.002,0.065,-0.002,-0.001,0.000
-89.852,0.006,-0.050,-9.828,0.000,-0.012,-0.002,0.000,-0.000
-89.922,0.013,-0.049,-9.814,-0.013,-0.095,-0.002,0.001,-0.000
-89.967,0.007,-0.048,-9.816,0.007,-0.057,-0.001,0.001,0.000
-89.960,0.010,-0.048,-9.801,-0.005,0.017,-0.000,-0.001,-0.000
-89.966,0.006,-0.048,-9.806,0.004,-0.003,0.000,-0.001,-0.001
-89.951,0.003,-0.048,-9.809,0.002,0.029,-0.001,-0.000,-0.000
-89.914,0.005,-0.048,-9.826,-0.004,0.066,-0.000,-0.001,-0.000
-89.916,0.006,-0.047,-9.816,-0.002,0.014,-0.000,-0.001,-0.000
-89.902,0.007,-0.047,-9.816,-0.002,0.038,-0.001,-0.002,0.000
-89.901,0.006,-0.046,-9.814,0.000,0.019,-0.001,-0.001,-0.001
-89.930,0.007,-0.046,-9.818,-0.004,-0.028,0.000,-0.001,-0.001
-89.939,0.006,-0.046,-9.820,0.002,-0.001,-0.000,-0.001,0.001
-89.943,0.011,-0.046,-9.822,-0.010,0.005,-0.000,-0.001,0.000
-89.933,0.013,-0.046,-9.818,-0.005,0.025,0.000,0.000,-0.000
-89.914,0.015,-0.046,-9.823,-0.005,0.042,-0.000,-0.001,0.000
-89.906,0.010,-0.046,-9.826,0.007,0.029,0.000,-0.001,0.000
-89.904,0.009,-0.046,-9.815,-0.001,0.019,-0.000,-0.001,0.000
-89.903,0.015,-0.046,-9.808,-0.010,0.019,-0.000,-0.001,0.001
-89.912,0.019,-0.046,-9.816,-0.007,0.002,0.000,-0.000,0.000
-89.912,0.019,-0.046,-9.816,-0.003,0.016,0.000,0.000,0.001
-89.918,0.020,-0.046,-9.811,-0.005,0.007,0.000,-0.001,-0.001
-89.914,0.026,-0.046,-9.811,-0.014,0.020,-0.000,-0.001,-0.000
-89.898,0.023,-0.045,-9.811,0.000,0.041,-0.001,-0.001,0.000
-89.878,0.017,-0.045,-9.802,0.006,0.050,0.000,-0.001,-0.000
-89.856,0.012,-0.045,-9.813,0.005,0.057,-0.001,0.000,-0.000
-89.896,0.013,-0.044,-9.825,-0.004,-0.037,-0.001,0.000,-0.001
-89.928,0.016,-0.044,-9.828,-0.008,-0.033,0.000,0.001,0.000
-89.931,0.019,-0.044,-9.822,-0.007,0.007,-0.000,-0.000,0.000
-89.944,0.020,-0.044,-9.820,-0.005,-0.007,0.000,-0.001,0.000
-89.927,0.020,-0.044,-9.810,-0.004,0.038,0.000,-0.000,0.000
-89.926,0.020,-0.044,-9.820,-0.004,0.015,-0.000,0.000,-0.001
-89.919,0.015,-0.044,-9.813,0.003,0.023,-0.001,-0.001,-0.001
-89.922,0.020,-0.043,-9.813,-0.010,0.010,-0.000,-0.000,0.000
-89.921,0.028,-0.043,-9.815,-0.015,0.016,-0.001,-0.001,0.000
-89.929,0.027,-0.043,-9.822,-0.003,0.001,-0.001,0.000,0.000
-89.893,0.021,-0.042,-9.811,0.005,0.068,-0.001,-0.000,0.000
-89.906,0.024,-0.041,-9.821,-0.009,-0.003,-0.001,0.000,-0.000
-89.917,0.030,-0.041,-9.813,-0.013,-0.001,-0.000,-0.000,-0.000
-89.913,0.031,-0.041,-9.811,-0.006,0.022,-0.001,-0.001,0.001
-89.915,0.028,-0.040,-9.819,0.000,0.012,-0.001,-0.001,0.001
-89.907,0.029,-0.040,-9.815,-0.006,0.030,-0.000,-0.000,0.001
-89.904,0.028,-0.039,-9.825,-0.004,0.020,-0.001,-0.000,-0.000
-89.897,0.023,-0.039,-9.816,0.002,0.029,-0.001,-0.002,0.000
-89.859,0.027,-0.038,-9.807,-0.010,0.077,-0.001,0.000,-0.000
-89.864,0.024,-0.038,-9.822,-0.001,0.016,-0.001,0.000,-0.000
-89.893,0.031,-0.037,-9.828,-0.014,-0.022,-0.002,0.000,-0.000
-89.898,0.034,-0.036,-9.822,-0.010,0.011,-0.001,-0.001,0.000
-89.888,0.034,-0.036,-9.813,-0.007,0.035,-0.000,-0.001,0.000
-89.885,0.036,-0.036,-9.820,-0.008,0.026,-0.001,-0.001,0.000
-89.893,0.035,-0.036,-9.799,-0.005,0.008,0.000,-0.001,0.000
-89.864,0.032,-0.036,-9.808,-0.002,0.064,-0.000,-0.000,-0.001
-89.861,0.035,-0.035,-9.817,-0.011,0.027,-0.001,0.001,-0.000
-89.895,0.032,-0.034,-9.819,-0.001,-0.030,-0.001,-0.000,0.000
-89.896,0.030,-0.034,-9.820,-0.002,0.017,-0.001,-0.001,-0.000
-89.917,0.027,-0.034,-9.805,0.000,-0.014,-0.000,-0.001,0.001
-89.926,0.026,-0.033,-9.816,-0.004,0.001,-0.000,-0.001,0.000
-89.923,0.025,-0.034,-9.808,-0.002,0.017,0.000,-0.000,0.000
-89.914,0.023,-0.033,-9.812,-0.001,0.028,-0.001,0.000,-0.000
-89.905,0.024,-0.033,-9.832,-0.005,0.029,-0.001,-0.000,0.001
-89.896,0.020,-0.032,-9.824,0.002,0.031,-0.001,-0.000,0.000
-89.889,0.024,-0.031,-9.816,-0.009,0.030,-0.001,-0.001,0.001
-89.842,0.021,-0.030,-9.820,0.001,0.093,-0.002,-0.001,-0.000
-89.827,0.017,-0.029,-9.820,0.002,0.050,-0.001,0.000,-0.001
-89.843,0.023,-0.028,-9.817,-0.012,0.005,-0.002,-0.000,0.000
-89.861,0.021,-0.027,-9.826,-0.001,-0.003,-0.002,-0.001,0.000
-89.885,0.016,-0.026,-9.811,0.005,-0.013,-0.002,-0.001,0.001
-89.880,0.022,-0.025,-9.813,-0.011,0.029,-0.002,-0.001,0.000
-89.872,0.020,-0.024,-9.814,-0.001,0.034,-0.002,-0.001,-0.000
-89.847,0.011,-0.022,-9.810,0.010,0.062,-0.002,-0.001,-0.000
-89.810,0.012,-0.020,-9.823,-0.004,0.083,-0.003,0.001,-0.001
-89.773,0.006,-0.018,-9.818,0.007,0.090,-0.004,-0.000,-0.000
-89.725,-0.002,-0.015,-9.813,0.012,0.122,-0.005,-0.001,-0.000
-89.637,-0.004,-0.009,-9.813,0.003,0.175,-0.008,-0.002,0.000
-89.539,-0.005,-0.003,-9.812,0.003,0.216,-0.010,-0.001,0.000
-89.444,-0.009,0.004,-9.816,0.008,0.241,-0.013,-0.000,0.000
-89.357,-0.010,0.014,-9.811,0.004,0.230,-0.015,0.001,0.001
-89.320,-0.018,0.025,-9.804,0.013,0.166,-0.018,0.002,-0.001
-89.300,-0.023,0.038,-9.821,0.011,0.146,-0.020,0.001,0.000
-89.301,-0.022,0.050,-9.821,0.002,0.119,-0.021,0.000,-0.000
-89.297,-0.023,0.064,-9.816,0.005,0.126,-0.023,-0.000,0.000
-89.255,-0.023,0.079,-9.819,0.002,0.186,-0.024,-0.000,-0.000
-89.232,-0.021,0.096,-9.816,0.001,0.162,-0.027,0.001,0.000
-89.255,-0.021,0.112,-9.826,0.004,0.090,-0.028,0.002,0.000
-89.289,-0.029,0.131,-9.832,0.016,0.074,-0.029,0.002,0.001
-89.357,-0.024,0.148,-9.819,-0.003,0.004,-0.030,0.000,0.000
-89.417,-0.024,0.167,-9.816,0.004,0.017,-0.030,-0.000,0.000
-89.448,-0.016,0.186,-9.821,-0.008,0.051,-0.030,0.000,0.001
-89.495,-0.012,0.205,-9.819,-0.003,0.020,-0.030,0.001,0.000
-89.563,-0.011,0.222,-9.816,0.001,-0.030,-0.030,0.001,0.001
-89.635,-0.008,0.240,-9.825,-0.003,-0.038,-0.029,0.000,0.000
-89.688,-0.003,0.258,-9.820,-0.005,-0.020,-0.028,0.000,0.001
-89.732,0.004,0.276,-9.827,-0.009,-0.015,-0.028,0.000,0.001
-89.772,0.002,0.292,-9.816,0.003,-0.024,-0.028,0.001,0.001
-89.834,-0.001,0.309,-9.823,0.004,-0.057,-0.027,0.001,0.001
-89.915,0.008,0.325,-9.828,-0.013,-0.098,-0.026,0.000,0.000
-90.017,0.013,0.339,-9.827,-0.008,-0.160,-0.024,-0.000,0.001
-90.122,0.019,0.353,-9.829,-0.011,-0.167,-0.023,-0.001,0.001
-90.231,0.026,0.366,-9.818,-0.013,-0.189,-0.020,-0.001,0.001
-90.285,0.034,0.376,-9.813,-0.019,-0.129,-0.017,-0.001,0.000
-90.332,0.038,0.386,-9.814,-0.011,-0.122,-0.016,-0.001,0.000
-90.369,0.043,0.395,-9.818,-0.014,-0.115,-0.014,-0.000,0.000
-90.398,0.042,0.401,-9.819,-0.007,-0.113,-0.011,-0.000,0.000
-90.430,0.043,0.407,-9.817,-0.008,-0.118,-0.010,-0.001,0.000
-90.459,0.050,0.413,-9.819,-0.017,-0.117,-0.009,-0.002,0.000
-90.450,0.045,0.416,-9.826,-0.001,-0.062,-0.006,-0.002,0.000
-90.415,0.042,0.419,-9.818,-0.002,-0.016,-0.005,-0.002,-0.000
-90.334,0.043,0.423,-9.809,-0.009,0.057,-0.005,-0.002,0.000
-90.261,0.044,0.426,-9.825,-0.008,0.057,-0.005,-0.001,0.001
-90.189,0.049,0.430,-9.813,-0.016,0.080,-0.006,-0.001,0.000
-90.122,0.038,0.435,-9.820,0.009,0.072,-0.008,-0.000,-0.000
-90.060,0.032,0.439,-9.816,0.004,0.089,-0.008,-0.002,0.001
-89.975,0.026,0.445,-9.815,0.005,0.124,-0.009,-0.002,0.001
-89.889,0.025,0.451,-9.813,-0.002,0.153,-0.011,-0.003,0.001
-89.791,0.016,0.460,-9.802,0.011,0.174,-0.013,-0.002,0.001
-89.711,0.004,0.468,-9.804,0.019,0.174,-0.015,-0.001,0.001
-89.636,0.003,0.479,-9.808,0.001,0.168,-0.017,-0.000,0.000
-89.607,0.000,0.491,-9.814,0.004,0.107,-0.019,-0.000,0.000
-89.611,-0.011,0.503,-9.824,0.019,0.061,-0.020,-0.001,0.000
-89.601,-0.015,0.515,-9.826,0.009,0.086,-0.020,-0.002,0.001
-89.605,-0.012,0.528,-9.820,-0.003,0.064,-0.021,-0.003,0.000
-89.607,-0.007,0.542,-9.813,-0.006,0.067,-0.023,-0.003,0.000
-89.626,-0.004,0.556,-9.811,-0.004,0.040,-0.022,-0.003,-0.001
-89.686,0.002,0.570,-9.817,-0.010,-0.029,-0.022,-0.000,-0.001
-89.780,0.004,0.583,-9.825,-0.003,-0.093,-0.022,0.001,0.000
-89.896,0.013,0.594,-9.835,-0.017,-0.161,-0.018,-0.000,0.001
-90.023,0.020,0.604,-9.832,-0.012,-0.178,-0.016,-0.001,0.000
-90.126,0.022,0.612,-9.826,-0.007,-0.162,-0.014,-0.003,0.000
-90.211,0.032,0.619,-9.816,-0.019,-0.153,-0.011,-0.001,-0.000
-90.265,0.036,0.624,-9.805,-0.013,-0.128,-0.009,-0.000,-0.000
-90.328,0.037,0.629,-9.807,-0.008,-0.144,-0.007,0.000,0.001
-90.379,0.038,0.632,-9.811,-0.007,-0.137,-0.005,0.000,0.000
-90.419,0.034,0.633,-9.825,0.000,-0.134,-0.003,0.001,-0.000
-90.430,0.037,0.634,-9.814,-0.011,-0.088,-0.001,-0.000,-0.000
-90.353,0.027,0.634,-9.818,0.008,0.048,-0.001,-0.002,-0.001
-90.301,0.021,0.635,-9.816,0.005,0.029,-0.001,0.000,-0.001
-90.236,0.024,0.635,-9.812,-0.008,0.051,-0.001,-0.002,-0.000
-90.177,0.024,0.636,-9.808,-0.004,0.062,-0.001,-0.001,-0.000
-90.107,0.025,0.637,-9.823,-0.005,0.080,-0.002,-0.003,0.000
-90.046,0.017,0.639,-9.819,0.008,0.080,-0.003,-0.003,0.000
-89.982,0.009,0.641,-9.829,0.012,0.104,-0.004,-0.003,0.000
-89.938,0.007,0.644,-9.819,0.002,0.076,-0.004,-0.004,0.000
-89.932,0.007,0.647,-9.813,-0.002,0.025,-0.005,-0.004,-0.001
-89.954,0.007,0.650,-9.816,-0.002,-0.019,-0.005,-0.004,-0.000
-89.654,0.003,0.653,-9.742,0.006,0.473,-0.005,-0.001,0.000
-89.422,-0.017,0.659,-9.795,0.032,0.452,-0.011,0.006,-0.001
-89.515,-0.006,0.667,-9.826,-0.015,-0.054,-0.012,0.008,-0.001
-89.501,-0.006,0.673,-9.872,0.000,0.104,-0.010,0.001,-0.001
-89.613,0.001,0.680,-9.826,-0.009,-0.084,-0.010,-0.006,0.000
-89.593,-0.000,0.687,-9.830,0.001,0.107,-0.012,-0.006,-0.000
-89.555,-0.009,0.695,-9.793,0.013,0.135,-0.013,-0.007,-0.001
-89.535,-0.004,0.704,-9.795,-0.007,0.108,-0.014,-0.002,-0.000
-89.492,-0.016,0.714,-9.793,0.020,0.144,-0.015,0.002,0.000
-89.573,-0.005,0.724,-9.811,-0.014,-0.042,-0.017,0.003,0.001
-89.657,-0.002,0.733,-9.843,-0.004,-0.071,-0.016,0.001,-0.000
-89.771,-0.001,0.742,-9.819,-0.002,-0.118,-0.014,-0.002,0.000
-89.834,0.004,0.749,-9.807,-0.008,-0.054,-0.012,-0.004,0.000
-89.857,0.002,0.757,-9.799,0.002,-0.007,-0.012,-0.001,0.000
-89.927,0.005,0.764,-9.806,-0.005,-0.084,-0.012,0.000,0.000
-89.994,0.011,0.770,-9.819,-0.011,-0.104,-0.010,0.002,0.000
-90.079,0.014,0.775,-9.823,-0.005,-0.133,-0.008,0.002,0.000
-90.143,0.017,0.778,-9.820,-0.008,-0.123,-0.005,0.000,0.000
-90.211,0.020,0.780,-9.829,-0.008,-0.130,-0.003,-0.001,0.000
-90.227,0.017,0.781,-9.816,0.002,-0.059,-0.003,-0.002,0.001
-90.200,0.020,0.782,-9.812,-0.007,0.009,-0.001,-0.001,-0.000
-90.231,0.016,0.782,-9.817,0.002,-0.083,0.000,0.001,0.000
-90.263,0.021,0.781,-9.831,-0.011,-0.095,0.002,0.001,-0.000
-90.256,0.016,0.779,-9.815,0.004,-0.037,0.003,0.001,-0.000
-90.188,0.010,0.777,-9.810,0.008,0.073,0.003,0.001,0.001
-90.128,0.013,0.776,-9.819,-0.005,0.059,0.003,0.001,0.001
-90.077,0.012,0.774,-9.828,-0.001,0.065,0.002,0.001,0.000
-90.000,0.005,0.774,-9.821,0.009,0.106,0.001,0.001,-0.001
-89.947,0.005,0.774,-9.816,-0.001,0.090,0.000,-0.000,0.000
-89.902,0.006,0.774,-9.815,-0.004,0.087,-0.001,-0.001,-0.000
-89.838,-0.000,0.775,-9.824,0.009,0.119,-0.001,-0.002,-0.000
-89.823,-0.002,0.777,-9.822,0.002,0.055,-0.003,-0.003,0.000
-89.865,0.001,0.778,-9.827,-0.004,-0.034,-0.002,-0.002,0.000
-89.877,0.002,0.779,-9.819,-0.002,0.007,-0.002,-0.003,-0.000
-89.887,-0.000,0.780,-9.823,0.004,0.007,-0.001,-0.002,0.000
-89.920,0.006,0.780,-9.825,-0.008,-0.031,0.000,-0.001,0.001
-89.947,0.008,0.780,-9.825,-0.004,-0.032,-0.000,-0.001,0.001
-89.971,0.013,0.780,-9.820,-0.010,-0.029,0.000,0.001,0.000
-89.985,0.017,0.779,-9.813,-0.008,-0.019,0.001,0.002,0.000
-89.982,0.013,0.778,-9.814,0.003,0.007,0.001,0.001,-0.000
-89.960,0.005,0.777,-9.819,0.010,0.036,0.002,0.001,-0.001
-89.952,0.005,0.776,-9.815,0.000,0.020,0.002,0.001,0.000
-89.940,0.002,0.775,-9.813,0.004,0.026,0.002,0.002,-0.000
-89.908,0.000,0.774,-9.814,0.002,0.060,0.002,0.001,0.000
-89.868,0.003,0.773,-9.819,-0.004,0.084,0.001,0.000,0.001
-89.821,-0.002,0.772,-9.811,0.008,0.103,0.001,-0.001,0.000
-89.770,-0.002,0.773,-9.830,0.001,0.111,-0.001,-0.001,0.000
-89.747,-0.003,0.774,-9.829,0.002,0.078,-0.002,-0.001,-0.000
-89.721,-0.002,0.776,-9.820,-0.001,0.086,-0.002,-0.003,-0.000
-89.733,0.001,0.777,-9.810,-0.004,0.032,-0.003,-0.003,0.000
-89.779,0.006,0.778,-9.807,-0.010,-0.029,-0.002,-0.003,-0.000
-89.833,0.014,0.779,-9.817,-0.013,-0.044,-0.001,-0.002,0.001
-89.882,0.018,0.779,-9.816,-0.008,-0.046,-0.001,-0.001,0.001
-89.912,0.020,0.779,-9.816,-0.007,-0.032,0.001,0.000,0.000
-89.916,0.024,0.779,-9.822,-0.010,0.008,0.001,0.001,0.000
-89.904,0.025,0.778,-9.827,-0.006,0.035,0.001,0.001,0.001
-89.875,0.020,0.778,-9.825,0.004,0.061,0.001,0.000,0.000
-89.846,0.019,0.778,-9.828,-0.002,0.072,0.000,-0.000,0.000
-89.821,0.019,0.778,-9.816,-0.003,0.070,-0.001,-0.001,0.001
-89.829,0.022,0.779,-9.829,-0.007,0.019,-0.001,-0.000,0.001
-89.848,0.020,0.780,-9.813,-0.002,0.000,-0.001,-0.001,-0.001
-89.872,0.017,0.780,-9.808,0.002,-0.014,-0.001,-0.001,-0.001
-89.898,0.015,0.779,-9.808,-0.001,-0.019,0.001,0.001,-0.001
-89.912,0.017,0.778,-9.811,-0.005,-0.005,0.002,0.001,0.000
-89.928,0.017,0.777,-9.804,-0.004,-0.014,0.002,0.001,-0.001
-89.929,0.014,0.776,-9.814,0.002,0.009,0.002,0.002,0.000
-89.907,0.009,0.775,-9.819,0.007,0.049,0.002,0.000,0.000
-89.875,0.008,0.774,-9.820,-0.001,0.070,0.001,0.000,-0.001
-89.839,0.012,0.774,-9.816,-0.007,0.077,0.001,0.001,-0.000
-89.828,0.013,0.773,-9.824,-0.005,0.046,0.000,0.000,-0.000
-89.824,0.012,0.774,-9.813,-0.001,0.035,-0.001,-0.000,-0.000
-89.829,0.014,0.774,-9.820,-0.005,0.023,-0.001,0.000,-0.001
-89.839,0.016,0.775,-9.821,-0.007,0.012,-0.000,0.000,-0.000
-89.856,0.019,0.775,-9.822,-0.007,0.000,-0.000,0.001,-0.001
-89.878,0.022,0.775,-9.818,-0.010,-0.013,0.000,-0.000,-0.000
-89.887,0.025,0.774,-9.823,-0.008,0.008,0.001,-0.001,0.000
-89.858,0.021,0.774,-9.819,0.002,0.065,0.001,0.000,-0.000
-89.823,0.013,0.773,-9.822,0.009,0.084,0.001,0.000,-0.000
-89.788,0.009,0.773,-9.817,0.004,0.090,-0.000,-0.000,-0.000
-89.755,0.004,0.774,-9.815,0.007,0.089,-0.002,-0.001,-0.000
-89.741,-0.002,0.776,-9.817,0.008,0.064,-0.002,-0.001,-0.000
-89.752,0.002,0.777,-9.825,-0.007,0.028,-0.002,-0.003,-0.000
-89.762,0.001,0.777,-9.816,0.001,0.030,-0.001,-0.002,-0.001
-89.776,-0.005,0.778,-9.813,0.008,0.019,-0.001,-0.001,0.000
-89.810,-0.005,0.779,-9.823,0.001,-0.019,-0.002,-0.001,0.000
-89.853,-0.007,0.780,-9.819,0.004,-0.033,-0.001,-0.001,0.000
-89.879,-0.010,0.780,-9.820,0.006,-0.016,-0.001,0.001,0.000
-89.905,-0.014,0.780,-9.817,0.009,-0.021,0.000,0.001,0.000
-89.939,-0.013,0.779,-9.810,0.001,-0.042,0.001,0.001,0.000
-89.939,-0.018,0.778,-9.829,0.009,0.009,0.002,0.001,-0.000
-89.929,-0.018,0.777,-9.819,0.004,0.026,0.002,0.002,0.000
-89.918,-0.010,0.776,-9.816,-0.011,0.030,0.002,0.001,0.000
-89.864,-0.017,0.775,-9.813,0.013,0.096,0.001,0.001,-0.000
-89.825,-0.018,0.774,-9.820,0.006,0.084,0.001,0.000,0.001
-89.808,-0.027,0.774,-9.822,0.019,0.059,0.001,0.000,-0.000
-89.771,-0.026,0.774,-9.819,0.002,0.091,0.000,0.000,0.000
-89.755,-0.035,0.774,-9.817,0.020,0.066,-0.001,-0.000,0.000
-89.760,-0.034,0.775,-9.820,0.006,0.035,-0.001,-0.001,0.001
-89.738,-0.039,0.776,-9.808,0.012,0.077,-0.001,-0.002,-0.000
-89.719,-0.038,0.778,-9.820,0.005,0.077,-0.003,-0.002,0.000
-89.717,-0.033,0.780,-9.825,-0.002,0.054,-0.004,-0.003,-0.000
-89.715,-0.018,0.782,-9.822,-0.018,0.054,-0.003,-0.003,0.000
-89.735,-0.014,0.784,-9.803,-0.004,0.020,-0.003,-0.003,-0.000
-89.783,-0.005,0.786,-9.816,-0.011,-0.026,-0.003,-0.003,0.000
-89.815,-0.003,0.788,-9.822,-0.002,-0.010,-0.003,-0.002,0.001
-89.825,-0.004,0.789,-9.822,0.002,0.017,-0.002,-0.002,-0.000
-89.802,0.004,0.790,-9.825,-0.011,0.068,-0.001,-0.002,0.000
-89.744,-0.002,0.791,-9.817,0.008,0.136,-0.003,-0.002,-0.001
-89.654,-0.007,0.794,-9.835,0.009,0.188,-0.004,-0.004,0.000
-89.603,0.007,0.798,-9.822,-0.020,0.144,-0.007,-0.006,0.000
-89.075,-0.044,0.808,-9.808,0.077,0.886,-0.015,0.007,0.000
-88.781,-0.061,0.821,-9.799,0.037,0.656,-0.025,0.007,-0.000
-88.714,-0.047,0.838,-9.820,-0.012,0.306,-0.027,0.008,0.000
-88.620,-0.064,0.857,-9.871,0.034,0.371,-0.030,-0.001,-0.000
-88.646,-0.061,0.877,-9.798,0.006,0.199,-0.034,-0.008,0.001
-88.546,-0.047,0.900,-9.808,-0.011,0.395,-0.038,-0.008,0.000
-88.476,-0.059,0.926,-9.764,0.027,0.366,-0.040,-0.009,0.001
-88.412,-0.062,0.953,-9.782,0.014,0.359,-0.043,0.001,0.001
-88.420,-0.063,0.980,-9.813,0.012,0.256,-0.047,0.003,0.001
-88.583,-0.052,1.011,-9.825,-0.007,0.013,-0.049,0.004,0.001
-88.703,-0.046,1.043,-9.852,0.000,0.056,-0.051,0.001,0.001
-88.897,-0.040,1.072,-9.834,-0.004,-0.105,-0.050,-0.006,0.001
-88.966,-0.044,1.104,-9.809,0.013,0.086,-0.050,-0.005,0.001
-89.008,-0.052,1.137,-9.798,0.020,0.114,-0.052,-0.002,0.001
-89.130,-0.042,1.169,-9.796,-0.007,-0.021,-0.051,0.002,0.001
-89.271,-0.033,1.201,-9.834,-0.007,-0.074,-0.050,0.003,0.000
-89.547,-0.021,1.231,-9.833,-0.013,-0.306,-0.048,0.001,0.001
-89.734,-0.013,1.256,-9.855,-0.010,-0.242,-0.044,-0.002,0.001
-89.949,0.000,1.282,-9.818,-0.017,-0.283,-0.040,-0.007,0.001
-90.086,0.016,1.304,-9.814,-0.024,-0.201,-0.036,-0.005,0.001
-90.195,0.008,1.324,-9.802,0.010,-0.181,-0.032,-0.002,0.001
-90.359,0.016,1.340,-9.809,-0.014,-0.315,-0.027,0.001,0.001
-90.522,0.025,1.355,-9.831,-0.016,-0.317,-0.024,0.001,0.000
-90.703,0.034,1.365,-9.836,-0.020,-0.399,-0.019,-0.002,0.000
-90.846,0.048,1.374,-9.830,-0.027,-0.341,-0.014,-0.003,-0.000
-90.912,0.048,1.380,-9.820,-0.008,-0.245,-0.009,-0.004,-0.001
-90.961,0.055,1.383,-9.795,-0.020,-0.230,-0.005,-0.002,0.000
-90.960,0.048,1.384,-9.800,0.003,-0.165,-0.002,0.003,-0.000
-90.994,0.049,1.383,-9.814,-0.010,-0.221,0.001,0.004,0.000
-90.947,0.058,1.380,-9.813,-0.024,-0.101,0.005,0.003,-0.001
-90.754,0.050,1.378,-9.819,0.004,0.166,0.004,0.003,-0.000
-90.590,0.047,1.376,-9.822,-0.004,0.124,0.003,0.003,-0.000
-90.496,0.047,1.375,-9.831,-0.009,0.059,0.002,0.001,-0.001
-90.325,0.035,1.374,-9.814,0.011,0.180,0.001,0.001,-0.000
-90.206,0.027,1.375,-9.812,0.007,0.149,-0.001,-0.000,-0.001
-90.164,0.022,1.376,-9.822,0.004,0.031,-0.002,-0.001,0.000
-90.063,0.018,1.377,-9.817,0.002,0.148,-0.002,-0.003,0.000
-89.950,0.013,1.380,-9.818,0.005,0.168,-0.004,-0.004,-0.000
-89.930,0.016,1.383,-9.816,-0.008,0.047,-0.005,-0.003,-0.000
-89.886,0.008,1.387,-9.828,0.009,0.085,-0.006,-0.005,-0.000
-89.862,0.001,1.390,-9.823,0.013,0.066,-0.007,-0.005,0.001
-89.932,0.009,1.393,-9.807,-0.013,-0.081,-0.005,-0.004,0.001
-90.036,0.017,1.396,-9.809,-0.014,-0.146,-0.004,-0.005,0.000
-90.132,0.022,1.396,-9.800,-0.012,-0.168,-0.001,-0.002,-0.001
-90.276,0.031,1.395,-9.798,-0.018,-0.249,0.002,0.001,-0.001
-90.379,0.042,1.391,-9.794,-0.024,-0.211,0.006,0.004,-0.001
-90.381,0.044,1.386,-9.810,-0.010,-0.074,0.009,0.007,0.000
-90.332,0.039,1.380,-9.819,0.000,0.004,0.009,0.007,0.001
-90.227,0.034,1.375,-9.832,0.002,0.116,0.009,0.007,0.000
-90.022,0.019,1.371,-9.840,0.019,0.277,0.007,0.004,0.000
-89.815,-0.000,1.369,-9.842,0.029,0.350,0.003,0.002,-0.000
-89.648,-0.011,1.370,-9.847,0.019,0.320,-0.001,-0.001,0.000
-89.529,-0.011,1.373,-9.835,0.001,0.250,-0.005,-0.004,-0.000
-89.492,-0.018,1.377,-9.814,0.013,0.144,-0.007,-0.005,0.000
-89.563,-0.011,1.382,-9.810,-0.008,-0.019,-0.008,-0.006,-0.000
-89.670,-0.007,1.386,-9.808,-0.005,-0.086,-0.006,-0.006,0.000
-89.784,-0.004,1.389,-9.809,-0.003,-0.117,-0.004,-0.004,-0.000
-89.898,0.002,1.390,-9.813,-0.009,-0.139,-0.002,-0.002,-0.000
-89.963,0.006,1.390,-9.811,-0.007,-0.082,-0.000,-0.001,-0.001
-89.979,0.002,1.390,-9.811,0.005,-0.021,0.001,0.000,0.000
-89.982,0.001,1.389,-9.814,0.001,-0.002,0.002,0.001,-0.001
-90.007,0.000,1.387,-9.814,0.001,-0.040,0.003,0.001,-0.000
-90.022,0.003,1.386,-9.814,-0.004,-0.026,0.003,0.002,0.000
-90.043,0.003,1.384,-9.806,-0.001,-0.043,0.004,0.002,-0.000
-90.046,0.006,1.380,-9.816,-0.005,-0.013,0.005,0.003,0.000
-90.003,-0.002,1.378,-9.828,0.014,0.062,0.005,0.004,0.000
-89.932,-0.016,1.375,-9.824,0.021,0.105,0.005,0.004,-0.001
-89.809,-0.012,1.373,-9.831,-0.002,0.203,0.003,0.002,0.001
-89.690,-0.024,1.372,-9.834,0.022,0.236,0.001,0.000,-0.001
-89.580,-0.026,1.373,-9.847,0.008,0.227,-0.002,-0.002,0.001
-89.494,-0.029,1.376,-9.819,0.008,0.210,-0.004,-0.004,0.000
-89.481,-0.019,1.380,-9.825,-0.011,0.116,-0.006,-0.006,-0.000
-89.577,-0.012,1.383,-9.822,-0.009,-0.056,-0.006,-0.005,-0.000
-89.694,-0.003,1.386,-9.813,-0.011,-0.106,-0.004,-0.004,-0.000
-89.831,-0.004,1.387,-9.803,0.001,-0.159,-0.002,-0.002,0.000
-89.984,0.009,1.386,-9.796,-0.019,-0.209,0.001,0.000,-0.000
-90.059,0.016,1.384,-9.807,-0.013,-0.116,0.003,0.002,-0.000
-90.022,0.008,1.382,-9.812,0.010,0.051,0.004,0.003,0.000
-89.927,0.006,1.379,-9.820,0.002,0.141,0.004,0.003,-0.000
-89.812,-0.001,1.379,-9.822,0.010,0.209,0.001,0.001,-0.001
-89.651,-0.019,1.379,-9.826,0.028,0.285,-0.000,-0.001,-0.001
-89.544,-0.028,1.381,-9.826,0.016,0.230,-0.004,-0.003,-0.001
-89.543,-0.034,1.385,-9.834,0.015,0.085,-0.006,-0.005,-0.000
-89.566,-0.039,1.389,-9.825,0.013,0.048,-0.007,-0.007,-0.000
-89.627,-0.041,1.394,-9.803,0.010,-0.015,-0.007,-0.005,-0.000
-89.674,-0.035,1.397,-9.811,-0.002,-0.005,-0.006,-0.005,0.001
-89.678,-0.031,1.400,-9.817,0.001,0.054,-0.005,-0.004,0.001
-89.481,-0.042,1.404,-9.826,0.023,0.369,-0.006,-0.006,0.001
-89.260,-0.051,1.411,-9.833,0.022,0.480,-0.012,-0.010,-0.000
-88.605,-0.027,1.425,-9.741,-0.029,1.147,-0.023,-0.003,-0.000
-87.616,-0.109,1.449,-9.728,0.132,1.789,-0.041,0.001,0.001
-87.321,-0.131,1.485,-9.776,0.051,0.854,-0.058,0.013,0.001
-86.995,-0.132,1.524,-9.815,0.021,1.005,-0.069,0.018,0.000
-87.147,-0.153,1.573,-9.862,0.052,0.268,-0.077,0.012,0.000
-87.481,-0.122,1.625,-9.867,-0.026,-0.037,-0.081,0.006,0.000
-87.899,-0.112,1.675,-9.891,0.004,-0.214,-0.079,-0.008,0.001
-88.239,-0.111,1.719,-9.805,0.016,-0.208,-0.076,-0.015,0.001
-88.248,-0.111,1.767,-9.789,0.018,0.300,-0.076,-0.012,0.001
-88.326,-0.110,1.817,-9.728,0.016,0.181,-0.079,-0.004,0.001
-88.406,-0.092,1.867,-9.793,-0.010,0.156,-0.080,0.006,0.001
-88.490,-0.092,1.913,-9.798,0.014,0.120,-0.080,0.009,0.001
-88.559,-0.091,1.965,-9.802,0.013,0.137,-0.082,0.013,0.001
-88.634,-0.080,2.018,-9.828,-0.003,0.119,-0.084,0.013,0.001
-88.671,-0.079,2.068,-9.828,0.010,0.159,-0.086,0.012,0.000
-88.711,-0.085,2.122,-9.817,0.021,0.156,-0.086,0.010,0.000
-88.741,-0.088,2.178,-9.827,0.017,0.164,-0.089,0.011,-0.000
-88.573,-0.115,2.236,-9.832,0.054,0.469,-0.092,0.009,0.000
-88.195,-0.137,2.293,-9.813,0.054,0.883,-0.101,0.012,-0.001
-87.631,-0.155,2.365,-9.805,0.048,1.177,-0.116,0.016,-0.001
-87.282,-0.177,2.444,-9.823,0.056,0.946,-0.127,0.008,0.001
-86.455,-0.227,2.524,-9.819,0.110,1.900,-0.145,0.012,-0.001
-85.628,-0.257,2.628,-9.712,0.075,1.896,-0.171,0.008,0.001
-84.844,-0.318,2.747,-9.825,0.126,1.984,-0.196,0.019,0.001
-84.140,-0.378,2.869,-9.776,0.138,2.097,-0.221,0.019,0.000
-83.847,-0.407,3.021,-9.805,0.087,1.458,-0.244,0.013,0.002
-83.483,-0.452,3.186,-9.882,0.116,1.640,-0.268,0.009,0.002
-83.298,-0.521,3.348,-9.804,0.166,1.447,-0.287,-0.002,0.003
-83.151,-0.556,3.540,-9.813,0.113,1.390,-0.308,-0.001,0.002
-82.866,-0.619,3.743,-9.786,0.157,1.627,-0.329,0.002,0.002
-82.881,-0.669,3.940,-9.730,0.153,1.189,-0.346,0.007,0.003
-82.980,-0.700,4.167,-9.837,0.123,1.061,-0.361,0.014,0.003
-83.326,-0.758,4.405,-9.814,0.169,0.661,-0.373,0.009,0.003
-83.732,-0.789,4.628,-9.857,0.144,0.448,-0.381,0.005,0.003
-84.050,-0.815,4.875,-9.838,0.139,0.586,-0.388,-0.001,0.003
-84.374,-0.847,5.127,-9.741,0.152,0.520,-0.395,-0.003,0.003
-84.596,-0.865,5.360,-9.814,0.141,0.585,-0.402,0.005,0.002
-84.936,-0.893,5.622,-9.780,0.156,0.394,-0.409,0.007,0.002
-85.396,-0.904,5.888,-9.822,0.140,0.149,-0.413,0.008,0.003
-85.796,-0.909,6.131,-9.853,0.134,0.104,-0.414,0.006,0.003
-86.256,-0.929,6.400,-9.808,0.162,0.009,-0.415,0.002,0.003
-86.565,-0.937,6.667,-9.825,0.148,0.167,-0.417,-0.000,0.003
-86.820,-0.935,6.911,-9.789,0.137,0.156,-0.419,0.001,0.003
-87.064,-0.936,7.179,-9.795,0.142,0.166,-0.420,0.005,0.003
-87.342,-0.939,7.449,-9.813,0.148,0.068,-0.422,0.008,0.003
-87.661,-0.942,7.696,-9.829,0.151,-0.092,-0.422,0.008,0.003
-87.987,-0.929,7.968,-9.850,0.129,-0.105,-0.423,0.004,0.003
-88.234,-0.922,8.237,-9.828,0.138,-0.032,-0.421,-0.001,0.003
-88.340,-0.923,8.504,-9.798,0.149,0.145,-0.421,-0.001,0.003
-88.360,-0.929,8.748,-9.804,0.160,0.254,-0.424,0.002,0.003
-88.427,-0.931,9.018,-9.808,0.152,0.176,-0.427,0.007,0.002
-88.547,-0.922,9.290,-9.831,0.138,0.081,-0.428,0.008,0.003
-88.696,-0.923,9.538,-9.838,0.153,-0.004,-0.429,0.005,0.003
-88.799,-0.923,9.811,-9.850,0.153,0.068,-0.430,0.002,0.003
-88.839,-0.924,10.083,-9.813,0.153,0.150,-0.432,0.000,0.003
-88.824,-0.919,10.357,-9.790,0.145,0.227,-0.434,0.002,0.004
-88.824,-0.913,10.606,-9.796,0.142,0.202,-0.435,0.005,0.003
-88.897,-0.918,10.883,-9.813,0.158,0.087,-0.437,0.008,0.004
-89.040,-0.919,11.161,-9.828,0.156,-0.034,-0.438,0.007,0.004
-89.220,-0.921,11.440,-9.836,0.157,-0.112,-0.438,0.004,0.003
-89.360,-0.927,11.717,-9.816,0.166,-0.078,-0.436,0.001,0.003
-89.446,-0.929,11.993,-9.819,0.160,-0.017,-0.436,0.000,0.004
-89.495,-0.923,12.268,-9.792,0.150,0.022,-0.435,0.004,0.003
-89.559,-0.916,12.543,-9.801,0.145,-0.013,-0.434,0.007,0.003
-89.656,-0.913,12.818,-9.831,0.153,-0.077,-0.433,0.007,0.003
-89.773,-0.910,13.092,-9.834,0.153,-0.122,-0.432,0.006,0.003
-89.879,-0.899,13.365,-9.817,0.139,-0.123,-0.431,0.003,0.003
-89.940,-0.896,13.637,-9.807,0.152,-0.070,-0.430,0.001,0.003
-89.968,-0.893,13.908,-9.810,0.151,-0.029,-0.429,0.003,0.003
-89.969,-0.887,14.178,-9.802,0.147,0.006,-0.429,0.005,0.003
-90.030,-0.885,14.449,-9.815,0.152,-0.091,-0.428,0.008,0.003
-90.127,-0.882,14.719,-9.835,0.151,-0.156,-0.426,0.006,0.004
-90.227,-0.877,14.987,-9.843,0.148,-0.174,-0.424,0.003,0.003
-90.290,-0.870,15.254,-9.817,0.144,-0.133,-0.421,0.002,0.003
-90.314,-0.860,15.519,-9.812,0.139,-0.082,-0.421,0.003,0.004
-90.316,-0.857,15.784,-9.806,0.147,-0.056,-0.419,0.004,0.002
-90.342,-0.852,16.048,-9.818,0.144,-0.095,-0.419,0.007,0.003
-90.413,-0.840,16.311,-9.825,0.132,-0.169,-0.415,0.007,0.003
-90.492,-0.825,16.573,-9.818,0.127,-0.192,-0.414,0.003,0.003
-90.550,-0.818,16.833,-9.818,0.136,-0.171,-0.411,0.003,0.002
-90.562,-0.812,17.091,-9.807,0.138,-0.110,-0.410,0.003,0.003
-90.563,-0.797,17.349,-9.801,0.122,-0.095,-0.408,0.002,0.003
-90.573,-0.784,17.605,-9.804,0.123,-0.113,-0.406,0.006,0.003
-90.617,-0.777,17.860,-9.813,0.131,-0.166,-0.403,0.006,0.003
-90.684,-0.777,18.114,-9.830,0.141,-0.209,-0.402,0.003,0.003
-90.741,-0.770,18.367,-9.827,0.130,-0.204,-0.400,0.003,0.002
-90.777,-0.757,18.594,-9.807,0.117,-0.184,-0.397,0.002,0.003
-90.791,-0.745,18.843,-9.814,0.119,-0.152,-0.394,0.002,0.003
-90.795,-0.727,19.090,-9.808,0.108,-0.139,-0.393,0.003,0.003
-90.805,-0.719,19.336,-9.811,0.119,-0.152,-0.390,0.004,0.002
-90.822,-0.710,19.581,-9.819,0.118,-0.163,-0.388,0.004,0.003
-90.845,-0.700,19.824,-9.825,0.114,-0.175,-0.385,0.004,0.003
-90.863,-0.688,20.065,-9.826,0.109,-0.171,-0.383,0.003,0.003
-90.872,-0.680,20.304,-9.827,0.114,-0.159,-0.379,0.002,0.003
-90.879,-0.671,20.542,-9.805,0.110,-0.159,-0.377,0.004,0.002
-90.903,-0.663,20.779,-9.802,0.111,-0.189,-0.376,0.005,0.003
-90.942,-0.656,21.014,-9.813,0.111,-0.215,-0.372,0.004,0.003
-90.977,-0.648,21.248,-9.824,0.108,-0.216,-0.370,0.004,0.002
-90.991,-0.635,21.480,-9.818,0.101,-0.188,-0.367,0.002,0.003
-90.977,-0.632,21.709,-9.821,0.113,-0.145,-0.365,0.001,0.002
-90.942,-0.620,21.937,-9.814,0.097,-0.110,-0.363,0.001,0.003
-90.920,-0.616,22.164,-9.815,0.108,-0.127,-0.361,0.004,0.003
-90.928,-0.608,22.390,-9.823,0.102,-0.171,-0.358,0.003,0.003
-90.969,-0.607,22.615,-9.827,0.110,-0.221,-0.356,0.003,0.002
-91.002,-0.593,22.838,-9.820,0.092,-0.218,-0.353,0.003,0.003
-91.019,-0.580,23.058,-9.814,0.089,-0.198,-0.350,0.003,0.002
-91.014,-0.572,23.277,-9.807,0.094,-0.166,-0.347,0.004,0.002
-91.010,-0.563,23.494,-9.811,0.093,-0.168,-0.345,0.004,0.002
-91.027,-0.561,23.711,-9.814,0.102,-0.200,-0.343,0.004,0.003
-91.058,-0.544,23.925,-9.822,0.078,-0.225,-0.339,0.004,0.002
-91.092,-0.528,24.137,-9.820,0.078,-0.235,-0.336,0.003,0.003
-91.111,-0.526,24.346,-9.824,0.096,-0.214,-0.333,0.002,0.003
-91.114,-0.517,24.555,-9.814,0.084,-0.195,-0.331,0.002,0.002
-91.109,-0.502,24.761,-9.809,0.074,-0.182,-0.328,0.002,0.002
-91.103,-0.486,24.966,-9.813,0.070,-0.181,-0.325,0.004,0.003
-91.094,-0.480,25.168,-9.813,0.083,-0.175,-0.322,0.003,0.003
-91.086,-0.473,25.370,-9.817,0.080,-0.175,-0.320,0.003,0.003
-91.077,-0.466,25.570,-9.820,0.079,-0.172,-0.318,0.002,0.003
-91.051,-0.459,25.768,-9.813,0.077,-0.143,-0.315,0.002,0.003
-90.965,-0.454,25.965,-9.833,0.078,-0.046,-0.313,0.001,0.001
-90.881,-0.435,26.161,-9.744,0.055,-0.032,-0.312,0.001,0.002
-90.761,-0.412,26.356,-9.780,0.045,0.035,-0.312,0.002,0.003
-90.692,-0.454,26.553,-9.914,0.144,-0.024,-0.312,0.004,0.003
-90.613,-0.459,26.749,-9.764,0.089,0.004,-0.312,0.003,0.002
-90.572,-0.439,26.945,-9.821,0.053,-0.042,-0.313,0.003,0.002
-90.551,-0.460,27.142,-9.846,0.113,-0.067,-0.312,0.004,0.002
-90.502,-0.449,27.337,-9.794,0.067,-0.019,-0.310,0.003,0.002
-90.456,-0.452,27.533,-9.824,0.086,-0.016,-0.311,0.004,0.002
-90.424,-0.471,27.728,-9.834,0.111,-0.030,-0.311,0.003,0.001
-90.386,-0.454,27.923,-9.804,0.058,-0.014,-0.310,0.003,0.002
-90.344,-0.459,28.118,-9.802,0.089,-0.001,-0.310,0.003,0.003
-90.278,-0.471,28.313,-9.832,0.102,0.045,-0.311,0.002,0.002
-90.198,-0.469,28.509,-9.805,0.080,0.077,-0.311,0.002,0.002
-90.126,-0.476,28.705,-9.811,0.095,0.080,-0.312,0.002,0.002
-90.067,-0.477,28.884,-9.816,0.085,0.081,-0.313,0.001,0.001
-90.011,-0.492,29.081,-9.820,0.107,0.074,-0.314,0.003,0.002
-89.965,-0.498,29.279,-9.819,0.096,0.068,-0.315,0.004,0.002
-89.951,-0.502,29.478,-9.802,0.093,0.027,-0.316,0.004,0.002
-89.932,-0.496,29.677,-9.810,0.079,0.038,-0.316,0.003,0.002
-89.923,-0.495,29.877,-9.820,0.086,0.028,-0.317,0.002,0.003
-89.912,-0.501,30.076,-9.811,0.095,0.031,-0.316,0.002,0.003
-89.901,-0.505,30.276,-9.815,0.095,0.031,-0.318,0.003,0.003
-89.896,-0.506,30.476,-9.808,0.090,0.024,-0.317,0.003,0.002
-89.888,-0.505,30.677,-9.814,0.087,0.030,-0.318,0.004,0.002
-89.889,-0.509,30.859,-9.813,0.095,0.016,-0.318,0.004,0.003
-89.896,-0.507,31.060,-9.820,0.087,0.008,-0.318,0.003,0.003
-89.908,-0.510,31.261,-9.818,0.093,0.000,-0.319,0.003,0.002
-89.933,-0.509,31.461,-9.822,0.088,-0.024,-0.317,0.003,0.002
-89.960,-0.506,31.661,-9.814,0.084,-0.029,-0.318,0.002,0.002
-89.987,-0.509,31.861,-9.814,0.093,-0.037,-0.317,0.003,0.002
-90.010,-0.508,32.061,-9.831,0.088,-0.034,-0.316,0.003,0.002
-90.037,-0.508,32.260,-9.820,0.090,-0.044,-0.315,0.003,0.002
-90.063,-0.507,32.459,-9.819,0.088,-0.048,-0.315,0.003,0.002
-90.092,-0.510,32.657,-9.807,0.093,-0.054,-0.314,0.002,0.002
-90.126,-0.507,32.855,-9.809,0.086,-0.068,-0.313,0.003,0.002
-90.164,-0.505,33.052,-9.816,0.087,-0.083,-0.312,0.004,0.002
-90.204,-0.498,33.248,-9.798,0.078,-0.091,-0.310,0.004,0.002
-90.245,-0.500,33.443,-9.810,0.092,-0.099,-0.309,0.003,0.001
-90.271,-0.498,33.636,-9.811,0.086,-0.081,-0.307,0.002,0.001
-90.294,-0.494,33.830,-9.814,0.081,-0.084,-0.307,0.003,0.001
-90.316,-0.495,34.022,-9.814,0.089,-0.085,-0.305,0.003,0.002
-90.335,-0.482,34.214,-9.813,0.068,-0.084,-0.304,0.003,0.002
-90.354,-0.467,34.405,-9.819,0.064,-0.088,-0.303,0.002,0.002
-90.368,-0.462,34.595,-9.817,0.076,-0.081,-0.301,0.003,0.003
-90.396,-0.457,34.785,-9.818,0.075,-0.108,-0.300,0.003,0.002
-90.414,-0.453,34.973,-9.815,0.075,-0.095,-0.298,0.002,0.001
-90.437,-0.450,35.160,-9.820,0.077,-0.108,-0.297,0.003,0.002
-90.467,-0.442,35.345,-9.811,0.069,-0.123,-0.294,0.003,0.002
-90.509,-0.440,35.531,-9.823,0.078,-0.147,-0.293,0.004,0.002
-90.562,-0.440,35.714,-9.826,0.081,-0.171,-0.291,0.004,0.003
-90.624,-0.429,35.897,-9.826,0.064,-0.194,-0.289,0.003,0.003
-90.690,-0.418,36.077,-9.825,0.062,-0.209,-0.286,0.002,0.003
-90.766,-0.411,36.255,-9.832,0.066,-0.237,-0.282,0.003,0.002
-90.838,-0.411,36.432,-9.816,0.075,-0.244,-0.279,0.002,0.001
-90.905,-0.404,36.605,-9.821,0.066,-0.248,-0.274,0.002,0.002
-90.978,-0.396,36.776,-9.823,0.063,-0.270,-0.271,0.002,0.002
-91.048,-0.382,36.945,-9.824,0.053,-0.277,-0.267,0.002,0.002
-91.118,-0.375,37.111,-9.829,0.060,-0.290,-0.263,0.003,0.001
-91.187,-0.362,37.275,-9.817,0.051,-0.299,-0.259,0.003,0.002
-91.263,-0.352,37.436,-9.825,0.054,-0.324,-0.255,0.003,0.001
-91.342,-0.336,37.594,-9.817,0.041,-0.340,-0.250,0.002,0.001
-91.416,-0.323,37.748,-9.820,0.044,-0.347,-0.245,0.003,0.000
-91.479,-0.317,37.899,-9.813,0.053,-0.340,-0.239,0.001,0.002
-91.530,-0.307,38.047,-9.813,0.045,-0.333,-0.235,0.002,0.001
-91.586,-0.292,38.192,-9.823,0.037,-0.351,-0.229,0.003,0.002
-91.640,-0.279,38.334,-9.810,0.038,-0.357,-0.225,0.003,0.002
-91.704,-0.265,38.473,-9.822,0.034,-0.383,-0.219,0.002,0.002
-91.776,-0.256,38.608,-9.819,0.041,-0.406,-0.214,0.002,0.003
-91.867,-0.245,38.739,-9.822,0.034,-0.447,-0.207,0.002,0.002
-91.970,-0.232,38.866,-9.816,0.030,-0.483,-0.202,0.003,0.002
-92.071,-0.211,38.989,-9.816,0.016,-0.496,-0.195,0.002,0.002
-92.160,-0.198,39.108,-9.832,0.024,-0.497,-0.187,0.003,0.001
-92.245,-0.183,39.222,-9.838,0.020,-0.506,-0.181,0.002,0.001
-92.332,-0.164,39.331,-9.826,0.010,-0.523,-0.173,0.002,0.001
-92.422,-0.149,39.435,-9.830,0.012,-0.542,-0.165,0.001,0.002
-92.518,-0.136,39.535,-9.820,0.013,-0.566,-0.158,0.001,0.001
-92.630,-0.118,39.629,-9.821,0.003,-0.608,-0.149,0.002,0.001
-92.751,-0.100,39.717,-9.820,0.001,-0.641,-0.140,0.001,0.001
-92.899,-0.077,39.800,-9.804,-0.011,-0.704,-0.132,0.002,0.001
-93.058,-0.059,39.878,-9.821,-0.007,-0.748,-0.122,0.003,0.001
-93.218,-0.041,39.946,-9.823,-0.011,-0.776,-0.109,0.001,0.001
-93.381,-0.021,40.008,-9.819,-0.018,-0.807,-0.098,0.001,0.001
-93.555,-0.003,40.063,-9.822,-0.019,-0.855,-0.086,0.001,0.000
-93.729,0.012,40.109,-9.836,-0.018,-0.884,-0.074,0.000,0.001
-93.900,0.029,40.148,-9.831,-0.023,-0.910,-0.061,0.001,0.001
-94.059,0.048,40.179,-9.826,-0.032,-0.920,-0.049,0.001,0.000
-94.227,0.063,40.202,-9.822,-0.029,-0.962,-0.037,0.000,-0.000
-94.400,0.078,40.216,-9.808,-0.032,-0.996,-0.023,0.000,0.001
-94.570,0.094,40.221,-9.820,-0.040,-1.050,-0.009,0.001,0.000
-94.777,0.111,40.216,-9.829,-0.044,-1.113,0.007,0.001,0.001
-94.991,0.129,40.201,-9.830,-0.048,-1.161,0.023,0.002,0.001
-95.205,0.137,40.177,-9.824,-0.038,-1.194,0.037,-0.000,0.001
-95.404,0.145,40.143,-9.828,-0.041,-1.209,0.054,-0.001,0.001
-95.583,0.148,40.102,-9.826,-0.037,-1.240,0.071,-0.001,-0.000
-95.786,0.148,40.045,-9.819,-0.034,-1.279,0.089,-0.000,-0.000
-95.991,0.145,39.978,-9.832,-0.032,-1.319,0.107,-0.001,-0.000
-96.205,0.144,39.899,-9.829,-0.038,-1.370,0.125,-0.001,-0.001
-96.422,0.139,39.808,-9.833,-0.034,-1.410,0.145,-0.001,-0.001
-96.637,0.133,39.704,-9.828,-0.034,-1.445,0.165,-0.002,-0.001
-96.847,0.127,39.587,-9.825,-0.036,-1.472,0.185,-0.003,-0.001
-97.044,0.114,39.458,-9.822,-0.028,-1.488,0.206,-0.004,-0.001
-97.247,0.092,39.316,-9.820,-0.014,-1.533,0.227,-0.003,-0.001
-97.456,0.066,39.159,-9.831,-0.008,-1.580,0.250,-0.002,-0.001
-97.664,0.038,38.990,-9.823,-0.004,-1.614,0.271,-0.003,-0.002
-97.879,0.012,38.807,-9.824,-0.005,-1.662,0.293,-0.003,-0.001
-98.109,-0.023,38.608,-9.813,0.006,-1.724,0.319,-0.002,-0.002
-98.376,-0.069,38.395,-9.825,0.026,-1.824,0.342,-0.003,-0.002
-98.679,-0.119,38.166,-9.835,0.035,-1.933,0.368,-0.003,-0.002
-99.017,-0.171,37.922,-9.836,0.041,-2.045,0.394,-0.002,-0.003
-99.358,-0.248,37.659,-9.865,0.083,-2.117,0.424,-0.003,-0.002
-99.686,-0.324,37.379,-9.827,0.084,-2.147,0.454,-0.004,-0.003
-99.960,-0.410,37.081,-9.839,0.109,-2.121,0.483,-0.005,-0.003
-100.197,-0.507,36.765,-9.831,0.133,-2.108,0.513,-0.006,-0.003
-100.402,-0.612,36.399,-9.811,0.141,-2.068,0.543,-0.005,-0.003
-100.573,-0.726,36.046,-9.828,0.182,-2.081,0.574,-0.007,-0.003
-100.740,-0.864,35.675,-9.844,0.232,-2.113,0.603,-0.005,-0.004
-100.949,-1.013,35.251,-9.832,0.246,-2.182,0.633,-0.004,-0.005
-101.116,-1.152,34.844,-9.829,0.267,-2.181,0.664,-0.006,-0.004
-101.239,-1.308,34.417,-9.835,0.312,-2.139,0.695,-0.008,-0.004
-101.341,-1.481,33.931,-9.820,0.335,-2.112,0.725,-0.009,-0.004
-101.365,-1.645,33.465,-9.829,0.367,-2.023,0.756,-0.008,-0.005
-101.344,-1.818,32.981,-9.826,0.403,-1.957,0.784,-0.007,-0.006
-101.253,-2.020,32.433,-9.841,0.447,-1.858,0.810,-0.008,-0.006
-101.135,-2.229,31.911,-9.842,0.516,-1.788,0.837,-0.010,-0.007
-100.957,-2.428,31.373,-9.826,0.533,-1.671,0.861,-0.010,-0.006
-100.706,-2.645,30.766,-9.827,0.563,-1.562,0.884,-0.009,-0.007
-100.456,-2.825,30.193,-9.782,0.570,-1.483,0.907,-0.010,-0.006
-100.179,-3.017,29.607,-9.837,0.622,-1.410,0.926,-0.008,-0.006
-99.853,-3.248,28.950,-9.845,0.688,-1.331,0.946,-0.010,-0.007
-99.512,-3.443,28.334,-9.818,0.701,-1.208,0.963,-0.010,-0.007
-99.091,-3.623,27.701,-9.807,0.710,-1.023,0.979,-0.011,-0.007
-98.604,-3.807,27.053,-9.806,0.754,-0.852,0.992,-0.009,-0.007
-98.067,-3.981,26.394,-9.818,0.776,-0.690,1.002,-0.014,-0.007
-97.494,-4.144,25.724,-9.787,0.792,-0.543,1.010,-0.014,-0.007
-96.915,-4.297,25.048,-9.799,0.815,-0.444,1.017,-0.009,-0.007
-96.370,-4.429,24.369,-9.833,0.822,-0.402,1.022,-0.010,-0.007
-95.829,-4.551,23.685,-9.818,0.836,-0.316,1.027,-0.011,-0.007
-95.258,-4.668,22.995,-9.817,0.856,-0.176,1.030,-0.013,-0.008
-94.629,-4.776,22.241,-9.822,0.859,-0.075,1.030,-0.010,-0.008
-94.014,-4.848,21.544,-9.798,0.845,0.091,1.030,-0.011,-0.007
-93.396,-4.903,20.847,-9.779,0.840,0.199,1.028,-0.010,-0.008
-92.824,-4.926,20.156,-9.774,0.811,0.230,1.025,-0.008,-0.007
-92.234,-4.992,19.464,-9.866,0.899,0.362,1.021,-0.010,-0.008
-91.679,-5.030,18.779,-9.825,0.874,0.408,1.015,-0.012,-0.008
-91.102,-5.001,18.096,-9.759,0.781,0.532,1.007,-0.011,-0.007
-90.540,-4.984,17.419,-9.816,0.810,0.614,1.000,-0.012,-0.007
-89.984,-4.985,16.748,-9.815,0.846,0.702,0.991,-0.011,-0.007
-89.497,-4.940,16.146,-9.775,0.773,0.761,0.979,-0.008,-0.006
-89.072,-4.890,15.501,-9.798,0.774,0.673,0.968,-0.007,-0.007
-88.748,-4.826,14.871,-9.823,0.752,0.592,0.959,-0.008,-0.007
-88.472,-4.753,14.250,-9.811,0.730,0.576,0.951,-0.009,-0.007
-88.212,-4.693,13.637,-9.810,0.744,0.602,0.941,-0.011,-0.007
-87.967,-4.637,13.031,-9.811,0.742,0.624,0.932,-0.011,-0.006
-87.734,-4.560,12.432,-9.799,0.703,0.647,0.923,-0.009,-0.007
-87.522,-4.478,11.841,-9.795,0.686,0.654,0.914,-0.008,-0.006
-87.322,-4.411,11.257,-9.814,0.699,0.676,0.905,-0.008,-0.006
-87.111,-4.331,10.679,-9.810,0.670,0.730,0.895,-0.010,-0.006
-86.894,-4.244,10.108,-9.798,0.646,0.779,0.883,-0.010,-0.007
-86.631,-4.161,9.541,-9.807,0.644,0.892,0.871,-0.012,-0.006
-86.381,-4.079,8.983,-9.793,0.632,0.916,0.859,-0.010,-0.007
-86.114,-4.000,8.432,-9.805,0.626,0.987,0.847,-0.008,-0.006
-85.883,-3.919,7.941,-9.811,0.602,1.016,0.832,-0.008,-0.006
-85.648,-3.832,7.412,-9.812,0.591,1.026,0.818,-0.006,-0.007
-85.380,-3.728,6.890,-9.819,0.554,1.123,0.802,-0.008,-0.006
-85.086,-3.624,6.377,-9.801,0.539,1.214,0.788,-0.010,-0.006
-84.780,-3.536,5.918,-9.810,0.536,1.335,0.770,-0.010,-0.006
-84.416,-3.435,5.425,-9.793,0.517,1.432,0.751,-0.008,-0.006
-84.080,-3.329,4.947,-9.773,0.493,1.448,0.730,-0.007,-0.005
-83.764,-3.220,4.483,-9.801,0.473,1.481,0.712,-0.006,-0.005
-83.524,-3.114,4.075,-9.805,0.445,1.457,0.693,-0.007,-0.005
-83.228,-3.012,3.640,-9.803,0.450,1.554,0.671,-0.007,-0.005
-82.903,-2.925,3.216,-9.795,0.458,1.654,0.650,-0.008,-0.004
-82.559,-2.784,2.806,-9.820,0.362,1.748,0.627,-0.009,-0.005
-82.249,-2.667,2.451,-9.798,0.354,1.802,0.600,-0.008,-0.004
-81.915,-2.533,2.076,-9.546,0.320,1.799,0.575,-0.006,-0.003
-80.769,-2.393,1.690,-9.579,0.296,3.175,0.541,0.015,-0.001
-79.806,-2.315,1.372,-9.582,0.363,3.229,0.495,0.030,-0.001
-78.838,-2.245,1.059,-9.937,0.390,3.348,0.444,0.053,0.001
-78.313,-2.123,0.789,-10.107,0.291,2.832,0.407,0.035,-0.001
-77.950,-2.026,0.568,-10.051,0.287,2.728,0.369,0.009,-0.002
-77.453,-1.916,0.350,-10.035,0.256,2.998,0.325,-0.020,-0.002
-77.172,-1.785,0.163,-9.677,0.189,2.641,0.289,-0.038,-0.002
-76.671,-1.630,-0.009,-9.753,0.124,3.073,0.254,-0.026,-0.001
-76.826,-1.538,-0.141,-9.710,0.186,2.057,0.221,-0.012,-0.002
-77.688,-1.387,-0.243,-9.788,0.067,0.899,0.202,0.006,-0.003
-78.840,-1.215,-0.335,-9.877,0.002,0.299,0.191,0.004,-0.002
-80.644,-1.071,-0.418,-9.918,0.008,-0.942,0.191,-0.011,-0.002
-82.081,-0.932,-0.518,-9.867,-0.010,-0.642,0.201,-0.021,-0.002
-83.365,-0.833,-0.629,-9.830,0.025,-0.635,0.208,-0.027,-0.003
-84.461,-0.731,-0.750,-9.770,0.002,-0.566,0.217,-0.013,-0.003
-85.228,-0.615,-0.881,-9.864,-0.042,-0.257,0.222,0.005,-0.005
-86.149,-0.516,-1.014,-9.790,-0.038,-0.636,0.227,0.012,-0.006
-83.037,-0.638,-1.168,-9.401,0.323,6.209,0.195,0.001,-0.004
-79.531,-0.797,-1.264,-10.082,0.475,8.602,0.083,0.046,-0.002
-77.877,-1.004,-1.286,-9.809,0.505,4.740,-0.006,-0.016,0.002
-77.285,-0.916,-1.268,-9.906,0.027,3.173,-0.046,-0.042,0.002
-77.968,-0.893,-1.218,-9.552,0.105,1.088,-0.063,0.000,-0.000
-80.537,-0.642,-1.144,-9.768,-0.267,-2.112,-0.065,0.027,-0.000
-83.074,-0.506,-1.094,-10.001,-0.120,-2.552,-0.039,0.007,0.001
-84.760,-0.405,-1.069,-9.796,-0.075,-1.452,-0.019,-0.027,0.001
-84.709,-0.358,-1.060,-9.777,-0.004,0.996,-0.015,-0.020,0.000
-85.475,-0.291,-1.050,-9.816,-0.045,-0.294,-0.008,0.005,-0.001
-86.872,-0.192,-1.059,-9.782,-0.092,-1.247,0.021,0.011,-0.001
-87.400,-0.205,-1.071,-9.835,0.054,-0.308,0.023,0.020,-0.001
-88.232,-0.131,-1.080,-9.820,-0.081,-0.868,0.018,0.011,0.000
-89.213,-0.039,-1.097,-9.896,-0.122,-1.249,0.029,0.001,0.001
-89.752,-0.079,-1.130,-9.957,0.071,-0.695,0.053,-0.023,0.000
-87.829,-0.153,-1.157,-9.556,0.133,3.114,0.037,-0.005,0.000
-86.900,-0.211,-1.157,-9.879,0.119,1.856,-0.004,0.001,-0.000
-87.154,-0.179,-1.150,-9.832,-0.019,0.105,-0.011,-0.009,0.001
-87.243,-0.176,-1.143,-9.820,0.027,0.375,-0.011,-0.016,0.001
-87.999,-0.125,-1.133,-9.726,-0.050,-0.697,-0.012,-0.005,0.000
-88.911,-0.053,-1.129,-9.879,-0.092,-1.097,-0.004,0.003,-0.000
-88.940,-0.055,-1.133,-9.800,0.011,0.135,0.006,0.006,-0.000
-88.862,-0.057,-1.135,-9.813,0.014,0.297,0.003,0.006,0.000
-89.028,-0.042,-1.135,-9.835,-0.013,-0.063,0.001,-0.001,0.000
-89.069,-0.062,-1.135,-9.825,0.038,0.110,-0.001,-0.007,0.001
-88.959,-0.064,-1.132,-9.803,0.013,0.331,-0.005,-0.001,-0.000
-89.085,-0.051,-1.129,-9.827,-0.008,-0.017,-0.004,0.000,0.000
-89.239,-0.038,-1.128,-9.816,-0.013,-0.083,-0.002,-0.000,-0.000
-89.413,-0.039,-1.126,-9.819,0.008,-0.133,-0.003,-0.007,-0.000
-89.682,-0.035,-1.122,-9.822,0.000,-0.313,-0.005,-0.006,0.000
-89.742,-0.013,-1.122,-9.802,-0.028,-0.037,-0.001,-0.003,0.000
-89.595,-0.006,-1.123,-9.822,-0.008,0.268,0.001,0.005,0.000
-89.631,-0.012,-1.124,-9.774,0.011,0.011,0.003,0.003,0.000
-89.634,-0.027,-1.123,-9.846,0.026,0.062,-0.002,-0.004,0.001
-89.474,-0.035,-1.118,-9.828,0.019,0.321,-0.008,-0.009,0.001
-89.502,-0.045,-1.112,-9.837,0.022,0.054,-0.010,-0.007,0.001
-89.529,-0.022,-1.107,-9.802,-0.029,0.050,-0.007,-0.005,0.000
-89.510,-0.007,-1.103,-9.681,-0.019,0.107,-0.007,0.002,0.001
-89.727,0.007,-1.096,-9.806,-0.020,-0.257,-0.010,0.003,0.000
-90.393,0.053,-1.095,-9.851,-0.072,-0.997,-0.003,-0.003,0.000
-90.093,0.035,-1.095,-9.783,0.018,0.401,0.000,-0.001,0.000
-90.028,0.044,-1.094,-9.799,-0.019,0.082,-0.001,0.002,-0.000
-90.122,0.046,-1.097,-9.817,-0.011,-0.169,0.003,0.003,-0.000
-89.929,0.042,-1.097,-9.754,-0.002,0.278,0.000,0.000,0.000
-90.020,0.034,-1.094,-9.820,0.007,-0.128,-0.005,-0.001,0.001
-90.151,0.035,-1.095,-9.845,-0.009,-0.204,0.002,-0.005,-0.000
-89.871,0.004,-1.095,-9.807,0.042,0.409,-0.001,0.001,-0.001
-90.014,0.011,-1.095,-9.835,-0.014,-0.227,-0.000,0.004,-0.001
-90.058,0.020,-1.096,-9.801,-0.016,-0.070,0.003,-0.001,-0.000
-89.860,0.008,-1.095,-9.789,0.015,0.300,-0.002,-0.002,0.000
-90.101,0.005,-1.094,-9.847,0.004,-0.352,-0.001,-0.001,0.000
-89.907,-0.007,-1.094,-9.818,0.018,0.283,-0.000,0.002,0.000
-90.037,0.004,-1.094,-9.828,-0.015,-0.187,0.000,0.002,0.000
-90.099,0.005,-1.095,-9.811,-0.002,-0.102,0.001,-0.000,0.001
-89.973,-0.002,-1.095,-9.810,0.011,0.200,-0.001,-0.001,-0.000
-90.102,0.013,-1.094,-9.828,-0.023,-0.195,-0.001,-0.001,-0.000
-89.986,0.009,-1.095,-9.804,0.003,0.162,0.001,0.001,-0.000
-90.027,0.020,-1.094,-9.816,-0.019,-0.062,-0.000,0.000,-0.001
-90.079,0.017,-1.094,-9.816,0.000,-0.086,-0.000,-0.000,-0.001
-89.980,0.012,-1.093,-9.806,0.004,0.142,-0.001,-0.001,-0.001
-90.067,0.026,-1.094,-9.809,-0.024,-0.129,0.000,-0.002,-0.000
-90.002,0.026,-1.094,-9.813,-0.005,0.091,0.001,-0.001,-0.000
-89.961,0.016,-1.094,-9.815,0.011,0.062,-0.000,0.001,-0.000
-90.038,0.018,-1.094,-9.821,-0.007,-0.126,0.000,0.000,-0.000
-89.967,0.011,-1.094,-9.807,0.008,0.105,-0.000,-0.001,0.000
-90.000,0.015,-1.094,-9.809,-0.008,-0.045,-0.001,-0.000,-0.000
-89.986,0.018,-1.094,-9.811,-0.008,0.020,0.001,0.001,-0.001
-89.948,0.023,-1.094,-9.831,-0.012,0.060,0.001,0.001,-0.001
-89.970,0.020,-1.095,-9.836,0.001,-0.028,0.001,-0.001,-0.001
-89.945,0.021,-1.095,-9.807,-0.004,0.047,0.000,-0.003,0.000
-89.962,0.026,-1.094,-9.805,-0.011,-0.017,-0.001,-0.001,0.000
-89.972,0.028,-1.094,-9.803,-0.008,-0.009,0.001,0.000,0.000
-89.987,0.027,-1.095,-9.821,-0.003,-0.019,0.001,0.001,-0.000
-89.988,0.021,-1.095,-9.817,0.005,0.001,0.001,-0.000,-0.001
-89.939,0.013,-1.095,-9.814,0.008,0.080,0.000,-0.001,-0.001
-89.934,0.012,-1.095,-9.814,-0.001,0.018,-0.000,-0.001,0.001
-89.942,0.009,-1.095,-9.811,0.003,-0.001,0.000,-0.000,0.000
-89.943,0.009,-1.095,-9.813,-0.002,0.009,-0.000,-0.000,-0.001
-89.993,0.006,-1.095,-9.811,0.002,-0.075,0.000,-0.001,-0.001
-89.961,0.005,-1.096,-9.814,0.002,0.052,0.000,-0.000,0.000
-89.930,0.006,-1.096,-9.811,-0.004,0.054,0.000,-0.000,-0.000
-89.935,0.010,-1.096,-9.816,-0.008,0.005,0.001,-0.000,-0.001
-89.902,0.007,-1.097,-9.816,0.003,0.061,0.001,0.000,0.000
-89.931,0.008,-1.097,-9.822,-0.003,-0.031,0.001,-0.001,-0.001
-89.934,0.007,-1.098,-9.817,-0.001,0.007,0.001,-0.001,-0.001
-89.922,0.014,-1.098,-9.808,-0.012,0.032,0.001,-0.000,-0.000
-89.957,0.024,-1.099,-9.821,-0.019,-0.042,0.001,-0.000,0.000
-89.930,0.027,-1.099,-9.814,-0.008,0.050,0.001,-0.000,-0.000
-89.919,0.020,-1.099,-9.811,0.008,0.032,-0.000,0.000,0.000
-89.938,0.020,-1.099,-9.823,-0.003,-0.016,-0.000,-0.000,0.000
-89.930,0.015,-1.099,-9.816,0.004,0.023,0.001,0.001,0.000
-89.945,0.009,-1.099,-9.819,0.007,-0.012,0.001,0.001,0.000
-89.928,0.008,-1.100,-9.812,-0.001,0.038,0.000,0.000,-0.000
-89.905,0.006,-1.100,-9.823,0.001,0.047,0.001,0.000,-0.000
-89.914,0.005,-1.099,-9.818,0.001,0.003,-0.001,-0.001,-0.000
-89.917,0.006,-1.099,-9.822,-0.003,0.010,-0.000,-0.000,0.000
-89.932,0.011,-1.100,-9.819,-0.008,-0.008,0.001,0.000,0.000
-89.938,0.011,-1.100,-9.818,-0.001,0.002,0.001,-0.000,-0.000
-89.933,0.006,-1.100,-9.813,0.006,0.019,0.001,-0.000,-0.000
-89.922,0.005,-1.100,-9.814,0.000,0.029,0.000,-0.001,0.000
-89.923,0.006,-1.101,-9.815,-0.001,0.012,0.000,-0.001,0.000
-89.929,0.002,-1.101,-9.818,0.005,0.004,0.001,-0.001,0.000
-89.927,0.002,-1.101,-9.813,-0.001,0.016,0.001,0.000,-0.000
-89.918,0.001,-1.102,-9.823,0.002,0.028,0.001,0.000,-0.000
-89.906,0.002,-1.102,-9.822,-0.002,0.032,0.001,0.000,0.000
-89.912,0.002,-1.102,-9.816,0.000,0.007,0.000,-0.000,0.001
-89.922,0.001,-1.102,-9.819,0.002,-0.002,0.000,0.001,-0.000
-89.924,-0.003,-1.102,-9.810,0.006,0.009,0.000,0.001,0.000
-89.925,0.003,-1.103,-9.814,-0.008,0.012,0.001,0.000,0.000
-89.922,0.007,-1.102,-9.807,-0.008,0.018,-0.000,-0.000,0.000
-89.919,0.012,-1.103,-9.812,-0.008,0.019,0.000,-0.001,0.000
-89.913,0.012,-1.102,-9.820,-0.002,0.024,-0.001,-0.001,0.000
-89.916,0.018,-1.102,-9.810,-0.011,0.011,-0.001,0.000,0.000
-89.934,0.013,-1.102,-9.816,0.004,-0.014,0.000,-0.000,0.000
-89.939,0.012,-1.102,-9.817,0.001,0.003,-0.001,-0.001,0.000
-89.935,0.008,-1.101,-9.823,0.004,0.017,-0.000,0.000,-0.000
-89.920,0.016,-1.101,-9.822,-0.014,0.035,0.000,-0.000,-0.000
-89.905,0.022,-1.102,-9.818,-0.013,0.038,0.000,-0.000,0.000
-89.909,0.018,-1.102,-9.820,0.004,0.009,0.000,0.000,0.000
-89.924,0.016,-1.102,-9.813,-0.001,-0.010,-0.000,0.001,-0.000
-89.941,0.017,-1.101,-9.814,-0.004,-0.014,-0.000,0.000,-0.000
-89.947,0.019,-1.102,-9.816,-0.007,0.001,0.000,0.000,0.000
-89.935,0.017,-1.101,-9.810,0.001,0.029,-0.000,0.000,0.000
-89.918,0.012,-1.101,-9.814,0.005,0.037,0.000,-0.000,-0.001
-89.921,0.012,-1.101,-9.820,-0.002,0.010,-0.001,0.000,0.000
-89.933,0.010,-1.101,-9.814,0.002,-0.004,-0.001,-0.001,0.000
-89.936,0.006,-1.101,-9.817,0.004,0.007,0.000,-0.000,-0.000
-89.938,0.005,-1.101,-9.805,0.001,0.008,0.000,-0.000,-0.000
-89.930,0.002,-1.101,-9.819,0.004,0.022,0.000,0.000,-0.001
-89.926,-0.007,-1.101,-9.817,0.013,0.019,-0.000,-0.001,-0.000
-89.929,-0.006,-1.100,-9.809,0.000,0.009,-0.000,-0.001,0.000
-89.933,-0.006,-1.100,-9.818,0.001,0.007,-0.001,-0.001,0.000
-89.943,0.001,-1.100,-9.817,-0.009,-0.003,0.000,-0.001,0.000
-89.936,0.003,-1.100,-9.815,-0.004,0.023,0.000,-0.001,0.000
-89.937,0.007,-1.101,-9.814,-0.006,0.010,0.001,-0.001,0.000
-89.936,0.012,-1.100,-9.817,-0.010,0.013,-0.000,-0.000,0.000
-89.932,0.013,-1.100,-9.811,-0.003,0.018,-0.000,-0.000,-0.000
-89.937,0.014,-1.100,-9.817,-0.004,0.004,0.000,0.000,-0.000
-89.939,0.010,-1.101,-9.807,0.003,0.007,0.001,-0.000,-0.000
-89.944,0.008,-1.101,-9.820,0.004,0.004,-0.000,-0.000,0.001
-89.946,0.010,-1.101,-9.816,-0.005,0.007,0.000,-0.001,0.001
-89.930,0.012,-1.100,-9.819,-0.005,0.035,-0.000,-0.000,0.001
-89.919,0.011,-1.100,-9.813,0.001,0.031,-0.000,-0.000,0.000
-89.927,0.000,-1.100,-9.817,0.014,0.002,0.000,-0.000,-0.000
-89.940,-0.002,-1.100,-9.822,0.003,-0.007,-0.001,-0.001,-0.000
-89.951,0.003,-1.100,-9.825,-0.007,-0.008,-0.000,-0.000,-0.000
-89.947,0.008,-1.100,-9.817,-0.010,0.017,0.000,-0.001,-0.001
-89.938,0.009,-1.100,-9.818,-0.004,0.023,0.000,-0.000,-0.000
-89.942,0.006,-1.100,-9.820,0.003,0.004,-0.000,0.000,-0.000
-89.936,0.008,-1.100,-9.816,-0.003,0.020,-0.000,-0.001,0.000
-89.936,0.013,-1.100,-9.814,-0.011,0.013,0.000,-0.001,-0.000
-89.936,0.015,-1.100,-9.812,-0.007,0.011,-0.001,-0.001,-0.001
-89.937,0.016,-1.100,-9.815,-0.004,0.010,0.001,-0.000,-0.000
-89.943,0.010,-1.100,-9.816,0.007,0.002,0.000,0.001,0.000
-89.941,0.007,-1.100,-9.823,0.004,0.013,0.000,-0.000,-0.000
-89.935,0.007,-1.100,-9.807,-0.002,0.020,-0.000,-0.001,0.000
-89.937,0.008,-1.100,-9.814,-0.002,0.009,-0.001,-0.001,-0.000
-89.938,0.011,-1.100,-9.825,-0.006,0.010,0.000,-0.001,0.000
-89.943,0.013,-1.100,-9.817,-0.006,0.003,-0.000,-0.001,0.000
-89.940,0.014,-1.099,-9.818,-0.003,0.014,-0.001,-0.001,0.000
-89.928,0.013,-1.099,-9.817,-0.001,0.032,0.000,-0.000,0.000
-89.925,0.015,-1.099,-9.820,-0.005,0.016,0.000,0.000,0.000
-89.929,0.017,-1.099,-9.815,-0.005,0.008,-0.000,-0.000,0.000
-89.924,0.014,-1.099,-9.819,0.002,0.020,-0.000,-0.001,-0.001
-89.922,0.008,-1.098,-9.806,0.008,0.017,-0.001,-0.000,0.000
-89.927,0.009,-1.098,-9.814,-0.002,0.005,0.000,-0.001,0.000
-89.926,0.008,-1.099,-9.820,-0.002,0.014,0.001,-0.000,-0.001
-89.927,0.010,-1.099,-9.820,-0.004,0.012,0.000,-0.001,-0.001
-89.929,0.011,-1.099,-9.824,-0.004,0.010,0.000,-0.001,0.000
-89.926,0.014,-1.099,-9.821,-0.007,0.017,0.000,-0.000,0.000
-89.932,0.014,-1.099,-9.817,-0.002,0.004,0.000,-0.001,0.000
-89.938,0.009,-1.099,-9.814,0.006,0.004,0.000,-0.000,-0.000
-89.934,0.005,-1.100,-9.822,0.004,0.017,0.001,-0.000,0.000
-89.930,0.008,-1.100,-9.823,-0.007,0.017,0.000,0.000,0.000
-89.928,0.011,-1.100,-9.810,-0.005,0.015,-0.000,0.000,0.000
-89.924,0.012,-1.099,-9.814,-0.004,0.020,-0.000,-0.001,0.001
-89.928,0.009,-1.099,-9.825,0.002,0.007,-0.001,0.000,0.000
-89.933,0.008,-1.100,-9.813,0.000,0.004,0.001,-0.001,-0.001
-89.934,0.006,-1.100,-9.817,0.001,0.011,0.000,-0.000,-0.001
-89.935,-0.000,-1.099,-9.816,0.008,0.009,-0.001,0.000,-0.001
-89.934,0.005,-1.099,-9.815,-0.009,0.013,-0.001,-0.000,-0.001
-89.930,0.003,-1.099,-9.819,0.001,0.019,-0.000,-0.000,-0.001
-89.930,0.007,-1.099,-9.810,-0.008,0.012,0.001,0.000,-0.001
-89.931,0.005,-1.099,-9.809,0.002,0.010,-0.000,-0.001,0.000
-89.928,0.006,-1.099,-9.813,-0.002,0.018,0.000,-0.000,0.000
-89.932,0.011,-1.099,-9.812,-0.008,0.005,-0.000,-0.001,0.001
-89.927,0.011,-1.099,-9.812,-0.002,0.020,-0.001,-0.001,0.000
-89.926,0.014,-1.098,-9.819,-0.007,0.014,-0.000,-0.001,0.000
-89.935,0.012,-1.099,-9.813,0.002,0.000,0.000,-0.001,0.001
-89.932,0.005,-1.099,-9.822,0.008,0.017,0.000,-0.001,-0.000
-89.935,0.009,-1.099,-9.817,-0.008,0.007,0.000,-0.000,-0.000
-89.935,0.007,-1.099,-9.820,0.002,0.011,0.000,0.000,0.000
-89.935,0.005,-1.099,-9.813,0.002,0.011,0.000,0.000,0.001
-89.941,-0.000,-1.099,-9.822,0.008,0.002,0.000,-0.000,0.001
-89.938,-0.003,-1.099,-9.822,0.006,0.014,0.000,-0.000,0.001
-89.940,-0.002,-1.099,-9.807,-0.001,0.008,0.000,0.000,0.001
-89.935,-0.003,-1.099,-9.829,0.002,0.017,-0.000,0.001,0.000
-89.930,0.001,-1.099,-9.806,-0.007,0.019,0.000,-0.001,-0.001
-89.933,0.012,-1.099,-9.820,-0.017,0.007,-0.001,-0.000,-0.001
-89.940,0.012,-1.099,-9.807,-0.003,0.002,-0.000,-0.001,0.000
-89.943,0.016,-1.098,-9.821,-0.008,0.005,-0.000,-0.001,-0.000
-89.939,0.008,-1.099,-9.816,0.010,0.017,0.000,-0.000,0.000
-89.931,0.005,-1.099,-9.821,0.002,0.023,0.001,-0.000,0.000
-89.929,0.007,-1.099,-9.817,-0.004,0.015,-0.000,-0.000,-0.000
-89.930,0.006,-1.099,-9.817,-0.001,0.011,-0.000,-0.001,-0.000
-89.933,0.009,-1.098,-9.818,-0.006,0.006,-0.001,-0.000,-0.000
-89.931,0.010,-1.098,-9.817,-0.004,0.015,-0.000,-0.000,-0.001
-89.923,0.014,-1.098,-9.816,-0.007,0.025,0.000,0.000,0.000
-89.913,0.019,-1.098,-9.811,-0.010,0.029,-0.000,-0.000,0.001
-89.915,0.026,-1.098,-9.816,-0.014,0.012,-0.001,-0.000,0.000
-89.921,0.024,-1.097,-9.816,-0.002,0.006,-0.001,-0.000,0.000
-89.917,0.025,-1.098,-9.815,-0.005,0.020,0.000,-0.000,0.000
-89.913,0.022,-1.098,-9.813,-0.001,0.020,0.000,-0.000,-0.000
-89.918,0.019,-1.098,-9.813,0.001,0.007,0.001,-0.000,-0.000
-89.921,0.020,-1.098,-9.817,-0.006,0.010,-0.000,0.000,-0.000
-89.924,0.021,-1.097,-9.811,-0.005,0.008,-0.001,0.000,-0.000
-89.927,0.023,-1.097,-9.817,-0.007,0.009,0.000,-0.001,-0.000
-89.935,0.026,-1.097,-9.828,-0.008,0.001,0.000,-0.001,-0.000
-89.939,0.027,-1.098,-9.818,-0.006,0.006,0.000,-0.000,0.000
-89.941,0.031,-1.098,-9.816,-0.010,0.008,-0.000,-0.001,0.000
-89.934,0.028,-1.098,-9.807,-0.001,0.020,0.000,0.000,0.000
-89.927,0.024,-1.098,-9.812,0.002,0.025,0.000,-0.001,0.000
-89.929,0.026,-1.098,-9.817,-0.007,0.010,-0.000,-0.001,0.000
-89.937,0.023,-1.098,-9.813,0.001,0.000,-0.000,-0.001,-0.000
-89.939,0.020,-1.098,-9.824,-0.001,0.009,-0.000,-0.000,-0.001
-89.933,0.020,-1.097,-9.823,-0.002,0.020,-0.000,-0.000,-0.000
-89.920,0.018,-1.098,-9.818,-0.002,0.031,0.000,0.000,-0.000
-89.919,0.017,-1.098,-9.820,-0.001,0.016,0.000,-0.000,-0.001
-89.919,0.017,-1.098,-9.824,-0.002,0.013,0.000,0.000,0.000
-89.915,0.013,-1.098,-9.817,0.004,0.020,0.001,0.000,-0.000
-89.923,0.017,-1.098,-9.820,-0.010,0.001,-0.001,0.000,-0.000
-89.925,0.017,-1.098,-9.807,-0.003,0.010,-0.000,-0.000,0.000
-89.926,0.028,-1.097,-9.819,-0.020,0.011,-0.001,0.000,-0.000
-89.929,0.026,-1.097,-9.816,-0.002,0.008,0.000,-0.000,-0.001
-89.921,0.030,-1.097,-9.825,-0.011,0.025,0.000,0.000,-0.000
-89.920,0.030,-1.097,-9.819,-0.005,0.016,0.000,-0.001,-0.001
-89.921,0.023,-1.097,-9.810,0.005,0.013,0.000,-0.001,-0.001
-89.924,0.022,-1.097,-9.814,-0.002,0.010,-0.000,-0.001,-0.000
-89.921,0.017,-1.097,-9.820,0.003,0.019,0.000,-0.001,-0.000
-89.916,0.013,-1.097,-9.822,0.004,0.022,0.000,-0.001,0.000
-89.913,0.015,-1.098,-9.814,-0.005,0.020,0.001,-0.000,-0.000
-89.906,0.017,-1.098,-9.812,-0.006,0.025,0.001,-0.001,-0.000
-89.909,0.015,-1.098,-9.819,0.001,0.013,-0.000,-0.000,0.000
-89.908,0.017,-1.098,-9.812,-0.005,0.016,0.000,0.001,0.001
-89.914,0.014,-1.098,-9.814,0.002,0.006,0.000,0.000,0.001
-89.916,0.014,-1.098,-9.816,-0.002,0.011,0.000,-0.000,0.000
-89.910,0.019,-1.098,-9.818,-0.009,0.024,0.000,0.000,0.000
-89.906,0.020,-1.099,-9.812,-0.005,0.023,0.001,-0.001,0.001
-89.902,0.012,-1.098,-9.813,0.008,0.023,-0.000,0.000,-0.000
-89.900,0.010,-1.098,-9.819,0.001,0.019,0.000,0.000,-0.001
-89.910,0.006,-1.098,-9.817,0.005,0.001,-0.000,-0.000,0.000
-89.919,0.003,-1.098,-9.823,0.004,0.002,-0.001,-0.001,0.000
-89.913,0.003,-1.097,-9.819,-0.001,0.024,-0.001,-0.000,-0.001
-89.908,0.006,-1.097,-9.813,-0.006,0.023,-0.000,-0.000,-0.000
-89.903,0.000,-1.097,-9.811,0.007,0.023,0.000,-0.001,-0.001
-89.900,0.003,-1.097,-9.811,-0.005,0.023,0.000,-0.000,-0.000
-89.910,0.004,-1.097,-9.817,-0.002,0.000,-0.000,-0.001,0.000
-89.917,0.006,-1.096,-9.828,-0.004,0.004,-0.001,0.000,-0.000
-89.916,0.008,-1.096,-9.825,-0.004,0.016,-0.000,0.000,-0.001
-89.913,0.011,-1.096,-9.807,-0.007,0.019,-0.001,0.001,0.000
-89.909,0.016,-1.096,-9.825,-0.008,0.020,-0.000,0.000,0.000
-89.911,0.018,-1.096,-9.819,-0.006,0.013,0.000,0.000,-0.000
-89.915,0.012,-1.096,-9.811,0.006,0.010,0.000,-0.001,0.001
-89.916,0.007,-1.096,-9.819,0.006,0.012,0.001,0.000,0.000
-89.926,0.003,-1.097,-9.826,0.005,-0.002,0.001,-0.000,-0.000
-89.925,0.003,-1.097,-9.828,-0.001,0.014,0.000,-0.000,0.000
-89.915,0.006,-1.097,-9.814,-0.006,0.029,0.000,-0.000,-0.000
-89.912,0.008,-1.097,-9.810,-0.004,0.019,-0.000,-0.000,0.000
-89.915,0.012,-1.096,-9.816,-0.007,0.012,-0.001,-0.001,-0.000
-89.915,0.012,-1.096,-9.826,-0.003,0.015,-0.000,-0.001,-0.000
-89.919,0.005,-1.096,-9.813,0.009,0.009,0.000,-0.000,-0.000
-89.919,-0.002,-1.097,-9.801,0.009,0.014,0.001,-0.001,-0.001
-89.918,0.002,-1.097,-9.815,-0.006,0.016,0.000,-0.000,-0.000
-89.911,0.007,-1.097,-9.816,-0.009,0.025,0.000,-0.000,-0.000
-89.905,0.008,-1.097,-9.825,-0.002,0.025,0.000,-0.000,-0.000
-89.903,0.012,-1.097,-9.816,-0.007,0.020,0.000,-0.000,0.001
-89.903,0.016,-1.097,-9.815,-0.009,0.017,0.000,-0.001,0.000
-89.909,0.019,-1.097,-9.823,-0.007,0.008,-0.000,-0.001,0.001
-89.916,0.014,-1.097,-9.816,0.005,0.006,0.001,-0.001,-0.000
-89.912,0.014,-1.098,-9.817,-0.004,0.020,0.001,-0.000,0.000
-89.910,0.011,-1.098,-9.819,0.004,0.019,0.000,-0.001,0.001
-89.905,0.010,-1.098,-9.819,0.000,0.023,-0.000,0.000,0.000
-89.905,0.016,-1.099,-9.816,-0.010,0.017,0.001,-0.000,0.000
-89.906,0.014,-1.099,-9.816,0.001,0.014,0.000,-0.000,0.000
-89.900,0.015,-1.099,-9.819,-0.004,0.026,-0.000,0.000,0.000
-89.899,0.015,-1.099,-9.812,-0.003,0.018,0.001,0.000,0.000
-89.903,0.009,-1.100,-9.815,0.007,0.010,0.001,0.000,-0.000
-89.907,0.010,-1.100,-9.814,-0.002,0.011,0.000,-0.000,0.001
-89.908,0.010,-1.100,-9.816,-0.002,0.014,0.000,-0.000,0.000
-89.909,0.006,-1.100,-9.819,0.004,0.014,0.001,0.001,-0.000
-89.902,0.003,-1.100,-9.821,0.003,0.027,-0.000,-0.000,-0.001
-89.904,-0.000,-1.100,-9.825,0.005,0.014,0.000,-0.001,0.000
-89.910,0.006,-1.100,-9.813,-0.009,0.007,0.000,0.000,-0.000
-89.913,0.016,-1.100,-9.815,-0.017,0.011,-0.000,-0.000,0.000
-89.910,0.019,-1.100,-9.824,-0.008,0.020,-0.000,0.000,0.000
-89.906,0.015,-1.100,-9.819,0.004,0.023,0.000,0.000,0.000
-89.909,0.020,-1.100,-9.823,-0.010,0.011,0.001,-0.000,0.001
-89.910,0.023,-1.101,-9.828,-0.007,0.015,0.001,-0.001,0.001
-89.908,0.020,-1.101,-9.814,0.001,0.019,-0.000,-0.000,-0.000
-89.909,0.015,-1.101,-9.819,0.004,0.014,-0.000,0.000,0.000
-89.909,0.010,-1.100,-9.808,0.006,0.016,-0.000,-0.000,0.000
-89.910,0.005,-1.100,-9.825,0.007,0.014,0.000,0.000,0.000
-89.909,0.004,-1.101,-9.812,0.002,0.017,0.001,-0.000,0.000
-89.909,0.001,-1.101,-9.819,0.004,0.016,0.000,-0.000,0.000
-89.912,0.002,-1.101,-9.817,-0.002,0.010,0.000,0.000,-0.000
-89.910,0.009,-1.101,-9.818,-0.011,0.017,-0.000,0.001,-0.000
-89.913,0.010,-1.101,-9.813,-0.004,0.010,0.000,0.000,0.000
-89.917,0.013,-1.101,-9.824,-0.006,0.010,-0.000,-0.000,-0.000
-89.909,0.016,-1.101,-9.816,-0.008,0.028,0.000,-0.000,-0.000
-89.908,0.015,-1.101,-9.820,-0.002,0.017,-0.000,-0.001,-0.001
-89.909,0.021,-1.101,-9.811,-0.011,0.015,0.001,0.000,0.000
-89.902,0.022,-1.101,-9.814,-0.005,0.026,0.000,0.000,-0.000
-89.896,0.024,-1.102,-9.804,-0.007,0.025,0.000,0.000,0.001
-89.894,0.024,-1.101,-9.816,-0.004,0.022,-0.000,0.001,0.000
-89.894,0.023,-1.101,-9.820,-0.002,0.017,0.000,0.001,0.000
-89.905,0.017,-1.102,-9.806,0.005,0.001,0.001,0.000,-0.000
-89.901,0.021,-1.102,-9.810,-0.010,0.023,0.000,-0.000,0.000
-89.899,0.025,-1.103,-9.815,-0.010,0.020,0.001,-0.000,0.000
-89.902,0.031,-1.103,-9.819,-0.013,0.013,0.001,-0.000,0.000
-89.902,0.036,-1.104,-9.816,-0.014,0.016,0.001,0.000,-0.000
-89.909,0.039,-1.105,-9.805,-0.011,0.005,0.001,0.000,0.000
-89.905,0.037,-1.105,-9.819,-0.005,0.022,0.000,-0.000,-0.001
-89.897,0.032,-1.105,-9.814,0.002,0.031,0.001,-0.001,0.001
-89.897,0.029,-1.105,-9.825,0.001,0.017,0.001,0.000,0.000
-89.897,0.031,-1.106,-9.824,-0.009,0.017,0.000,0.000,-0.000
-89.894,0.031,-1.106,-9.813,-0.005,0.023,0.001,-0.000,0.000
-89.897,0.030,-1.106,-9.813,-0.003,0.012,0.000,-0.000,-0.000
-89.897,0.029,-1.107,-9.810,-0.004,0.018,0.001,-0.000,-0.000
-89.899,0.029,-1.107,-9.816,-0.005,0.016,0.000,-0.000,-0.000
-89.893,0.028,-1.107,-9.824,-0.004,0.026,0.000,0.000,-0.000
-89.892,0.026,-1.107,-9.820,-0.002,0.020,-0.000,-0.001,-0.000
-89.888,0.023,-1.107,-9.826,0.000,0.025,-0.000,-0.000,-0.001
-89.888,0.021,-1.107,-9.815,0.000,0.019,-0.000,0.000,0.000
-89.897,0.026,-1.107,-9.812,-0.012,0.006,0.000,-0.001,-0.000
-89.890,0.023,-1.107,-9.814,0.000,0.028,0.001,0.000,-0.000
-89.883,0.022,-1.107,-9.814,-0.003,0.030,0.000,0.001,-0.000
-89.883,0.022,-1.107,-9.821,-0.002,0.020,0.000,-0.000,0.000
-89.879,0.020,-1.107,-9.824,0.000,0.026,-0.000,0.000,0.000
-89.888,0.011,-1.107,-9.822,0.011,0.006,0.000,0.000,0.000
-89.898,0.014,-1.107,-9.814,-0.008,0.004,0.000,-0.001,0.000
-89.891,0.013,-1.107,-9.817,0.000,0.029,-0.000,0.000,0.000
-89.893,0.013,-1.107,-9.816,-0.001,0.016,-0.001,0.000,0.001
-89.895,0.007,-1.106,-9.819,0.008,0.014,-0.001,-0.000,0.000
-89.889,0.007,-1.106,-9.807,-0.001,0.029,-0.000,-0.000,0.000
-89.900,0.007,-1.106,-9.819,-0.001,0.001,0.000,0.000,0.001
-89.904,0.008,-1.106,-9.813,-0.002,0.011,0.000,-0.001,-0.000
-89.904,0.004,-1.107,-9.820,0.005,0.017,0.000,-0.001,0.000
-89.907,0.001,-1.107,-9.819,0.004,0.013,0.001,-0.001,0.000
-89.908,0.000,-1.107,-9.819,0.001,0.015,0.000,-0.000,-0.001
-89.902,-0.004,-1.107,-9.817,0.007,0.026,0.000,0.000,0.000
-89.906,-0.003,-1.107,-9.810,-0.002,0.010,0.000,0.000,-0.001
-89.908,0.005,-1.107,-9.817,-0.012,0.014,-0.000,-0.000,0.000
-89.913,0.011,-1.107,-9.821,-0.010,0.007,-0.000,0.000,-0.000
-89.918,0.011,-1.107,-9.816,-0.003,0.007,-0.001,0.000,-0.001
-89.912,0.008,-1.106,-9.818,0.004,0.022,-0.001,0.001,-0.000
-89.908,0.007,-1.106,-9.813,0.000,0.023,-0.001,0.001,-0.000
-89.909,0.006,-1.106,-9.813,-0.001,0.013,-0.000,0.001,-0.000
-89.914,0.007,-1.106,-9.811,-0.002,0.008,0.001,0.000,0.000
-89.910,0.006,-1.106,-9.819,0.001,0.020,-0.000,0.000,0.000
-89.910,0.005,-1.106,-9.821,0.000,0.016,0.000,-0.001,-0.000
-89.910,0.001,-1.106,-9.812,0.005,0.015,0.000,0.000,0.000
-89.904,0.003,-1.106,-9.810,-0.003,0.025,-0.000,0.000,-0.000
-89.908,0.005,-1.106,-9.811,-0.003,0.010,-0.000,0.000,0.000
-89.905,0.013,-1.106,-9.813,-0.013,0.020,-0.000,-0.000,0.000
-89.900,0.019,-1.106,-9.817,-0.012,0.024,0.000,0.001,0.000
-89.911,0.024,-1.106,-9.817,-0.010,0.001,0.000,-0.001,0.001
-89.909,0.023,-1.106,-9.811,-0.004,0.019,0.000,-0.001,-0.001
-89.903,0.025,-1.106,-9.810,-0.007,0.026,0.000,-0.000,0.000
-89.905,0.025,-1.106,-9.814,-0.005,0.013,-0.001,-0.000,-0.000
-89.894,0.020,-1.106,-9.815,0.004,0.035,0.000,-0.001,-0.001
-89.895,0.017,-1.106,-9.819,0.001,0.017,-0.001,-0.001,-0.000
-89.905,0.014,-1.106,-9.819,0.001,0.001,0.000,0.000,-0.000
-89.898,0.013,-1.106,-9.810,-0.001,0.026,0.000,0.000,-0.001
-89.905,0.013,-1.106,-9.810,-0.002,0.007,0.000,-0.000,-0.001
-89.897,0.014,-1.107,-9.811,-0.004,0.029,0.001,0.000,-0.001
-89.896,0.021,-1.107,-9.811,-0.015,0.020,0.001,0.000,0.001
-89.901,0.024,-1.107,-9.822,-0.007,0.010,0.000,0.000,0.001
-89.893,0.022,-1.107,-9.822,-0.001,0.028,0.000,0.000,0.000
-89.893,0.020,-1.107,-9.823,-0.001,0.019,-0.001,-0.000,-0.001
-89.903,0.025,-1.107,-9.815,-0.011,0.003,0.000,-0.001,0.001
-89.907,0.032,-1.107,-9.813,-0.016,0.012,0.000,-0.001,0.000
-89.909,0.033,-1.107,-9.815,-0.006,0.014,0.000,-0.001,0.000
-89.909,0.034,-1.107,-9.823,-0.008,0.014,0.000,0.000,-0.000
-89.908,0.033,-1.107,-9.816,-0.003,0.019,-0.000,-0.001,0.000
-89.907,0.031,-1.107,-9.817,-0.002,0.017,-0.000,-0.001,0.000
-89.910,0.034,-1.107,-9.823,-0.010,0.012,0.000,0.000,-0.000
-89.902,0.031,-1.108,-9.819,-0.002,0.028,0.000,-0.000,-0.000
-89.907,0.024,-1.108,-9.823,0.005,0.009,0.001,-0.000,-0.001
-89.912,0.018,-1.108,-9.813,0.005,0.009,0.000,-0.001,-0.000
-89.911,0.021,-1.108,-9.825,-0.007,0.017,-0.001,-0.001,0.001
-89.909,0.022,-1.108,-9.815,-0.005,0.018,0.000,0.000,0.000
-89.907,0.021,-1.108,-9.816,-0.003,0.019,0.000,0.000,-0.001
-89.904,0.025,-1.108,-9.819,-0.009,0.020,0.000,0.000,0.000
-89.914,0.027,-1.108,-9.815,-0.008,0.002,0.000,-0.001,-0.000
-89.914,0.028,-1.108,-9.825,-0.006,0.016,-0.000,-0.001,-0.000
-89.904,0.029,-1.108,-9.822,-0.007,0.031,-0.000,-0.000,0.000
-89.907,0.027,-1.108,-9.820,-0.002,0.012,0.001,-0.001,-0.000
-89.903,0.025,-1.108,-9.819,-0.001,0.023,0.001,-0.001,-0.000
-89.901,0.019,-1.109,-9.812,0.006,0.020,0.001,-0.000,0.000
-89.909,0.020,-1.109,-9.819,-0.005,0.005,-0.000,-0.000,0.001
-89.902,0.023,-1.108,-9.814,-0.008,0.027,-0.001,-0.001,-0.000
-89.898,0.024,-1.108,-9.822,-0.006,0.024,0.000,-0.000,-0.000
-89.904,0.025,-1.109,-9.814,-0.005,0.007,0.001,-0.000,0.000
-89.898,0.024,-1.109,-9.818,-0.002,0.026,0.001,0.000,0.000
-89.897,0.024,-1.109,-9.819,-0.004,0.020,-0.000,-0.000,0.001
-89.896,0.023,-1.109,-9.822,-0.002,0.018,-0.000,0.000,0.000
-89.897,0.023,-1.109,-9.817,-0.002,0.017,0.000,-0.000,0.001
-89.896,0.019,-1.109,-9.819,0.004,0.019,0.000,-0.000,0.001
-89.904,0.015,-1.109,-9.820,0.002,0.006,-0.000,-0.001,0.000
-89.903,0.011,-1.109,-9.816,0.005,0.019,-0.000,-0.001,0.000
-89.902,0.011,-1.109,-9.808,-0.002,0.018,0.000,0.000,0.000
-89.899,0.009,-1.110,-9.818,0.002,0.022,0.000,0.000,0.001
-89.893,0.010,-1.110,-9.815,-0.004,0.026,0.000,0.000,-0.001
-89.901,0.010,-1.110,-9.810,-0.002,0.007,0.001,0.000,0.000
-89.905,0.009,-1.111,-9.813,0.001,0.011,0.000,0.000,-0.000
-89.902,0.000,-1.111,-9.815,0.013,0.022,0.001,-0.000,-0.000
-89.907,-0.005,-1.111,-9.823,0.008,0.008,0.001,-0.000,-0.001
-89.903,0.002,-1.111,-9.817,-0.010,0.023,0.000,0.000,-0.000
-89.901,0.005,-1.111,-9.806,-0.006,0.020,0.000,-0.001,-0.000
-89.907,0.005,-1.112,-9.806,-0.001,0.007,0.001,-0.000,-0.001
-89.905,0.006,-1.112,-9.825,-0.003,0.020,0.000,-0.000,-0.001
-89.910,0.004,-1.112,-9.817,0.001,0.007,0.001,0.000,-0.000
-89.909,0.005,-1.113,-9.819,-0.001,0.018,0.001,-0.000,0.001
-89.895,0.008,-1.113,-9.822,-0.005,0.038,-0.001,0.000,0.001
-89.894,0.004,-1.112,-9.825,0.006,0.020,-0.000,-0.000,0.000
-89.893,0.005,-1.112,-9.826,-0.003,0.020,0.000,-0.001,0.000
-89.898,0.001,-1.112,-9.822,0.005,0.010,0.000,-0.000,0.000
-89.899,-0.001,-1.113,-9.814,0.004,0.017,0.000,-0.001,0.000
-89.899,0.000,-1.113,-9.812,-0.002,0.017,0.000,-0.001,-0.000
-89.901,0.004,-1.113,-9.811,-0.005,0.016,0.000,-0.000,0.000
-89.907,0.007,-1.113,-9.810,-0.005,0.007,0.000,-0.000,0.000
-89.907,0.015,-1.113,-9.811,-0.013,0.016,-0.000,-0.001,0.001
-89.900,0.010,-1.112,-9.808,0.005,0.029,-0.000,-0.001,0.000
-89.896,0.012,-1.113,-9.812,-0.007,0.025,0.001,-0.001,-0.001
-89.890,0.013,-1.113,-9.807,-0.003,0.026,0.000,0.000,-0.000
-89.893,0.015,-1.113,-9.821,-0.005,0.016,-0.000,-0.001,0.000
-89.898,0.014,-1.113,-9.823,-0.002,0.010,-0.000,0.000,-0.001
-89.895,0.007,-1.112,-9.818,0.009,0.023,-0.001,-0.000,-0.000
-89.889,0.005,-1.112,-9.815,0.001,0.028,-0.001,0.000,-0.001
-89.893,0.011,-1.112,-9.819,-0.010,0.013,0.000,0.000,0.000
-89.890,0.015,-1.112,-9.820,-0.008,0.024,-0.000,0.000,0.000
-89.892,0.016,-1.112,-9.821,-0.004,0.016,0.000,0.000,-0.000
-89.895,0.013,-1.112,-9.816,0.002,0.013,-0.000,0.000,0.000
-89.892,0.022,-1.112,-9.817,-0.015,0.022,0.000,0.000,0.001
-89.896,0.024,-1.112,-9.813,-0.007,0.011,0.000,0.001,-0.000
-89.892,0.027,-1.113,-9.814,-0.010,0.025,0.001,0.001,0.000
-89.887,0.026,-1.112,-9.818,-0.004,0.025,-0.000,0.000,0.000
-89.889,0.030,-1.112,-9.810,-0.010,0.018,-0.000,-0.001,-0.001
-89.895,0.029,-1.112,-9.811,-0.005,0.010,0.000,-0.001,-0.000
-89.902,0.024,-1.112,-9.813,0.003,0.005,-0.001,-0.001,-0.000
-89.901,0.019,-1.111,-9.815,0.004,0.019,-0.000,-0.000,-0.000
-89.899,0.020,-1.112,-9.817,-0.005,0.020,0.001,0.000,-0.001
-89.895,0.020,-1.112,-9.817,-0.004,0.024,-0.000,-0.000,-0.000
-89.895,0.019,-1.112,-9.814,-0.002,0.019,0.000,-0.001,0.000
-89.900,0.012,-1.112,-9.820,0.006,0.011,-0.000,-0.001,-0.001
-89.901,0.010,-1.111,-9.809,0.002,0.017,-0.001,-0.001,0.000
-89.899,0.013,-1.111,-9.818,-0.006,0.020,-0.000,-0.001,0.000
-89.896,0.013,-1.111,-9.817,-0.002,0.023,0.000,-0.001,0.000
-89.887,0.011,-1.111,-9.821,0.001,0.031,0.000,0.001,-0.000
-89.888,0.012,-1.111,-9.819,-0.003,0.016,-0.000,0.001,0.000
-89.886,0.009,-1.111,-9.808,0.002,0.023,0.000,-0.000,0.000
-89.887,0.013,-1.112,-9.813,-0.007,0.018,0.001,0.000,0.001
-89.890,0.017,-1.112,-9.823,-0.010,0.015,0.000,-0.000,0.000
-89.885,0.023,-1.112,-9.823,-0.011,0.028,0.001,-0.002,-0.000
-89.884,0.026,-1.112,-9.813,-0.008,0.022,-0.000,0.000,0.000
-89.886,0.025,-1.112,-9.817,-0.002,0.017,-0.001,-0.001,0.001
-89.879,0.018,-1.112,-9.813,0.007,0.031,0.000,-0.001,0.000
-89.884,0.022,-1.112,-9.819,-0.010,0.013,0.001,-0.001,-0.000
-89.884,0.020,-1.113,-9.817,-0.002,0.020,0.000,-0.001,-0.001
-89.887,0.021,-1.113,-9.810,-0.006,0.016,0.000,-0.000,-0.001
-89.890,0.020,-1.112,-9.807,-0.002,0.016,-0.000,-0.000,-0.000
-89.894,0.022,-1.113,-9.817,-0.008,0.012,0.000,-0.000,-0.001
-89.896,0.022,-1.112,-9.816,-0.004,0.016,-0.001,-0.001,-0.001
-89.901,0.019,-1.112,-9.823,0.001,0.011,-0.000,-0.001,0.000
-89.895,0.019,-1.112,-9.823,-0.005,0.028,0.000,-0.001,-0.000
-89.894,0.017,-1.112,-9.819,0.001,0.020,0.000,-0.000,0.000
-89.897,0.027,-1.112,-9.814,-0.018,0.013,0.000,-0.000,-0.000
-89.899,0.032,-1.112,-9.808,-0.014,0.015,-0.000,-0.001,-0.000
-89.903,0.029,-1.113,-9.798,0.000,0.011,0.001,0.000,0.000
-89.902,0.026,-1.113,-9.810,-0.002,0.019,0.001,-0.001,-0.000
-89.892,0.029,-1.113,-9.816,-0.008,0.032,0.000,0.000,0.000
-89.892,0.029,-1.113,-9.811,-0.005,0.020,0.000,-0.000,0.000
-89.893,0.031,-1.113,-9.815,-0.009,0.016,0.000,0.000,-0.000
-89.892,0.031,-1.113,-9.816,-0.004,0.020,0.000,0.000,0.000
-89.899,0.026,-1.113,-9.817,0.002,0.007,0.000,0.000,0.000
-89.908,0.025,-1.114,-9.822,-0.002,0.002,0.000,-0.000,0.001
-89.908,0.020,-1.114,-9.822,0.004,0.016,0.000,-0.000,0.000
-89.904,0.017,-1.114,-9.823,0.001,0.022,0.001,0.000,-0.000
-89.897,0.019,-1.114,-9.815,-0.007,0.028,-0.000,-0.000,-0.000
-89.896,0.024,-1.114,-9.808,-0.011,0.020,0.001,0.000,-0.000
-89.903,0.026,-1.114,-9.807,-0.007,0.008,0.000,-0.000,-0.000
-89.908,0.032,-1.114,-9.826,-0.014,0.008,0.000,-0.001,0.000
-89.907,0.029,-1.115,-9.820,-0.001,0.017,0.000,0.000,0.000
-89.898,0.023,-1.114,-9.816,0.004,0.031,-0.000,0.000,-0.001
-89.887,0.019,-1.114,-9.814,0.002,0.034,-0.000,0.000,0.000
-89.889,0.018,-1.114,-9.811,-0.001,0.015,-0.000,0.000,0.000
-89.894,0.021,-1.114,-9.814,-0.008,0.012,0.000,0.000,0.000
-89.896,0.023,-1.114,-9.822,-0.008,0.016,-0.000,0.000,-0.001
-89.903,0.019,-1.114,-9.814,0.002,0.008,0.000,-0.001,-0.001
-89.902,0.022,-1.114,-9.817,-0.007,0.019,-0.000,-0.000,0.001
-89.899,0.019,-1.114,-9.820,0.002,0.020,0.000,0.000,0.001
-89.895,0.018,-1.114,-9.810,-0.002,0.025,-0.000,-0.000,0.000
-89.896,0.017,-1.115,-9.820,-0.001,0.016,0.001,-0.000,0.000
-89.907,0.016,-1.115,-9.820,-0.002,0.000,0.001,-0.001,-0.001
-89.909,0.015,-1.116,-9.807,-0.002,0.014,0.001,0.000,-0.000
-89.906,0.013,-1.116,-9.814,0.001,0.020,0.000,-0.000,0.000
-89.903,0.010,-1.116,-9.811,0.002,0.022,0.000,-0.000,-0.001
-89.897,0.006,-1.116,-9.808,0.004,0.026,0.000,0.000,-0.000
-89.900,0.003,-1.115,-9.817,0.004,0.013,-0.000,0.000,0.000
-89.898,-0.000,-1.116,-9.819,0.005,0.020,0.001,0.000,0.000
-89.897,0.001,-1.116,-9.821,-0.002,0.019,0.001,0.000,0.000
-89.897,0.004,-1.116,-9.818,-0.004,0.017,-0.000,-0.000,0.000
-89.894,0.008,-1.116,-9.812,-0.007,0.023,0.000,0.000,0.000
-89.891,0.008,-1.117,-9.813,-0.002,0.023,0.000,-0.000,0.000
-89.894,0.012,-1.117,-9.819,-0.007,0.014,-0.000,-0.001,0.000
-89.897,0.008,-1.117,-9.816,0.003,0.014,0.000,-0.000,-0.000
-89.902,0.013,-1.117,-9.819,-0.008,0.010,0.000,-0.000,-0.000
-89.906,0.012,-1.116,-9.819,0.000,0.011,-0.000,-0.001,0.000
-89.903,0.015,-1.117,-9.816,-0.008,0.022,0.001,-0.000,0.000
-89.899,0.017,-1.117,-9.814,-0.005,0.023,0.000,-0.000,0.000
-89.894,0.016,-1.117,-9.815,-0.002,0.026,-0.000,-0.001,-0.000
-89.892,0.014,-1.116,-9.819,-0.001,0.022,-0.000,0.000,-0.001
-89.892,0.013,-1.117,-9.814,-0.002,0.018,0.001,0.000,-0.001
-89.885,0.010,-1.117,-9.820,0.003,0.032,0.000,-0.001,0.000
-89.886,0.010,-1.117,-9.817,-0.001,0.018,0.000,-0.000,0.000
-89.887,0.007,-1.117,-9.816,0.003,0.019,-0.000,-0.001,0.000
-89.882,0.014,-1.117,-9.813,-0.014,0.028,0.000,-0.001,-0.001
-89.887,0.018,-1.118,-9.825,-0.008,0.013,0.001,-0.001,0.001
-89.889,0.022,-1.117,-9.822,-0.009,0.016,-0.001,-0.001,0.000
-89.883,0.022,-1.118,-9.809,-0.004,0.029,0.001,-0.001,-0.000
-89.889,0.017,-1.118,-9.817,0.004,0.012,-0.000,-0.001,-0.001
-89.889,0.017,-1.117,-9.820,-0.003,0.020,-0.001,-0.001,0.000
-89.891,0.017,-1.118,-9.820,-0.004,0.016,0.001,-0.001,-0.001
-89.898,0.021,-1.118,-9.815,-0.008,0.008,0.000,0.000,-0.001
-89.901,0.022,-1.118,-9.822,-0.005,0.013,0.001,-0.001,-0.000
-89.896,0.024,-1.118,-9.811,-0.008,0.024,0.000,0.000,-0.001
-89.896,0.024,-1.118,-9.807,-0.004,0.019,0.000,0.000,-0.000
-89.896,0.023,-1.118,-9.821,-0.002,0.016,-0.000,0.000,0.001
-89.896,0.025,-1.118,-9.821,-0.006,0.019,-0.000,-0.000,0.000
-89.897,0.019,-1.118,-9.806,0.004,0.016,-0.000,0.001,-0.000
-89.895,0.020,-1.119,-9.814,-0.004,0.020,0.001,0.000,-0.000
-89.894,0.017,-1.119,-9.818,0.002,0.020,0.000,-0.000,0.000
-89.893,0.018,-1.119,-9.820,-0.004,0.020,-0.000,-0.000,0.001
-89.888,0.016,-1.119,-9.817,0.000,0.027,0.001,-0.001,0.000
-89.887,0.014,-1.119,-9.830,0.001,0.020,-0.000,-0.000,0.000
-89.889,0.011,-1.119,-9.823,0.002,0.017,0.000,0.000,0.000
-89.896,0.008,-1.119,-9.820,0.002,0.008,0.000,-0.000,-0.001
-89.898,0.008,-1.119,-9.813,-0.002,0.016,-0.001,-0.000,-0.001
-89.889,0.004,-1.119,-9.813,0.005,0.031,-0.001,0.000,0.000
-89.889,0.004,-1.118,-9.808,-0.001,0.019,-0.000,0.000,0.000
-89.880,0.002,-1.118,-9.815,0.002,0.033,0.000,0.000,-0.000
-89.880,0.001,-1.118,-9.826,0.002,0.020,-0.000,0.000,-0.001
-89.888,-0.004,-1.118,-9.822,0.007,0.008,-0.000,-0.000,0.000
-89.888,0.004,-1.118,-9.819,-0.011,0.020,0.000,-0.001,0.000
-89.889,0.008,-1.119,-9.807,-0.008,0.019,0.000,0.000,-0.000
-89.883,0.009,-1.119,-9.821,-0.002,0.029,0.000,-0.000,-0.000
-89.883,0.007,-1.119,-9.823,0.001,0.020,0.000,-0.000,-0.001
-89.884,0.007,-1.119,-9.819,-0.001,0.019,-0.000,-0.000,0.000
-89.886,0.007,-1.119,-9.812,-0.001,0.017,-0.000,-0.000,0.001
-89.885,0.006,-1.118,-9.820,0.001,0.020,-0.000,0.000,-0.000
-89.885,0.012,-1.118,-9.823,-0.011,0.020,-0.000,-0.000,-0.000
-89.880,0.010,-1.118,-9.820,0.002,0.030,-0.001,-0.002,0.000
-89.878,0.007,-1.117,-9.817,0.003,0.025,-0.001,-0.001,-0.000
-89.877,0.005,-1.117,-9.825,0.001,0.022,0.000,-0.000,-0.000
-89.887,0.006,-1.117,-9.820,-0.002,0.007,0.000,-0.000,-0.000
-89.897,0.014,-1.118,-9.821,-0.014,0.004,0.001,-0.001,0.000
-89.899,0.017,-1.118,-9.819,-0.007,0.014,0.001,0.000,0.001
-89.895,0.009,-1.118,-9.818,0.010,0.023,-0.000,-0.000,0.000
-89.890,0.011,-1.119,-9.813,-0.004,0.027,0.000,0.000,0.000
-89.892,0.014,-1.119,-9.811,-0.007,0.016,0.001,-0.000,0.000
-89.899,0.018,-1.119,-9.821,-0.008,0.006,-0.000,0.000,-0.000
-89.904,0.022,-1.119,-9.820,-0.010,0.011,0.000,-0.000,-0.000
-89.905,0.028,-1.119,-9.817,-0.012,0.014,0.001,0.000,0.001
-89.905,0.024,-1.119,-9.826,0.002,0.016,0.000,0.000,0.000
-89.904,0.026,-1.120,-9.822,-0.008,0.018,0.001,-0.000,-0.000
-89.897,0.023,-1.120,-9.820,0.001,0.028,0.000,-0.001,0.000
-89.896,0.025,-1.121,-9.816,-0.008,0.019,0.001,-0.000,0.000
-89.901,0.027,-1.120,-9.819,-0.005,0.011,-0.000,-0.001,0.001
-89.905,0.027,-1.121,-9.815,-0.004,0.011,0.001,0.000,0.000
-89.907,0.026,-1.121,-9.821,-0.004,0.013,0.001,-0.000,-0.000
-89.911,0.018,-1.121,-9.811,0.008,0.010,0.000,0.000,0.000
-89.904,0.017,-1.122,-9.816,-0.001,0.029,0.001,-0.001,0.000
-89.900,0.023,-1.122,-9.814,-0.014,0.023,0.000,0.000,-0.001
-89.902,0.022,-1.121,-9.821,-0.002,0.015,-0.000,-0.001,-0.000
-89.903,0.019,-1.121,-9.820,0.002,0.014,-0.001,-0.000,0.000
-89.908,0.015,-1.121,-9.819,0.002,0.008,0.000,0.000,-0.000
-89.904,0.013,-1.121,-9.817,0.001,0.023,0.000,0.000,0.000
-89.897,0.009,-1.121,-9.811,0.005,0.028,0.000,0.001,0.001
-89.896,0.009,-1.122,-9.820,-0.001,0.020,0.001,-0.001,-0.000
-89.891,0.007,-1.122,-9.820,0.001,0.025,0.001,-0.001,-0.000
-89.896,0.008,-1.122,-9.825,-0.002,0.013,0.000,-0.001,0.000
-89.897,0.008,-1.122,-9.817,-0.002,0.016,0.000,-0.001,0.000
-89.894,0.005,-1.122,-9.818,0.004,0.023,-0.000,-0.001,-0.000
-89.894,0.009,-1.122,-9.813,-0.006,0.019,0.000,0.000,0.001
-89.892,0.007,-1.123,-9.812,0.001,0.020,0.001,0.000,-0.000
-89.888,0.010,-1.123,-9.816,-0.006,0.025,-0.000,0.000,0.000
-89.899,0.008,-1.122,-9.822,0.001,0.002,-0.001,0.000,-0.000
-89.905,0.010,-1.123,-9.815,-0.004,0.008,0.001,-0.001,0.000
-89.902,0.008,-1.123,-9.826,0.002,0.022,0.001,-0.001,0.000
-89.901,0.010,-1.124,-9.810,-0.004,0.020,0.001,-0.001,-0.000
-89.899,0.008,-1.124,-9.816,0.002,0.020,0.001,0.000,0.000
-89.896,0.006,-1.124,-9.801,0.001,0.022,0.000,-0.000,0.000
-89.898,0.010,-1.124,-9.816,-0.006,0.014,0.000,0.000,0.001
-89.898,0.009,-1.124,-9.814,0.000,0.018,-0.000,0.000,0.000
-89.904,0.005,-1.124,-9.817,0.005,0.007,0.000,-0.000,0.000
-89.902,0.006,-1.124,-9.816,-0.003,0.020,0.000,-0.000,0.000
-89.900,0.006,-1.124,-9.819,-0.001,0.020,0.000,-0.001,-0.000
-89.905,0.008,-1.125,-9.820,-0.004,0.010,0.000,-0.001,0.000
-89.906,0.010,-1.125,-9.813,-0.005,0.016,0.001,-0.001,-0.000
-89.902,0.007,-1.125,-9.814,0.003,0.023,0.000,-0.001,0.000
-89.901,0.006,-1.125,-9.807,0.001,0.020,0.000,-0.001,0.000
-89.896,0.008,-1.125,-9.811,-0.005,0.026,0.000,-0.001,-0.000
-89.896,0.005,-1.125,-9.822,0.004,0.017,-0.001,-0.000,0.000
-89.893,0.003,-1.125,-9.811,0.001,0.024,0.000,-0.000,-0.001
-89.894,0.004,-1.125,-9.807,-0.001,0.016,0.000,0.000,0.000
-89.895,0.000,-1.125,-9.816,0.006,0.018,0.000,-0.000,0.000
-89.897,-0.002,-1.125,-9.810,0.004,0.015,-0.000,-0.000,0.001
-89.892,-0.001,-1.125,-9.816,-0.002,0.026,0.000,-0.000,-0.000
-89.890,0.001,-1.125,-9.811,-0.002,0.023,-0.000,-0.002,0.000
-89.897,0.003,-1.125,-9.820,-0.004,0.008,0.000,-0.001,-0.000
-89.901,0.006,-1.126,-9.817,-0.005,0.012,0.001,-0.001,-0.000
-89.902,0.002,-1.126,-9.811,0.005,0.016,-0.000,0.000,0.000
-89.902,0.006,-1.126,-9.825,-0.006,0.019,0.000,-0.001,0.000
-89.895,0.002,-1.127,-9.809,0.005,0.028,0.001,-0.001,0.000
-89.904,0.008,-1.127,-9.813,-0.009,0.005,0.000,-0.001,0.000
