-89.859,0.015,-0.171,-9.804,-0.005,0.025,0.000,-0.000,0.000
-89.859,0.014,-0.172,-9.805,-0.002,0.023,0.001,-0.000,0.000
-89.869,0.017,-0.172,-9.816,-0.007,0.010,0.001,-0.000,-0.000
-89.865,0.022,-0.173,-9.814,-0.010,0.028,0.001,0.000,-0.000
-89.859,0.025,-0.173,-9.814,-0.008,0.031,0.001,0.001,0.001
-89.858,0.027,-0.173,-9.805,-0.007,0.026,-0.000,-0.000,0.001
-89.861,0.022,-0.174,-9.812,0.002,0.021,0.001,-0.001,0.000
-89.867,0.024,-0.174,-9.808,-0.006,0.016,0.001,-0.001,-0.000
-89.869,0.025,-0.175,-9.807,-0.007,0.019,0.001,0.000,-0.000
-89.869,0.025,-0.175,-9.811,-0.004,0.023,0.001,0.000,0.000
-89.863,0.023,-0.176,-9.809,-0.002,0.032,0.001,-0.000,0.000
-89.867,0.017,-0.176,-9.814,0.007,0.017,0.001,-0.001,0.000
-89.869,0.021,-0.177,-9.817,-0.011,0.019,0.001,-0.000,-0.000
-89.877,0.028,-0.177,-9.807,-0.013,0.011,0.000,-0.000,0.001
-89.876,0.021,-0.177,-9.816,0.006,0.023,0.000,-0.001,0.001
-89.876,0.020,-0.178,-9.823,-0.002,0.023,0.001,-0.001,0.000
-89.873,0.017,-0.178,-9.804,0.003,0.026,0.001,0.001,0.000
-89.865,0.019,-0.178,-9.804,-0.006,0.034,0.000,-0.000,0.001
-89.868,0.022,-0.178,-9.802,-0.008,0.019,0.000,-0.000,-0.001
-89.871,0.025,-0.178,-9.803,-0.008,0.018,0.000,0.001,0.000
-89.874,0.029,-0.179,-9.808,-0.011,0.017,0.001,-0.000,-0.000
-89.873,0.029,-0.179,-9.808,-0.004,0.023,0.000,-0.000,0.000
-89.874,0.029,-0.179,-9.809,-0.004,0.021,0.001,-0.001,0.001
-89.875,0.031,-0.180,-9.808,-0.009,0.022,0.001,-0.001,0.000
-89.866,0.034,-0.180,-9.811,-0.010,0.035,0.000,-0.000,0.001
-89.869,0.029,-0.180,-9.814,0.002,0.019,-0.000,-0.000,0.000
-89.871,0.026,-0.180,-9.808,0.001,0.019,0.001,-0.000,-0.000
-89.873,0.024,-0.180,-9.803,-0.002,0.019,0.000,-0.000,-0.000
-89.874,0.027,-0.180,-9.813,-0.008,0.020,0.000,-0.001,0.001
-89.870,0.031,-0.181,-9.809,-0.011,0.028,0.001,-0.000,0.000
-89.872,0.039,-0.181,-9.816,-0.017,0.019,0.000,0.001,0.001
-89.876,0.038,-0.181,-9.806,-0.004,0.014,0.000,0.000,0.000
-89.875,0.032,-0.181,-9.801,0.003,0.023,0.001,0.000,0.000
-89.866,0.030,-0.182,-9.801,-0.002,0.036,0.001,-0.001,0.000
-89.868,0.026,-0.183,-9.801,0.002,0.020,0.001,-0.001,0.000
-89.869,0.030,-0.183,-9.805,-0.012,0.021,0.001,0.000,-0.001
-89.866,0.031,-0.183,-9.807,-0.007,0.028,-0.000,0.000,0.000
-89.865,0.030,-0.184,-9.810,-0.003,0.023,0.001,-0.000,-0.000
-89.865,0.028,-0.184,-9.815,-0.002,0.024,0.000,-0.001,-0.000
-89.864,0.027,-0.184,-9.814,-0.003,0.026,0.000,-0.001,0.000
-89.866,0.028,-0.184,-9.812,-0.007,0.020,0.000,-0.000,-0.000
-89.864,0.022,-0.185,-9.813,0.004,0.026,0.001,-0.000,0.000
-89.858,0.016,-0.186,-9.817,0.007,0.035,0.001,0.000,0.001
-89.858,0.015,-0.186,-9.807,-0.002,0.024,0.001,0.001,0.000
-89.857,0.013,-0.187,-9.812,0.002,0.025,0.001,-0.000,-0.001
-89.863,0.008,-0.187,-9.799,0.005,0.016,0.001,-0.000,0.000
-89.861,0.006,-0.187,-9.807,0.002,0.026,-0.000,-0.000,0.000
-89.857,0.011,-0.188,-9.811,-0.010,0.031,0.001,-0.000,0.000
-89.861,0.016,-0.188,-9.807,-0.010,0.017,0.001,-0.000,0.000
-89.865,0.014,-0.189,-9.813,0.000,0.019,0.001,-0.000,0.000
-89.864,0.015,-0.189,-9.807,-0.003,0.025,0.001,-0.001,0.001
-89.866,0.016,-0.190,-9.803,-0.005,0.020,0.001,-0.000,-0.000
-89.860,0.011,-0.190,-9.796,0.007,0.032,0.001,0.000,0.000
-89.859,0.013,-0.190,-9.807,-0.005,0.026,0.001,-0.001,0.000
-89.858,0.018,-0.191,-9.810,-0.010,0.026,0.001,-0.000,0.000
-89.862,0.017,-0.191,-9.810,-0.002,0.018,0.001,0.000,0.000
-89.861,0.015,-0.191,-9.805,0.000,0.025,0.000,-0.000,-0.001
-89.856,0.014,-0.192,-9.802,-0.001,0.031,0.001,-0.000,-0.001
-89.855,0.009,-0.192,-9.802,0.006,0.028,0.000,-0.001,-0.000
-89.851,0.012,-0.193,-9.805,-0.007,0.031,0.000,-0.000,0.000
-89.853,0.019,-0.192,-9.814,-0.012,0.023,-0.000,0.000,0.001
-89.859,0.023,-0.193,-9.801,-0.008,0.016,0.001,-0.000,0.000
-89.858,0.025,-0.194,-9.808,-0.007,0.026,0.001,-0.000,0.001
-89.862,0.024,-0.194,-9.795,-0.002,0.018,0.001,0.000,0.000
-89.867,0.028,-0.195,-9.802,-0.009,0.015,0.001,0.000,0.001
-89.863,0.026,-0.195,-9.809,-0.001,0.031,0.000,-0.000,0.000
-89.863,0.026,-0.195,-9.809,-0.005,0.025,0.000,-0.001,0.000
-89.860,0.019,-0.195,-9.810,0.007,0.028,0.000,-0.000,-0.000
-89.856,0.013,-0.196,-9.814,0.007,0.031,0.001,-0.000,0.000
-89.864,0.009,-0.195,-9.811,0.004,0.011,-0.000,-0.000,0.001
-89.862,0.013,-0.196,-9.814,-0.007,0.026,0.001,-0.000,0.001
-89.862,0.015,-0.197,-9.806,-0.006,0.024,0.001,0.000,0.000
-89.865,0.016,-0.197,-9.813,-0.004,0.019,0.001,-0.001,-0.000
-89.857,0.019,-0.197,-9.811,-0.007,0.037,0.000,-0.001,-0.000
-89.860,0.017,-0.198,-9.808,-0.001,0.020,0.000,-0.000,0.000
-89.859,0.016,-0.198,-9.819,-0.002,0.026,0.000,-0.000,-0.001
-89.861,0.014,-0.198,-9.812,0.001,0.020,0.000,0.000,0.000
-89.867,0.012,-0.198,-9.802,0.002,0.015,0.001,-0.001,0.000
-89.862,0.008,-0.199,-9.803,0.004,0.031,0.000,-0.000,0.000
-89.857,0.006,-0.199,-9.806,0.002,0.032,0.001,-0.001,0.000
-89.856,0.009,-0.200,-9.810,-0.005,0.026,0.001,-0.000,0.001
-89.856,0.002,-0.200,-9.811,0.008,0.025,0.001,0.000,-0.000
-89.860,0.001,-0.201,-9.814,0.002,0.019,0.001,0.000,-0.000
-89.862,0.004,-0.201,-9.808,-0.005,0.020,0.001,-0.000,-0.000
-89.864,0.006,-0.202,-9.801,-0.004,0.022,0.001,-0.001,0.000
-89.862,0.009,-0.202,-9.805,-0.006,0.026,0.001,0.000,0.000
-89.861,0.007,-0.203,-9.804,0.002,0.026,0.001,-0.000,-0.001
-89.866,0.009,-0.203,-9.814,-0.004,0.016,0.001,-0.000,0.000
-89.867,0.014,-0.204,-9.816,-0.009,0.022,0.001,0.000,0.001
-89.863,0.017,-0.204,-9.817,-0.007,0.029,0.001,0.000,0.001
-89.858,0.019,-0.204,-9.803,-0.005,0.032,-0.000,-0.000,0.000
-89.850,0.022,-0.204,-9.809,-0.008,0.038,0.000,-0.000,0.000
-89.849,0.026,-0.204,-9.799,-0.010,0.026,0.000,0.000,-0.000
-89.843,0.026,-0.204,-9.810,-0.004,0.036,0.000,-0.000,0.000
-89.840,0.028,-0.205,-9.814,-0.007,0.033,0.001,-0.001,0.001
-89.849,0.028,-0.205,-9.824,-0.005,0.014,0.001,-0.000,0.000
-89.851,0.028,-0.206,-9.810,-0.005,0.022,0.001,0.000,-0.001
-89.849,0.027,-0.206,-9.817,-0.003,0.029,0.000,-0.000,0.001
-89.846,0.023,-0.206,-9.807,0.003,0.032,0.000,-0.001,0.001
-89.845,0.019,-0.206,-9.811,0.002,0.029,-0.000,-0.000,-0.001
-89.843,0.021,-0.206,-9.816,-0.007,0.029,0.001,0.000,0.000
-89.842,0.017,-0.207,-9.809,0.002,0.029,0.001,-0.001,-0.000
-89.838,0.022,-0.207,-9.813,-0.010,0.034,0.001,-0.000,0.000
-89.839,0.023,-0.208,-9.815,-0.005,0.026,0.001,0.000,-0.000
-89.840,0.021,-0.208,-9.819,-0.001,0.025,0.000,0.000,0.000
-89.846,0.014,-0.208,-9.811,0.008,0.017,0.001,0.000,-0.000
-89.843,0.014,-0.209,-9.809,-0.002,0.032,0.000,0.000,0.001
-89.845,0.016,-0.209,-9.808,-0.006,0.024,0.001,-0.001,0.000
-89.849,0.027,-0.209,-9.799,-0.019,0.020,0.001,0.000,0.000
-89.849,0.027,-0.210,-9.803,-0.004,0.026,0.001,0.000,0.000
-89.851,0.025,-0.210,-9.802,-0.002,0.023,0.000,0.000,-0.001
-89.848,0.019,-0.210,-9.816,0.005,0.031,0.000,-0.001,0.000
-89.836,0.013,-0.210,-9.804,0.005,0.045,0.000,-0.000,0.000
-89.841,0.013,-0.210,-9.810,-0.001,0.021,0.000,-0.001,0.000
-89.845,0.010,-0.211,-9.802,0.002,0.021,0.001,-0.001,0.000
-89.846,0.005,-0.211,-9.805,0.007,0.026,0.000,-0.000,0.000
-89.853,0.005,-0.211,-9.804,0.000,0.014,0.000,-0.001,0.000
-89.852,0.004,-0.211,-9.805,-0.001,0.028,0.001,-0.001,-0.001
-89.849,0.008,-0.211,-9.813,-0.007,0.031,-0.000,-0.001,0.000
-89.857,0.013,-0.212,-9.808,-0.008,0.013,0.001,-0.001,0.000
-89.847,0.011,-0.212,-9.806,0.001,0.041,0.001,-0.001,0.001
-89.842,0.014,-0.213,-9.806,-0.006,0.037,0.001,-0.002,-0.000
-89.846,0.022,-0.213,-9.801,-0.014,0.022,0.001,-0.001,0.000
-89.852,0.026,-0.213,-9.803,-0.011,0.017,0.000,0.000,-0.000
-89.853,0.025,-0.214,-9.800,-0.002,0.024,0.001,0.000,0.000
-89.851,0.023,-0.214,-9.807,0.000,0.028,0.001,-0.000,0.001
-89.848,0.022,-0.214,-9.805,-0.002,0.031,0.000,-0.000,-0.000
-89.845,0.019,-0.214,-9.802,0.001,0.032,0.000,-0.000,0.001
-89.848,0.018,-0.214,-9.802,-0.002,0.022,0.000,-0.001,-0.000
-89.852,0.018,-0.215,-9.805,-0.002,0.020,0.002,-0.001,0.000
-89.852,0.017,-0.216,-9.807,-0.001,0.028,0.001,-0.002,0.001
-89.848,0.017,-0.217,-9.808,-0.002,0.034,0.002,-0.003,0.000
-89.857,0.012,-0.219,-9.810,0.006,0.017,0.002,-0.006,0.001
-89.856,0.013,-0.220,-9.804,-0.004,0.033,0.002,-0.007,-0.000
-89.847,0.014,-0.222,-9.808,-0.004,0.043,0.002,-0.004,-0.001
-89.827,0.014,-0.222,-9.803,-0.003,0.056,-0.000,0.001,0.000
-89.826,0.017,-0.220,-9.806,-0.007,0.028,-0.002,0.003,0.000
-89.824,0.016,-0.219,-9.810,-0.002,0.030,-0.001,0.003,-0.000
-89.815,0.013,-0.219,-9.814,0.002,0.042,-0.001,0.003,-0.000
-89.823,0.015,-0.219,-9.814,-0.005,0.018,0.000,0.000,0.000
-89.837,0.013,-0.220,-9.814,0.002,0.009,0.002,-0.001,0.000
-89.851,0.011,-0.224,-9.810,0.001,0.014,0.007,-0.009,0.000
-89.856,0.007,-0.229,-9.802,0.005,0.029,0.008,-0.011,0.000
-89.851,0.002,-0.233,-9.813,0.007,0.041,0.006,-0.008,0.000
-89.836,0.002,-0.237,-9.816,0.000,0.056,0.006,-0.007,0.001
-89.824,0.006,-0.239,-9.807,-0.007,0.054,0.003,-0.005,-0.000
-89.819,0.003,-0.239,-9.813,0.003,0.041,0.001,-0.002,-0.000
-89.823,0.007,-0.240,-9.801,-0.005,0.026,0.002,-0.002,0.001
-89.834,0.009,-0.243,-9.804,-0.004,0.019,0.003,-0.005,0.001
-89.853,0.009,-0.247,-9.812,-0.002,0.010,0.007,-0.011,0.001
-89.853,0.004,-0.251,-9.806,0.008,0.037,0.007,-0.012,0.001
-89.852,0.009,-0.255,-9.802,-0.008,0.037,0.006,-0.011,0.000
-89.850,0.006,-0.260,-9.811,0.003,0.040,0.008,-0.012,-0.000
-89.858,0.004,-0.264,-9.818,0.002,0.022,0.007,-0.010,0.000
Keep still!Calibrate Gyro&Accel!
Gyro bias: 0.005726, -0.009055, 0.007590 Accel bias: -0.095170, -0.043096, 0.050877
icm_20602 id=12
-0.573,0.000,-0.000,-9.820,0.000,0.017,0.000,0.000,-0.000
-6.297,0.002,0.000,-9.808,-0.003,0.013,0.000,0.001,0.000
-11.986,0.005,-0.000,-9.808,-0.005,0.019,0.001,-0.000,0.000
-18.144,0.014,-0.001,-9.811,-0.015,0.010,0.000,0.000,0.001
-23.582,0.022,-0.002,-9.811,-0.014,0.016,-0.001,0.001,0.001
-29.349,0.023,-0.004,-9.813,-0.004,0.014,0.001,0.000,0.000
-34.831,0.027,-0.006,-9.819,-0.007,0.023,0.000,0.000,0.000
-39.526,0.029,-0.009,-9.809,-0.007,0.019,0.000,-0.000,0.000
-44.377,0.028,-0.011,-9.798,-0.001,0.019,0.000,0.000,0.000
-48.871,0.031,-0.013,-9.798,-0.009,0.019,-0.000,0.000,0.001
-53.011,0.033,-0.015,-9.808,-0.007,0.008,-0.000,-0.001,0.001
-56.447,0.035,-0.017,-9.805,-0.008,0.023,-0.001,-0.000,-0.000
-59.922,0.038,-0.019,-9.817,-0.011,0.014,0.000,0.000,-0.000
-63.074,0.040,-0.022,-9.808,-0.008,0.011,0.001,-0.000,-0.000
-65.912,0.039,-0.024,-9.818,-0.005,0.028,0.000,-0.000,-0.000
-68.477,0.041,-0.025,-9.813,-0.010,0.011,-0.001,0.001,0.000
-70.570,0.047,-0.026,-9.814,-0.016,0.015,-0.000,-0.000,0.000
-72.652,0.047,-0.029,-9.815,-0.008,0.025,0.001,-0.001,-0.000
-74.523,0.047,-0.030,-9.813,-0.008,0.014,0.000,-0.000,0.000
-76.187,0.049,-0.032,-9.811,-0.011,0.029,0.000,-0.000,-0.000
-77.683,0.049,-0.033,-9.810,-0.008,0.015,-0.000,0.000,-0.000
-79.023,0.052,-0.034,-9.807,-0.013,0.005,0.000,0.000,0.001
-80.103,0.054,-0.035,-9.818,-0.012,0.020,-0.000,0.000,0.000
-81.172,0.056,-0.036,-9.807,-0.011,0.023,0.000,0.000,0.001
-82.131,0.048,-0.037,-9.817,0.002,0.013,0.000,0.000,-0.001
-82.904,0.048,-0.037,-9.806,-0.008,0.019,-0.001,0.000,0.000
-83.674,0.048,-0.037,-9.793,-0.008,0.014,-0.000,-0.001,0.001
-84.360,0.048,-0.038,-9.800,-0.008,0.013,0.000,-0.000,0.000
-84.964,0.043,-0.038,-9.808,0.000,0.025,-0.001,-0.001,0.001
-85.459,0.040,-0.038,-9.814,-0.002,0.014,-0.000,0.001,0.000
-85.944,0.046,-0.038,-9.800,-0.016,0.022,-0.001,-0.000,-0.000
-86.373,0.049,-0.038,-9.807,-0.013,0.026,-0.001,0.000,-0.000
-86.756,0.052,-0.038,-9.802,-0.013,0.025,-0.000,-0.001,0.000
-87.108,0.052,-0.038,-9.815,-0.010,0.008,-0.001,-0.001,-0.001
-87.413,0.048,-0.039,-9.805,-0.003,0.020,0.000,-0.000,-0.000
-87.658,0.045,-0.040,-9.813,-0.002,0.024,0.001,0.000,0.001
-87.906,0.044,-0.040,-9.811,-0.005,0.014,0.000,0.000,0.001
-88.123,0.041,-0.040,-9.813,-0.003,0.022,-0.000,-0.000,0.001
-88.296,0.041,-0.040,-9.811,-0.005,0.026,0.000,-0.000,0.001
-88.468,0.037,-0.040,-9.805,-0.001,0.025,0.000,-0.000,0.000
-88.618,0.036,-0.040,-9.806,-0.004,0.029,0.000,-0.001,-0.000
-88.763,0.033,-0.041,-9.805,-0.001,0.010,0.000,0.000,-0.000
-88.890,0.029,-0.041,-9.810,0.001,0.013,-0.000,0.001,0.000
-88.981,0.027,-0.041,-9.804,-0.002,0.034,0.000,0.000,0.000
-89.082,0.029,-0.040,-9.817,-0.007,0.017,-0.001,-0.000,0.001
-89.170,0.032,-0.040,-9.807,-0.010,0.021,-0.001,0.000,-0.000
-89.236,0.034,-0.040,-9.807,-0.009,0.029,0.000,-0.001,0.000
-89.313,0.032,-0.040,-9.812,-0.004,0.011,0.001,-0.000,-0.000
-89.378,0.029,-0.041,-9.810,0.000,0.017,0.001,-0.000,-0.000
-89.431,0.031,-0.041,-9.809,-0.009,0.025,0.000,-0.000,0.000
-89.474,0.033,-0.041,-9.810,-0.007,0.031,-0.000,-0.001,0.000
-89.513,0.037,-0.041,-9.806,-0.014,0.024,0.000,-0.000,-0.001
-89.553,0.036,-0.041,-9.805,-0.004,0.020,-0.000,-0.000,0.000
-89.595,0.030,-0.041,-9.810,0.004,0.012,-0.000,0.000,0.000
-89.628,0.029,-0.040,-9.816,-0.004,0.019,-0.001,-0.001,0.000
-89.653,0.035,-0.040,-9.807,-0.013,0.025,-0.000,-0.000,0.000
-89.678,0.037,-0.040,-9.810,-0.010,0.017,-0.000,0.001,0.001
-89.696,0.037,-0.040,-9.815,-0.005,0.027,0.000,0.000,0.001
-89.714,0.033,-0.040,-9.808,-0.001,0.023,0.001,0.000,-0.000
-89.728,0.030,-0.040,-9.802,-0.001,0.026,-0.000,-0.000,0.000
-89.749,0.030,-0.040,-9.798,-0.005,0.013,-0.000,0.000,-0.000
-89.765,0.031,-0.040,-9.804,-0.007,0.019,0.000,-0.000,-0.000
-89.785,0.030,-0.041,-9.805,-0.004,0.010,0.001,-0.000,0.000
-89.796,0.029,-0.041,-9.802,-0.004,0.019,0.001,-0.001,-0.000
-89.810,0.030,-0.041,-9.802,-0.005,0.015,0.000,-0.001,0.000
-89.814,0.028,-0.042,-9.811,-0.002,0.026,0.000,-0.001,0.000
-89.813,0.027,-0.042,-9.807,-0.002,0.034,0.000,-0.001,-0.000
-89.825,0.027,-0.042,-9.803,-0.006,0.013,-0.000,-0.000,-0.000
-89.841,0.024,-0.042,-9.810,0.001,0.006,0.000,-0.000,0.000
-89.843,0.027,-0.042,-9.816,-0.010,0.023,0.000,0.001,0.001
-89.850,0.027,-0.041,-9.802,-0.004,0.016,-0.001,0.000,0.000
-89.853,0.026,-0.041,-9.805,-0.002,0.021,0.000,-0.000,0.000
-89.853,0.034,-0.042,-9.799,-0.016,0.026,0.001,-0.000,0.001
-89.857,0.037,-0.042,-9.811,-0.011,0.017,-0.000,-0.001,0.000
-89.849,0.036,-0.042,-9.811,-0.004,0.037,-0.000,0.000,0.001
-89.844,0.041,-0.042,-9.805,-0.013,0.034,-0.000,0.000,-0.000
-89.851,0.039,-0.041,-9.811,-0.004,0.017,-0.001,-0.000,0.000
-89.850,0.038,-0.041,-9.814,-0.004,0.027,-0.001,-0.000,0.001
-89.848,0.043,-0.041,-9.796,-0.013,0.029,0.000,0.001,0.001
-89.854,0.044,-0.041,-9.803,-0.008,0.016,0.000,-0.000,0.000
-89.851,0.041,-0.042,-9.806,-0.004,0.031,0.001,-0.000,0.000
-89.854,0.047,-0.042,-9.802,-0.017,0.020,0.000,-0.000,0.000
-89.860,0.048,-0.042,-9.810,-0.009,0.017,0.001,-0.000,0.001
-89.858,0.047,-0.043,-9.804,-0.006,0.028,0.000,-0.000,0.000
-89.861,0.046,-0.043,-9.802,-0.007,0.020,0.000,-0.000,0.000
-89.863,0.044,-0.042,-9.807,-0.004,0.021,-0.001,-0.001,0.000
-89.860,0.042,-0.042,-9.810,-0.005,0.028,-0.000,-0.001,-0.001
-89.859,0.036,-0.042,-9.799,0.003,0.027,-0.000,-0.000,0.001
-89.862,0.039,-0.041,-9.803,-0.011,0.019,-0.001,-0.000,0.000
-89.864,0.036,-0.041,-9.808,-0.002,0.020,0.000,0.000,0.000
-89.869,0.034,-0.041,-9.794,-0.003,0.015,-0.001,-0.001,-0.000
-89.871,0.038,-0.040,-9.806,-0.011,0.019,-0.001,0.000,-0.000
-89.871,0.039,-0.041,-9.804,-0.010,0.022,0.000,-0.001,-0.001
-89.871,0.043,-0.041,-9.803,-0.013,0.023,0.000,-0.000,-0.000
-89.865,0.041,-0.041,-9.806,-0.004,0.030,0.000,0.000,-0.000
-89.859,0.041,-0.041,-9.823,-0.007,0.032,0.000,0.000,-0.000
-89.861,0.034,-0.041,-9.802,0.005,0.022,-0.000,-0.001,-0.000
-89.863,0.029,-0.040,-9.808,0.002,0.023,-0.000,-0.001,0.000
-89.863,0.028,-0.040,-9.808,-0.002,0.023,-0.000,-0.000,0.000
-89.864,0.036,-0.040,-9.806,-0.017,0.022,0.000,-0.001,0.000
-89.865,0.037,-0.040,-9.804,-0.008,0.023,0.000,-0.000,-0.000
-89.858,0.041,-0.040,-9.810,-0.012,0.034,-0.001,-0.000,-0.000
-89.864,0.039,-0.040,-9.804,-0.005,0.016,-0.000,-0.001,-0.000
-89.869,0.037,-0.040,-9.810,-0.003,0.015,0.000,-0.000,0.000
-89.864,0.034,-0.040,-9.808,-0.002,0.031,0.000,-0.000,0.000
-89.867,0.036,-0.040,-9.815,-0.010,0.017,-0.000,0.001,-0.000
-89.862,0.040,-0.040,-9.807,-0.013,0.032,0.000,-0.000,-0.000
-89.862,0.034,-0.040,-9.813,0.002,0.024,-0.000,0.000,0.000
-89.866,0.032,-0.040,-9.819,-0.003,0.017,-0.001,-0.000,0.000
-89.851,0.023,-0.040,-9.813,0.009,0.047,-0.000,0.000,0.000
-89.889,0.024,-0.039,-9.789,-0.005,-0.040,-0.001,0.000,0.000
-89.873,0.033,-0.039,-9.803,-0.018,0.044,-0.000,-0.000,-0.000
-89.900,0.033,-0.039,-9.814,-0.006,-0.021,0.001,0.000,-0.001
-89.897,0.035,-0.039,-9.814,-0.009,0.023,0.000,-0.001,0.000
-89.869,0.039,-0.039,-9.809,-0.011,0.062,0.000,-0.001,0.001
-89.864,0.038,-0.039,-9.807,-0.005,0.032,-0.001,-0.001,0.000
-89.859,0.041,-0.038,-9.802,-0.011,0.032,-0.001,-0.000,0.000
-89.869,0.043,-0.038,-9.807,-0.008,0.007,-0.000,0.001,0.001
-89.892,0.045,-0.038,-9.807,-0.010,-0.013,0.001,0.000,0.000
-89.885,0.040,-0.039,-9.816,0.000,0.029,0.000,0.000,0.000
-89.868,0.035,-0.039,-9.805,0.001,0.048,0.000,0.000,0.000
-89.862,0.039,-0.039,-9.807,-0.011,0.032,0.000,-0.001,0.000
-89.850,0.042,-0.039,-9.804,-0.011,0.047,0.001,-0.001,0.001
-89.866,0.046,-0.039,-9.803,-0.014,0.001,-0.000,-0.000,0.000
-89.880,0.041,-0.039,-9.810,0.001,0.002,0.000,-0.001,0.000
-89.884,0.044,-0.039,-9.805,-0.011,0.015,0.000,-0.001,0.000
-89.901,0.048,-0.039,-9.810,-0.014,-0.011,-0.000,0.001,0.001
-89.902,0.049,-0.039,-9.801,-0.011,0.017,0.000,-0.002,-0.000
-89.932,0.049,-0.039,-9.795,-0.007,-0.029,-0.000,-0.000,0.000
-89.949,0.053,-0.041,-9.793,-0.015,-0.020,0.002,0.006,-0.000
-89.941,0.042,-0.043,-9.808,0.008,0.020,0.003,0.001,-0.000
-89.916,0.032,-0.044,-9.789,0.010,0.052,0.002,0.001,0.000
-89.946,0.033,-0.046,-9.809,-0.007,-0.034,0.003,0.002,0.000
-89.836,0.023,-0.047,-9.817,0.010,0.179,0.001,0.002,0.001
-89.757,0.022,-0.046,-9.816,-0.002,0.163,-0.001,-0.000,0.000
-89.799,0.023,-0.044,-9.834,-0.005,-0.022,-0.003,-0.002,-0.000
-89.721,0.018,-0.043,-9.801,0.003,0.160,-0.002,-0.004,-0.000
-89.696,0.022,-0.040,-9.819,-0.008,0.089,-0.004,-0.002,0.000
-89.782,0.029,-0.037,-9.808,-0.014,-0.081,-0.005,-0.001,0.000
-89.825,0.031,-0.035,-9.810,-0.008,-0.028,-0.003,-0.002,0.001
-89.849,0.033,-0.034,-9.810,-0.008,-0.004,-0.002,-0.003,0.001
-89.942,0.035,-0.033,-9.819,-0.008,-0.117,-0.002,-0.002,0.000
-89.951,0.035,-0.033,-9.811,-0.005,-0.003,-0.000,-0.001,0.001
-89.964,0.040,-0.033,-9.807,-0.014,-0.014,-0.000,-0.001,0.001
-89.979,0.042,-0.033,-9.811,-0.010,-0.016,0.001,-0.001,0.001
-89.964,0.041,-0.034,-9.806,-0.005,0.028,0.001,0.000,-0.000
-89.969,0.041,-0.035,-9.808,-0.008,-0.003,0.001,0.001,-0.001
-89.976,0.044,-0.036,-9.812,-0.013,-0.008,0.001,0.001,-0.001
-89.935,0.040,-0.037,-9.806,-0.001,0.066,0.001,0.002,0.000
-89.896,0.041,-0.037,-9.803,-0.008,0.077,0.001,0.001,-0.000
-89.863,0.033,-0.037,-9.808,0.005,0.069,-0.000,0.000,0.000
-89.815,0.027,-0.037,-9.816,0.004,0.100,0.000,-0.001,0.000
-89.776,0.028,-0.035,-9.817,-0.005,0.100,-0.003,-0.002,0.000
-89.771,0.037,-0.034,-9.813,-0.019,0.049,-0.003,-0.003,0.001
-89.803,0.036,-0.033,-9.813,-0.005,-0.009,-0.002,-0.002,-0.000
-89.840,0.035,-0.032,-9.804,-0.005,-0.022,-0.001,-0.002,-0.001
-89.912,0.039,-0.031,-9.793,-0.013,-0.083,-0.002,-0.001,0.000
-89.973,0.048,-0.031,-9.806,-0.019,-0.080,0.001,0.001,0.000
-89.992,0.052,-0.032,-9.805,-0.015,-0.027,0.002,0.002,0.000
-89.990,0.054,-0.033,-9.801,-0.012,0.004,0.001,0.001,-0.001
-89.945,0.046,-0.034,-9.813,0.002,0.071,0.002,0.000,-0.000
-89.860,0.036,-0.035,-9.806,0.007,0.142,0.001,-0.000,-0.000
-89.806,0.023,-0.034,-9.816,0.014,0.109,-0.000,-0.001,0.000
-89.777,0.018,-0.034,-9.811,0.005,0.085,-0.001,-0.002,-0.000
-89.743,0.009,-0.033,-9.816,0.011,0.093,-0.002,-0.003,0.000
-89.749,0.012,-0.031,-9.807,-0.006,0.037,-0.003,-0.002,0.000
-89.753,0.018,-0.029,-9.811,-0.012,0.039,-0.002,-0.002,0.000
-89.753,0.020,-0.027,-9.810,-0.006,0.044,-0.003,-0.002,0.000
-89.791,0.028,-0.025,-9.816,-0.015,-0.015,-0.003,-0.003,0.000
-89.802,0.025,-0.024,-9.811,-0.001,0.023,-0.002,-0.003,-0.000
-89.719,0.027,-0.022,-9.780,-0.007,0.165,-0.003,-0.004,0.000
-89.636,0.013,-0.019,-9.809,0.017,0.179,-0.006,-0.000,0.000
-89.644,0.014,-0.015,-9.809,-0.004,0.050,-0.006,-0.001,0.001
-89.660,0.010,-0.010,-9.814,0.005,0.040,-0.007,-0.003,0.000
-89.610,0.008,-0.006,-9.798,0.002,0.147,-0.008,-0.004,0.001
-89.564,0.003,0.001,-9.790,0.007,0.141,-0.011,-0.003,0.001
-89.477,-0.005,0.009,-9.792,0.012,0.209,-0.012,0.000,0.000
-89.448,-0.004,0.017,-9.799,0.001,0.138,-0.014,0.001,0.001
-89.449,-0.005,0.026,-9.818,0.002,0.091,-0.014,0.001,0.001
-89.418,-0.007,0.035,-9.807,0.007,0.148,-0.016,-0.001,0.001
-89.383,-0.000,0.047,-9.799,-0.009,0.157,-0.019,-0.003,0.001
-89.263,0.002,0.060,-9.802,-0.002,0.293,-0.021,-0.002,0.001
-89.158,-0.001,0.076,-9.800,0.004,0.290,-0.024,-0.001,0.001
-89.111,-0.005,0.091,-9.803,0.007,0.224,-0.028,0.001,0.000
-89.049,-0.013,0.111,-9.809,0.013,0.247,-0.031,0.001,0.000
-89.018,-0.022,0.132,-9.809,0.016,0.212,-0.033,-0.001,0.001
-88.960,-0.022,0.152,-9.801,0.005,0.269,-0.036,-0.001,0.002
-88.853,-0.026,0.177,-9.795,0.012,0.346,-0.039,-0.002,0.001
-88.761,-0.023,0.204,-9.789,0.000,0.341,-0.044,-0.001,0.001
-88.705,-0.027,0.234,-9.795,0.010,0.298,-0.047,0.001,0.002
-88.715,-0.030,0.263,-9.806,0.010,0.204,-0.051,0.001,0.001
-88.780,-0.016,0.297,-9.804,-0.016,0.117,-0.053,0.001,0.001
-88.920,-0.005,0.331,-9.823,-0.016,-0.008,-0.053,-0.000,0.001
-89.143,0.005,0.363,-9.824,-0.015,-0.161,-0.052,-0.002,0.001
-89.347,0.019,0.392,-9.816,-0.025,-0.198,-0.050,-0.005,0.001
-89.553,0.029,0.421,-9.805,-0.018,-0.202,-0.046,-0.006,0.001
-89.761,0.043,0.448,-9.801,-0.026,-0.243,-0.043,-0.005,0.001
-89.938,0.050,0.471,-9.792,-0.018,-0.260,-0.040,-0.002,0.001
-90.171,0.061,0.492,-9.813,-0.026,-0.352,-0.035,-0.001,0.000
-90.409,0.070,0.511,-9.834,-0.024,-0.400,-0.029,-0.001,0.001
-90.644,0.079,0.524,-9.829,-0.026,-0.472,-0.024,-0.002,0.001
-90.863,0.091,0.535,-9.814,-0.031,-0.448,-0.018,-0.003,0.001
-90.999,0.092,0.542,-9.808,-0.017,-0.358,-0.011,-0.003,0.001
-91.109,0.090,0.545,-9.791,-0.012,-0.340,-0.006,-0.001,0.000
-91.180,0.088,0.546,-9.813,-0.013,-0.313,-0.001,0.001,0.000
-91.170,0.085,0.544,-9.788,-0.011,-0.188,0.003,0.003,0.000
-91.066,0.079,0.541,-9.793,-0.004,-0.026,0.005,0.004,0.000
-90.906,0.078,0.538,-9.804,-0.012,0.062,0.004,0.004,0.000
-90.732,0.071,0.537,-9.825,-0.001,0.141,0.004,0.003,0.000
-90.484,0.060,0.536,-9.813,0.006,0.261,0.002,0.001,0.000
-90.297,0.048,0.537,-9.823,0.008,0.239,-0.002,-0.002,-0.001
-90.165,0.037,0.540,-9.815,0.010,0.159,-0.004,-0.004,0.000
-90.069,0.030,0.542,-9.819,0.005,0.139,-0.005,-0.004,-0.000
-90.010,0.022,0.547,-9.813,0.009,0.086,-0.007,-0.006,0.001
-90.019,0.027,0.550,-9.802,-0.012,-0.011,-0.006,-0.006,0.000
-90.040,0.027,0.554,-9.807,-0.005,-0.031,-0.006,-0.005,-0.000
-90.060,0.028,0.557,-9.802,-0.007,-0.034,-0.005,-0.004,0.000
-90.121,0.035,0.560,-9.801,-0.017,-0.113,-0.004,-0.004,-0.000
-89.995,0.061,0.562,-9.737,-0.045,0.174,-0.003,0.001,0.000
-89.817,0.050,0.567,-9.810,0.006,0.272,-0.007,0.006,-0.000
-89.921,0.046,0.570,-9.783,-0.002,-0.149,-0.006,0.003,0.000
-90.023,0.049,0.572,-9.845,-0.011,-0.147,-0.004,0.002,0.000
-89.884,0.030,0.574,-9.793,0.025,0.238,-0.003,-0.004,0.000
-89.847,0.039,0.579,-9.833,-0.019,0.083,-0.007,-0.006,0.000
-89.837,0.036,0.582,-9.815,-0.001,0.048,-0.006,-0.006,-0.000
-89.751,0.027,0.587,-9.799,0.008,0.168,-0.007,-0.006,0.000
-89.779,0.021,0.591,-9.801,0.004,0.004,-0.008,-0.005,-0.000
-89.556,0.009,0.596,-9.733,0.017,0.419,-0.008,-0.003,0.000
-89.377,-0.009,0.605,-9.790,0.027,0.353,-0.013,0.003,-0.000
-89.464,0.012,0.611,-9.805,-0.035,-0.044,-0.011,0.001,0.000
-89.462,0.017,0.618,-9.861,-0.010,0.095,-0.011,0.000,0.001
-89.604,0.017,0.624,-9.829,-0.002,-0.122,-0.009,-0.007,0.000
-89.616,0.037,0.629,-9.766,-0.038,0.056,-0.009,-0.009,0.000
-89.526,0.021,0.636,-9.807,0.019,0.209,-0.011,-0.003,0.000
-89.561,0.027,0.642,-9.768,-0.014,0.023,-0.011,-0.002,0.000
-89.598,0.021,0.649,-9.822,0.005,0.013,-0.010,0.005,-0.000
-89.721,0.021,0.654,-9.825,-0.003,-0.143,-0.009,0.002,0.000
-89.875,0.036,0.659,-9.837,-0.027,-0.194,-0.009,0.001,0.000
-89.921,0.024,0.663,-9.812,0.012,-0.046,-0.006,-0.004,0.000
-89.966,0.030,0.667,-9.804,-0.015,-0.059,-0.006,-0.004,-0.001
-90.047,0.028,0.669,-9.796,-0.001,-0.117,-0.004,-0.003,-0.000
-90.125,0.039,0.670,-9.802,-0.022,-0.129,-0.001,-0.001,-0.000
-90.137,0.032,0.670,-9.801,0.004,-0.040,-0.001,0.000,-0.000
-90.122,0.039,0.670,-9.805,-0.018,0.001,0.000,0.001,0.000
-90.071,0.034,0.669,-9.798,0.002,0.058,0.001,0.001,0.001
-90.026,0.035,0.669,-9.811,-0.007,0.065,0.001,-0.001,0.000
-89.986,0.030,0.669,-9.803,0.002,0.065,-0.000,-0.001,0.000
-89.920,0.021,0.669,-9.811,0.009,0.106,-0.001,-0.001,0.000
-89.867,0.026,0.670,-9.816,-0.011,0.107,-0.001,-0.002,0.001
-89.830,0.027,0.672,-9.824,-0.005,0.083,-0.002,-0.003,0.000
-89.810,0.029,0.673,-9.824,-0.007,0.063,-0.003,-0.004,0.000
-89.781,0.025,0.675,-9.814,0.001,0.087,-0.003,-0.004,0.000
-89.747,0.023,0.679,-9.811,0.000,0.095,-0.005,-0.005,0.000
-89.738,0.019,0.682,-9.810,0.002,0.063,-0.005,-0.005,0.000
-89.780,0.023,0.685,-9.807,-0.008,-0.016,-0.005,-0.004,0.001
-89.456,0.009,0.688,-9.697,0.019,0.586,-0.005,-0.000,-0.000
-89.137,-0.030,0.696,-9.776,0.058,0.582,-0.014,0.007,-0.000
-89.257,-0.014,0.705,-9.823,-0.018,-0.045,-0.013,0.005,0.001
-89.218,-0.012,0.713,-9.886,-0.001,0.191,-0.013,-0.002,0.000
-89.209,-0.019,0.720,-9.825,0.014,0.160,-0.014,-0.012,0.000
-89.314,-0.003,0.730,-9.819,-0.022,-0.013,-0.015,-0.014,0.000
-89.129,0.011,0.738,-9.703,-0.021,0.417,-0.013,-0.016,0.001
-88.898,0.002,0.751,-9.763,0.013,0.506,-0.020,0.001,0.001
-88.933,-0.012,0.763,-9.770,0.023,0.122,-0.022,0.008,0.001
-89.156,0.013,0.777,-9.835,-0.037,-0.178,-0.022,0.013,0.001
-89.446,0.010,0.788,-9.871,0.003,-0.362,-0.019,0.007,0.001
-89.811,0.032,0.797,-9.864,-0.035,-0.475,-0.014,-0.001,0.001
-89.962,0.025,0.803,-9.820,0.007,-0.197,-0.011,-0.007,0.001
-90.092,0.036,0.807,-9.802,-0.023,-0.212,-0.007,-0.005,0.001
-90.298,0.042,0.808,-9.770,-0.015,-0.334,-0.002,-0.001,0.000
-90.455,0.054,0.805,-9.796,-0.026,-0.297,0.004,0.003,0.000
-90.518,0.054,0.802,-9.802,-0.010,-0.193,0.006,0.007,-0.001
-90.565,0.055,0.797,-9.819,-0.011,-0.168,0.008,0.006,-0.001
-90.494,0.052,0.792,-9.807,-0.005,0.019,0.010,0.006,-0.000
-90.268,0.034,0.786,-9.807,0.019,0.259,0.009,0.007,-0.000
-90.108,0.026,0.782,-9.822,0.008,0.223,0.007,0.007,-0.000
-89.917,0.015,0.779,-9.824,0.013,0.277,0.005,0.003,0.000
-89.654,0.003,0.779,-9.835,0.017,0.467,-0.000,-0.001,-0.000
-89.427,-0.008,0.783,-9.832,0.019,0.454,-0.006,-0.004,0.001
-89.286,-0.011,0.790,-9.826,0.007,0.328,-0.011,-0.010,0.001
-89.224,-0.008,0.798,-9.806,-0.003,0.232,-0.014,-0.012,0.000
-89.327,-0.001,0.808,-9.811,-0.009,-0.016,-0.015,-0.012,0.000
-89.614,0.022,0.817,-9.799,-0.035,-0.322,-0.014,-0.010,0.001
-89.858,0.034,0.821,-9.783,-0.024,-0.345,-0.008,-0.007,0.000
-89.835,0.075,0.826,-9.710,-0.068,0.052,-0.007,0.009,0.001
-89.598,0.041,0.832,-9.774,0.040,0.385,-0.009,0.011,0.001
-89.875,0.041,0.835,-9.811,-0.005,-0.420,-0.006,0.014,0.000
-90.147,0.059,0.835,-9.896,-0.037,-0.415,-0.000,0.009,-0.001
-89.966,0.024,0.835,-9.817,0.051,0.284,-0.000,0.002,0.000
-89.864,0.016,0.839,-9.826,0.008,0.169,-0.006,-0.005,0.000
-89.898,0.022,0.842,-9.802,-0.013,-0.029,-0.005,-0.005,0.001
-89.767,0.016,0.844,-9.805,0.005,0.224,-0.003,-0.004,0.000
-89.761,0.009,0.847,-9.803,0.010,0.053,-0.006,-0.003,0.000
-89.984,0.024,0.850,-9.813,-0.026,-0.302,-0.004,-0.004,-0.000
-90.044,0.028,0.850,-9.803,-0.010,-0.089,-0.001,-0.002,0.001
-89.943,0.024,0.851,-9.796,0.002,0.168,-0.001,-0.001,0.000
-89.951,0.027,0.851,-9.785,-0.008,-0.003,-0.001,-0.001,0.000
-89.936,0.028,0.851,-9.807,-0.005,0.032,0.000,0.000,0.001
-89.828,0.024,0.852,-9.817,0.002,0.196,-0.001,-0.001,0.001
-89.809,0.025,0.854,-9.812,-0.005,0.065,-0.003,-0.003,-0.000
-89.823,0.029,0.855,-9.808,-0.010,0.017,-0.003,-0.005,-0.000
-89.788,0.031,0.857,-9.792,-0.007,0.087,-0.003,-0.003,0.001
-89.863,0.035,0.859,-9.796,-0.013,-0.090,-0.003,-0.001,0.000
-90.005,0.041,0.859,-9.793,-0.014,-0.198,-0.000,-0.001,-0.000
-89.991,0.037,0.858,-9.818,-0.001,0.021,0.001,0.001,-0.001
-89.981,0.034,0.858,-9.808,-0.003,0.016,0.001,0.002,-0.001
-90.010,0.036,0.856,-9.819,-0.010,-0.044,0.002,0.002,-0.000
-89.875,0.016,0.855,-9.801,0.025,0.208,0.002,0.000,-0.000
-89.778,0.010,0.855,-9.811,0.008,0.187,-0.000,0.001,0.000
-89.749,0.008,0.856,-9.802,0.002,0.087,-0.002,0.000,0.001
-89.682,0.007,0.858,-9.808,0.000,0.150,-0.002,-0.003,0.000
-89.647,0.005,0.859,-9.822,0.002,0.118,-0.003,-0.004,0.000
-89.732,0.021,0.861,-9.815,-0.026,-0.067,-0.003,-0.004,-0.000
-89.735,0.009,0.864,-9.807,0.016,0.045,-0.003,-0.004,0.000
-89.735,0.011,0.865,-9.802,-0.005,0.047,-0.003,-0.003,0.000
-89.809,0.011,0.867,-9.804,-0.002,-0.068,-0.002,-0.002,0.000
-89.899,0.019,0.867,-9.813,-0.017,-0.120,-0.000,0.000,-0.001
-89.882,0.013,0.867,-9.794,0.007,0.044,0.001,-0.001,0.000
-89.876,0.017,0.867,-9.802,-0.010,0.031,-0.000,0.001,0.000
-89.865,0.021,0.866,-9.804,-0.008,0.038,0.001,0.000,0.001
-89.822,0.018,0.866,-9.797,0.001,0.096,0.000,0.001,0.001
-89.869,0.021,0.866,-9.819,-0.008,-0.044,0.001,0.001,0.000
-89.884,0.021,0.866,-9.810,-0.003,-0.003,0.000,-0.001,-0.000
-89.856,0.018,0.865,-9.814,0.001,0.063,0.001,0.000,0.000
-89.802,0.011,0.865,-9.816,0.009,0.117,0.001,0.000,0.000
-89.747,0.013,0.866,-9.814,-0.005,0.128,-0.001,-0.001,0.001
-89.730,0.007,0.867,-9.821,0.008,0.072,-0.002,-0.002,0.000
-89.695,0.008,0.869,-9.826,-0.004,0.104,-0.003,-0.003,-0.000
-89.660,0.009,0.871,-9.810,-0.003,0.116,-0.004,-0.004,-0.001
-89.621,0.013,0.874,-9.797,-0.007,0.123,-0.004,-0.004,0.001
-89.682,0.053,0.876,-9.790,-0.071,-0.036,-0.004,-0.003,0.001
-89.236,-0.002,0.883,-9.807,0.078,0.738,-0.010,0.013,0.000
-89.222,-0.022,0.895,-9.823,0.031,0.140,-0.019,0.013,0.000
-89.271,0.001,0.904,-9.827,-0.036,0.042,-0.016,0.008,0.000
-89.205,-0.030,0.915,-9.874,0.049,0.232,-0.017,-0.002,0.001
-89.226,-0.006,0.927,-9.786,-0.031,0.113,-0.020,-0.011,0.001
-89.096,0.004,0.943,-9.789,-0.016,0.343,-0.025,-0.009,0.000
-88.989,-0.014,0.958,-9.746,0.031,0.344,-0.026,-0.007,0.001
-88.989,-0.005,0.976,-9.761,-0.010,0.166,-0.028,0.005,0.001
-89.072,-0.016,0.994,-9.823,0.018,0.037,-0.029,0.008,0.000
-89.347,0.004,1.010,-9.841,-0.033,-0.319,-0.028,0.006,0.000
-89.625,0.022,1.025,-9.855,-0.029,-0.323,-0.024,-0.001,0.000
-89.815,0.027,1.037,-9.826,-0.011,-0.224,-0.019,-0.007,0.001
-89.919,0.038,1.047,-9.787,-0.024,-0.143,-0.017,-0.004,0.000
-89.995,0.033,1.055,-9.787,0.002,-0.105,-0.013,0.002,0.001
-90.198,0.049,1.062,-9.797,-0.032,-0.354,-0.011,0.006,0.001
-90.409,0.054,1.064,-9.835,-0.016,-0.369,-0.005,0.007,0.001
-90.572,0.055,1.064,-9.832,-0.010,-0.327,-0.000,0.003,0.000
-90.566,0.065,1.063,-9.813,-0.027,-0.090,0.002,0.002,0.001
-90.405,0.054,1.062,-9.817,0.007,0.154,0.002,-0.000,0.000
-90.339,0.057,1.061,-9.819,-0.014,0.044,0.002,0.000,0.000
-90.262,0.062,1.060,-9.810,-0.016,0.062,0.002,0.000,0.001
-90.163,0.049,1.059,-9.806,0.011,0.123,0.001,0.001,0.000
-90.183,0.051,1.059,-9.814,-0.011,-0.063,-0.000,0.000,0.001
-90.117,0.046,1.059,-9.816,-0.002,0.072,0.000,-0.001,-0.000
-90.001,0.038,1.059,-9.802,0.007,0.181,-0.001,-0.001,0.001
-89.962,0.043,1.061,-9.817,-0.014,0.061,-0.002,-0.001,0.001
-89.958,0.047,1.061,-9.811,-0.013,0.013,-0.001,-0.001,0.001
-89.938,0.042,1.062,-9.815,0.001,0.044,-0.002,-0.001,-0.000
-89.927,0.040,1.065,-9.818,-0.004,0.029,-0.004,-0.002,0.000
-89.922,0.042,1.066,-9.799,-0.010,0.023,-0.003,-0.003,0.000
-89.879,0.039,1.067,-9.809,-0.002,0.081,-0.002,-0.002,0.000
-89.874,0.036,1.069,-9.808,-0.001,0.030,-0.002,-0.002,0.001
-89.922,0.036,1.070,-9.810,-0.005,-0.057,-0.002,-0.003,0.000
-89.939,0.045,1.071,-9.813,-0.019,-0.011,-0.001,-0.002,0.001
-89.938,0.040,1.071,-9.790,0.000,0.013,-0.001,-0.002,0.000
-89.978,0.043,1.071,-9.806,-0.011,-0.057,0.000,-0.001,0.001
-89.991,0.046,1.070,-9.817,-0.011,-0.016,0.001,-0.001,0.000
-89.962,0.042,1.069,-9.801,-0.001,0.050,0.001,0.001,0.000
-89.924,0.043,1.069,-9.810,-0.009,0.064,0.001,0.001,0.001
-89.862,0.043,1.069,-9.821,-0.006,0.121,0.000,-0.000,-0.000
-89.804,0.040,1.070,-9.807,-0.002,0.116,-0.001,-0.001,0.001
-89.787,0.041,1.072,-9.799,-0.010,0.063,-0.003,-0.002,0.001
-89.800,0.042,1.073,-9.805,-0.008,0.019,-0.002,-0.003,0.001
-89.818,0.043,1.073,-9.795,-0.007,0.006,-0.001,-0.002,0.001
-89.834,0.040,1.074,-9.805,-0.004,0.007,-0.001,-0.001,-0.000
-89.819,0.039,1.074,-9.816,-0.006,0.053,-0.001,-0.002,-0.001
-89.765,0.036,1.075,-9.818,-0.002,0.126,-0.002,-0.003,-0.001
-89.711,0.037,1.077,-9.813,-0.007,0.127,-0.003,-0.003,0.001
-89.697,0.032,1.079,-9.806,0.001,0.074,-0.003,-0.003,-0.000
-89.749,0.026,1.082,-9.811,0.004,-0.034,-0.004,-0.003,0.000
-89.849,0.031,1.084,-9.808,-0.011,-0.111,-0.003,-0.002,-0.000
-89.949,0.036,1.084,-9.795,-0.013,-0.130,-0.001,-0.000,0.000
-89.992,0.046,1.083,-9.796,-0.023,-0.066,0.002,0.001,0.001
-89.989,0.045,1.082,-9.805,-0.005,0.004,0.002,0.002,0.000
-89.974,0.044,1.081,-9.814,-0.007,0.026,0.002,0.002,-0.001
-89.908,0.034,1.080,-9.813,0.008,0.107,0.001,0.001,-0.001
-89.812,0.029,1.080,-9.823,0.002,0.181,0.000,-0.001,-0.000
-89.719,0.019,1.080,-9.820,0.011,0.179,-0.001,-0.002,-0.000
-89.630,0.007,1.082,-9.811,0.017,0.203,-0.002,-0.002,-0.000
-89.568,-0.003,1.085,-9.799,0.013,0.164,-0.004,-0.005,-0.001
-89.557,-0.003,1.089,-9.808,0.002,0.097,-0.007,-0.005,0.001
-89.572,-0.005,1.094,-9.809,0.004,0.058,-0.008,-0.006,0.001
-89.613,-0.003,1.099,-9.804,-0.002,0.008,-0.008,-0.006,0.000
-89.732,0.005,1.102,-9.795,-0.013,-0.114,-0.006,-0.005,-0.000
-89.179,-0.033,1.106,-9.674,0.059,0.893,-0.005,0.005,0.000
-88.809,-0.059,1.115,-9.780,0.045,0.704,-0.016,0.012,-0.000
-89.005,-0.036,1.123,-9.812,-0.029,-0.139,-0.014,0.008,0.001
-89.002,-0.026,1.131,-9.891,-0.009,0.177,-0.012,-0.001,0.000
-88.894,-0.042,1.140,-9.816,0.029,0.351,-0.015,-0.012,0.000
-89.056,-0.025,1.151,-9.802,-0.019,-0.048,-0.018,-0.015,-0.000
-89.196,-0.006,1.160,-9.774,-0.026,-0.043,-0.014,-0.012,0.000
-89.016,-0.003,1.168,-9.698,-0.002,0.412,-0.013,0.001,0.000
-88.969,-0.025,1.179,-9.777,0.038,0.233,-0.019,0.016,0.000
-89.268,0.006,1.189,-9.851,-0.044,-0.310,-0.016,0.019,-0.000
-89.609,0.017,1.195,-9.911,-0.020,-0.417,-0.009,0.009,-0.000
-89.655,0.015,1.198,-9.840,0.001,-0.008,-0.006,-0.005,-0.000
-89.448,-0.008,1.205,-9.809,0.034,0.390,-0.010,-0.009,0.000
-89.468,-0.003,1.212,-9.799,-0.007,0.074,-0.011,-0.010,0.000
-89.636,0.007,1.216,-9.787,-0.014,-0.162,-0.008,-0.008,0.000
-89.743,0.000,1.219,-9.794,0.010,-0.117,-0.005,-0.005,0.001
-90.077,0.017,1.222,-9.788,-0.026,-0.474,-0.004,-0.001,-0.000
-90.432,0.045,1.219,-9.793,-0.047,-0.569,0.005,0.003,0.000
-90.473,0.047,1.212,-9.792,-0.011,-0.150,0.011,0.007,-0.000
-90.360,0.038,1.205,-9.803,0.006,0.083,0.011,0.011,0.000
-90.266,0.037,1.198,-9.823,-0.005,0.091,0.012,0.010,0.000
-89.952,0.019,1.193,-9.827,0.021,0.438,0.009,0.006,-0.001
-89.551,-0.012,1.192,-9.840,0.051,0.699,0.002,0.001,-0.000
-89.233,-0.038,1.196,-9.834,0.042,0.580,-0.007,-0.006,0.000
-89.090,-0.036,1.203,-9.838,0.003,0.387,-0.013,-0.011,0.000
-89.072,-0.042,1.213,-9.801,0.014,0.196,-0.016,-0.013,-0.000
-89.323,-0.026,1.223,-9.801,-0.017,-0.218,-0.015,-0.013,0.000
-89.414,0.019,1.230,-9.675,-0.065,-0.019,-0.011,-0.008,-0.000
-89.337,0.011,1.239,-9.795,0.009,0.212,-0.014,0.008,0.000
-89.553,-0.000,1.245,-9.762,0.018,-0.263,-0.011,0.009,0.001
-89.825,0.025,1.248,-9.862,-0.041,-0.361,-0.006,0.011,-0.001
-89.800,0.007,1.250,-9.830,0.027,0.075,-0.003,-0.002,-0.001
-89.717,0.009,1.255,-9.853,-0.005,0.169,-0.008,-0.004,0.000
-89.600,-0.002,1.262,-9.814,0.017,0.239,-0.010,-0.008,0.001
-89.590,0.005,1.267,-9.805,-0.013,0.095,-0.009,-0.010,-0.000
-89.731,-0.001,1.272,-9.793,0.008,-0.142,-0.008,-0.007,0.001
-90.010,0.032,1.275,-9.737,-0.050,-0.382,-0.005,-0.003,0.001
-90.007,0.045,1.278,-9.796,-0.025,-0.007,-0.005,0.010,0.000
-90.212,0.047,1.279,-9.828,-0.011,-0.365,-0.001,0.012,0.000
-90.369,0.060,1.276,-9.849,-0.029,-0.290,0.004,0.009,-0.000
-90.183,0.027,1.274,-9.826,0.047,0.253,0.004,0.003,-0.000
-89.908,0.017,1.276,-9.832,0.011,0.400,-0.003,-0.002,0.000
-89.787,0.014,1.279,-9.813,0.003,0.227,-0.006,-0.004,0.000
-89.608,0.013,1.284,-9.815,-0.001,0.322,-0.007,-0.006,-0.000
-89.575,0.002,1.290,-9.807,0.016,0.125,-0.009,-0.007,0.000
-89.817,0.019,1.295,-9.790,-0.029,-0.336,-0.009,-0.006,0.000
-89.859,0.042,1.298,-9.734,-0.038,-0.031,-0.005,-0.002,0.000
-89.785,0.036,1.301,-9.796,0.002,0.148,-0.006,0.003,0.001
-89.861,0.035,1.303,-9.773,-0.003,-0.084,-0.004,0.004,0.000
-89.893,0.041,1.304,-9.825,-0.017,-0.037,-0.001,0.005,0.000
-89.877,0.023,1.306,-9.822,0.022,0.044,-0.002,-0.000,0.001
-89.943,0.031,1.308,-9.817,-0.016,-0.079,-0.004,-0.003,0.000
-89.924,0.030,1.309,-9.801,-0.004,0.045,-0.002,-0.003,0.000
-89.942,0.045,1.310,-9.784,-0.028,-0.016,-0.001,0.000,0.000
-90.112,0.053,1.308,-9.792,-0.020,-0.282,0.003,0.003,0.001
-90.244,0.057,1.305,-9.805,-0.015,-0.229,0.005,0.003,0.001
-90.154,0.046,1.302,-9.812,0.009,0.110,0.005,0.003,-0.000
-89.968,0.050,1.300,-9.811,-0.015,0.260,0.003,0.003,0.000
-89.813,0.046,1.298,-9.823,-0.001,0.270,0.003,0.002,0.000
-89.645,0.028,1.298,-9.822,0.020,0.295,0.000,-0.001,-0.000
-89.554,0.014,1.301,-9.814,0.020,0.221,-0.004,-0.004,0.000
-89.573,0.025,1.305,-9.819,-0.020,0.051,-0.007,-0.005,0.000
-89.576,0.031,1.309,-9.798,-0.014,0.073,-0.006,-0.005,0.000
-89.610,0.031,1.311,-9.808,-0.006,0.024,-0.004,-0.004,0.001
-89.711,0.032,1.314,-9.813,-0.005,-0.089,-0.004,-0.003,0.001
-89.750,0.031,1.316,-9.816,-0.003,-0.013,-0.004,-0.003,0.000
-89.675,0.029,1.319,-9.819,-0.002,0.164,-0.005,-0.004,0.001
-89.640,0.029,1.322,-9.812,-0.004,0.114,-0.004,-0.004,0.001
-89.681,0.031,1.325,-9.810,-0.008,-0.005,-0.005,-0.004,0.001
-89.755,0.037,1.327,-9.803,-0.014,-0.057,-0.004,-0.003,0.001
-89.842,0.064,1.328,-9.720,-0.051,-0.102,-0.003,-0.003,0.000
-89.603,0.038,1.333,-9.792,0.029,0.390,-0.007,0.009,-0.000
-89.716,0.018,1.338,-9.825,0.024,-0.119,-0.008,0.011,-0.000
-89.815,0.029,1.341,-9.857,-0.022,-0.129,-0.005,0.008,-0.000
-89.718,-0.007,1.345,-9.832,0.051,0.186,-0.006,-0.003,-0.000
-89.664,-0.001,1.351,-9.832,-0.008,0.140,-0.010,-0.007,0.001
-89.598,-0.003,1.357,-9.802,0.003,0.169,-0.011,-0.010,0.000
-89.596,0.006,1.364,-9.797,-0.013,0.081,-0.011,-0.010,0.001
-89.400,0.002,1.370,-9.698,0.005,0.372,-0.010,-0.001,0.000
-89.282,-0.012,1.378,-9.768,0.023,0.295,-0.014,0.009,0.001
-89.596,0.000,1.386,-9.821,-0.017,-0.376,-0.013,0.009,0.000
-89.858,0.006,1.390,-9.868,-0.009,-0.347,-0.006,0.005,0.000
-89.696,-0.010,1.393,-9.817,0.028,0.308,-0.005,-0.005,-0.000
-89.561,-0.014,1.399,-9.810,0.007,0.269,-0.010,-0.008,-0.000
-89.547,-0.008,1.406,-9.800,-0.007,0.108,-0.011,-0.010,-0.000
-89.500,-0.009,1.413,-9.795,0.004,0.160,-0.010,-0.010,0.001
-89.625,-0.002,1.420,-9.773,-0.010,-0.102,-0.012,-0.007,-0.000
-89.482,-0.007,1.426,-9.688,0.009,0.279,-0.009,0.005,0.000
-89.510,-0.016,1.432,-9.800,0.016,0.026,-0.011,0.015,0.000
-89.900,0.023,1.434,-9.804,-0.057,-0.538,-0.003,0.014,0.000
-90.118,0.028,1.432,-9.865,-0.012,-0.333,0.003,0.010,-0.000
-89.979,0.010,1.430,-9.835,0.027,0.214,0.004,0.005,0.001
-89.835,0.002,1.430,-9.810,0.013,0.251,-0.000,-0.001,0.000
-89.637,-0.004,1.431,-9.831,0.009,0.341,-0.002,-0.004,-0.000
-89.382,-0.026,1.435,-9.820,0.035,0.464,-0.005,-0.005,0.001
-89.290,-0.036,1.441,-9.822,0.019,0.257,-0.010,-0.007,-0.000
-89.413,-0.021,1.447,-9.824,-0.019,-0.081,-0.011,-0.010,0.001
-89.510,-0.014,1.454,-9.798,-0.007,-0.040,-0.010,-0.011,0.001
-89.668,-0.002,1.459,-9.797,-0.016,-0.155,-0.008,-0.007,0.001
-89.951,0.021,1.461,-9.796,-0.035,-0.382,-0.004,-0.002,0.000
-90.151,0.039,1.460,-9.794,-0.033,-0.302,0.002,-0.000,-0.001
-90.205,0.043,1.456,-9.799,-0.013,-0.112,0.006,0.003,0.000
-90.120,0.041,1.453,-9.817,-0.005,0.105,0.006,0.004,-0.001
-89.895,0.022,1.451,-9.814,0.022,0.328,0.004,0.002,-0.001
-89.688,0.014,1.451,-9.832,0.011,0.375,0.000,-0.001,0.000
-89.567,0.003,1.453,-9.830,0.017,0.265,-0.003,-0.004,-0.000
-89.534,0.003,1.457,-9.820,-0.001,0.130,-0.007,-0.005,-0.000
-89.566,0.005,1.463,-9.799,-0.004,0.035,-0.008,-0.006,0.000
-89.735,0.019,1.466,-9.795,-0.025,-0.212,-0.005,-0.003,-0.000
-89.961,0.032,1.466,-9.811,-0.023,-0.305,-0.001,-0.001,0.000
-90.084,0.035,1.464,-9.794,-0.010,-0.187,0.003,0.002,0.000
-90.118,0.042,1.461,-9.810,-0.019,-0.075,0.005,0.003,-0.000
-90.060,0.048,1.457,-9.802,-0.016,0.065,0.007,0.005,-0.000
-89.962,0.045,1.454,-9.804,-0.003,0.153,0.007,0.005,0.001
-89.905,0.036,1.450,-9.800,0.007,0.091,0.005,0.004,0.000
-89.885,0.031,1.448,-9.811,0.002,0.047,0.004,0.003,0.000
-89.827,0.032,1.446,-9.810,-0.007,0.119,0.003,0.001,0.000
-89.780,0.035,1.444,-9.798,-0.009,0.100,0.003,0.002,0.000
-89.804,0.038,1.442,-9.806,-0.010,-0.007,0.004,0.004,0.001
-89.814,0.036,1.439,-9.816,-0.004,0.016,0.004,0.003,-0.000
-89.784,0.031,1.438,-9.818,0.001,0.081,0.003,0.001,-0.000
-89.699,0.026,1.437,-9.822,0.002,0.170,0.002,0.000,0.000
-89.545,0.015,1.437,-9.820,0.016,0.316,0.000,-0.001,-0.000
-89.420,0.010,1.439,-9.826,0.006,0.296,-0.003,-0.003,0.001
-89.399,0.013,1.442,-9.817,-0.007,0.136,-0.006,-0.004,0.000
-89.425,0.021,1.446,-9.812,-0.013,0.068,-0.007,-0.006,0.000
-89.471,0.020,1.450,-9.795,-0.002,0.027,-0.007,-0.007,0.000
-89.589,0.028,1.454,-9.801,-0.016,-0.089,-0.006,-0.004,-0.000
-89.767,0.037,1.455,-9.795,-0.019,-0.205,-0.003,-0.002,-0.000
-89.890,0.043,1.455,-9.788,-0.017,-0.172,0.000,0.001,0.000
-89.961,0.040,1.454,-9.795,-0.002,-0.092,0.002,0.001,0.000
-89.913,0.033,1.453,-9.804,0.005,0.087,0.002,0.002,-0.000
-89.766,0.022,1.451,-9.807,0.010,0.242,0.002,0.001,-0.001
-89.656,0.024,1.451,-9.808,-0.006,0.229,-0.000,-0.001,-0.000
-89.606,0.016,1.452,-9.812,0.008,0.139,-0.002,-0.002,-0.000
-89.586,0.011,1.454,-9.804,0.005,0.105,-0.003,-0.004,-0.001
-89.609,0.014,1.457,-9.804,-0.007,0.038,-0.004,-0.003,-0.000
-89.702,0.022,1.458,-9.795,-0.014,-0.075,-0.002,-0.001,0.001
-89.787,0.025,1.458,-9.808,-0.008,-0.094,0.000,-0.001,0.000
-89.818,0.023,1.457,-9.812,-0.001,-0.012,0.001,0.000,0.000
-89.820,0.025,1.456,-9.801,-0.007,0.026,0.001,0.001,0.001
-89.790,0.033,1.456,-9.814,-0.017,0.082,0.001,0.002,0.000
-89.741,0.031,1.455,-9.814,-0.002,0.117,0.001,0.001,0.000
-89.728,0.028,1.455,-9.801,0.001,0.066,0.001,-0.000,0.000
-89.735,0.029,1.454,-9.821,-0.006,0.035,0.001,-0.001,0.000
-89.736,0.028,1.454,-9.798,-0.003,0.043,-0.000,0.000,0.000
-89.776,0.029,1.454,-9.798,-0.007,-0.023,0.001,0.001,0.000
-89.833,0.032,1.452,-9.808,-0.008,-0.051,0.003,0.001,0.001
-89.857,0.033,1.450,-9.799,-0.007,-0.014,0.003,0.002,0.001
-89.883,0.034,1.448,-9.808,-0.006,-0.019,0.004,0.003,0.000
-89.876,0.032,1.445,-9.793,-0.003,0.029,0.005,0.003,-0.000
-89.868,0.030,1.442,-9.799,-0.003,0.030,0.005,0.004,-0.000
-89.891,0.035,1.439,-9.798,-0.013,-0.022,0.005,0.005,-0.000
-89.926,0.037,1.435,-9.805,-0.010,-0.040,0.006,0.005,-0.000
-89.928,0.035,1.431,-9.808,-0.003,0.004,0.007,0.005,-0.001
-89.893,0.038,1.426,-9.808,-0.010,0.062,0.007,0.005,0.000
-89.821,0.029,1.423,-9.817,0.008,0.135,0.007,0.006,0.000
-89.718,0.020,1.419,-9.819,0.009,0.187,0.005,0.004,-0.000
-89.612,0.011,1.417,-9.824,0.013,0.229,0.003,0.002,0.001
-89.519,0.007,1.418,-9.826,0.005,0.226,-0.000,-0.001,0.001
-89.444,0.002,1.418,-9.810,0.007,0.203,-0.001,-0.003,0.000
-89.424,-0.001,1.420,-9.811,0.005,0.133,-0.003,-0.003,0.000
-89.454,0.006,1.423,-9.823,-0.011,0.054,-0.004,-0.003,0.000
-89.502,0.006,1.426,-9.811,-0.001,0.022,-0.005,-0.003,0.000
-89.550,0.004,1.428,-9.804,0.002,0.008,-0.004,-0.004,0.000
-89.621,0.008,1.430,-9.804,-0.007,-0.031,-0.003,-0.004,-0.000
-89.691,0.017,1.432,-9.801,-0.016,-0.041,-0.002,-0.003,0.001
-89.776,0.025,1.432,-9.804,-0.016,-0.091,-0.000,-0.001,0.001
-89.874,0.039,1.431,-9.803,-0.025,-0.115,0.001,0.001,-0.000
-89.925,0.042,1.428,-9.807,-0.011,-0.060,0.004,0.003,-0.000
-89.930,0.041,1.426,-9.804,-0.007,0.000,0.003,0.003,0.000
-89.868,0.036,1.423,-9.810,0.001,0.106,0.005,0.003,-0.000
-89.725,0.025,1.422,-9.807,0.013,0.265,0.002,0.001,0.000
-89.552,0.014,1.423,-9.814,0.015,0.346,-0.001,-0.001,0.000
-89.361,-0.000,1.426,-9.822,0.020,0.379,-0.005,-0.005,0.001
-89.213,-0.007,1.432,-9.826,0.011,0.348,-0.010,-0.008,-0.000
-89.189,-0.008,1.440,-9.814,0.002,0.187,-0.013,-0.011,0.000
-89.295,-0.002,1.448,-9.811,-0.008,-0.016,-0.013,-0.011,0.000
-89.480,0.009,1.455,-9.790,-0.017,-0.157,-0.011,-0.010,0.000
-89.710,0.018,1.460,-9.777,-0.015,-0.262,-0.008,-0.007,0.001
-89.426,0.054,1.462,-9.515,-0.062,0.535,-0.002,-0.015,0.001
-88.762,-0.013,1.472,-9.792,0.095,1.118,-0.016,0.019,0.001
-88.930,-0.024,1.485,-9.820,0.020,-0.066,-0.021,0.016,0.001
-89.054,0.014,1.495,-9.914,-0.061,-0.041,-0.018,0.011,0.000
-88.935,-0.065,1.509,-9.925,0.122,0.360,-0.022,-0.008,0.001
-88.957,-0.027,1.527,-9.764,-0.048,0.169,-0.029,-0.022,0.000
-88.651,-0.020,1.550,-9.787,-0.006,0.668,-0.036,-0.013,0.001
-88.424,-0.047,1.573,-9.700,0.048,0.619,-0.041,-0.006,0.000
-88.198,-0.062,1.603,-9.740,0.029,0.603,-0.048,0.016,-0.000
-88.136,-0.082,1.638,-9.804,0.041,0.386,-0.055,0.020,0.001
-88.461,-0.057,1.674,-9.877,-0.026,-0.205,-0.057,0.016,0.000
-88.781,-0.046,1.705,-9.919,-0.010,-0.284,-0.054,-0.003,0.001
-89.017,-0.042,1.737,-9.835,0.001,-0.141,-0.051,-0.018,0.001
-88.989,-0.031,1.768,-9.756,-0.009,0.229,-0.050,-0.018,0.001
-88.863,-0.034,1.802,-9.725,0.009,0.374,-0.053,-0.008,0.001
-88.928,-0.031,1.835,-9.738,0.002,0.084,-0.053,0.008,0.001
-89.192,-0.014,1.865,-9.832,-0.024,-0.283,-0.051,0.015,0.001
-89.631,0.003,1.893,-9.844,-0.024,-0.559,-0.046,0.010,0.001
-89.979,0.018,1.919,-9.871,-0.024,-0.485,-0.041,0.003,0.000
-90.263,0.028,1.939,-9.826,-0.020,-0.477,-0.034,-0.006,0.000
-90.444,0.045,1.956,-9.793,-0.031,-0.320,-0.027,-0.007,0.000
-90.410,0.041,1.971,-9.778,-0.001,-0.022,-0.024,-0.002,0.001
-90.435,0.042,1.983,-9.767,-0.009,-0.117,-0.022,0.005,0.000
-90.499,0.055,1.996,-9.838,-0.026,-0.183,-0.021,0.009,0.001
-90.689,0.067,2.006,-9.843,-0.027,-0.386,-0.017,0.002,0.001
-90.752,0.073,2.012,-9.853,-0.022,-0.223,-0.010,-0.003,0.000
-90.682,0.059,2.017,-9.819,0.009,-0.014,-0.008,-0.006,-0.001
-90.732,0.063,2.022,-9.805,-0.016,-0.189,-0.007,-0.005,0.000
-90.750,0.064,2.024,-9.772,-0.013,-0.153,-0.003,-0.004,0.001
-90.481,0.046,2.027,-9.802,0.018,0.288,-0.006,0.003,-0.000
-90.355,0.034,2.032,-9.811,0.010,0.110,-0.008,0.004,-0.000
-90.275,0.040,2.037,-9.812,-0.016,0.072,-0.007,0.005,0.000
-90.106,0.014,2.042,-9.838,0.033,0.215,-0.009,0.001,0.000
-89.995,0.003,2.049,-9.799,0.016,0.172,-0.012,-0.001,0.000
-89.880,0.003,2.057,-9.811,0.000,0.200,-0.014,-0.001,0.000
-89.741,0.002,2.066,-9.808,0.001,0.239,-0.014,-0.003,0.000
-89.592,-0.010,2.076,-9.798,0.020,0.300,-0.018,-0.000,-0.000
-89.415,-0.022,2.090,-9.811,0.020,0.344,-0.022,0.002,0.000
-89.241,-0.030,2.106,-9.790,0.017,0.369,-0.026,0.002,0.001
-88.986,-0.040,2.125,-9.804,0.021,0.524,-0.031,0.003,0.001
-88.684,-0.054,2.148,-9.799,0.031,0.689,-0.040,0.003,0.001
-88.335,-0.065,2.178,-9.790,0.025,0.763,-0.048,0.006,0.000
-88.052,-0.078,2.210,-9.801,0.033,0.763,-0.058,0.008,0.001
-87.725,-0.104,2.252,-9.801,0.051,0.834,-0.068,0.010,0.000
-87.269,-0.138,2.300,-9.806,0.068,1.091,-0.078,0.013,-0.001
-86.561,-0.171,2.359,-9.780,0.071,1.563,-0.097,0.018,-0.000
-86.470,-0.175,2.424,-9.870,0.030,0.741,-0.113,0.011,0.001
-86.245,-0.195,2.500,-9.835,0.054,0.957,-0.122,0.003,0.001
-85.388,-0.258,2.587,-9.793,0.124,2.001,-0.144,0.005,0.001
-84.897,-0.278,2.682,-9.669,0.065,1.612,-0.170,0.012,0.001
-84.370,-0.296,2.798,-9.787,0.061,1.683,-0.188,0.026,0.001
-84.001,-0.354,2.914,-9.792,0.130,1.580,-0.208,0.028,0.001
-84.063,-0.403,3.056,-9.863,0.117,0.915,-0.225,0.025,0.001
-83.869,-0.435,3.207,-9.872,0.095,1.313,-0.242,0.023,0.000
-83.970,-0.420,3.354,-9.726,0.024,0.868,-0.258,0.006,0.002
-84.159,-0.435,3.524,-9.813,0.071,0.739,-0.268,0.002,0.003
-84.128,-0.516,3.698,-9.883,0.178,1.064,-0.278,-0.002,0.002
-84.263,-0.549,3.866,-9.704,0.117,0.769,-0.291,0.001,0.003
-84.541,-0.516,4.057,-9.743,0.017,0.537,-0.300,0.013,0.003
-85.058,-0.535,4.253,-9.846,0.094,0.121,-0.305,0.012,0.003
-85.737,-0.553,4.432,-9.858,0.101,-0.328,-0.302,0.010,0.002
-86.385,-0.514,4.626,-9.856,0.015,-0.282,-0.299,0.003,0.002
-87.055,-0.496,4.818,-9.783,0.045,-0.423,-0.296,-0.000,0.002
-87.558,-0.489,5.006,-9.801,0.064,-0.276,-0.291,-0.000,0.003
-88.049,-0.468,5.189,-9.792,0.041,-0.349,-0.285,0.004,0.002
-88.546,-0.441,5.352,-9.792,0.028,-0.523,-0.277,0.008,0.002
-89.232,-0.400,5.526,-9.828,0.009,-0.832,-0.269,0.010,0.002
-89.957,-0.369,5.694,-9.862,0.019,-1.010,-0.258,0.004,0.002
-90.547,-0.333,5.838,-9.852,0.005,-1.015,-0.245,0.003,0.002
-91.026,-0.289,5.986,-9.804,-0.007,-0.834,-0.231,-0.007,0.002
-91.355,-0.257,6.127,-9.782,0.005,-0.685,-0.221,-0.001,0.001
-91.574,-0.233,6.261,-9.786,0.013,-0.575,-0.211,0.004,0.001
-91.845,-0.202,6.389,-9.820,-0.001,-0.700,-0.201,0.007,0.001
-92.135,-0.166,6.510,-9.838,-0.014,-0.776,-0.191,0.006,0.001
-92.290,-0.138,6.614,-9.811,-0.011,-0.631,-0.180,-0.001,0.001
-92.326,-0.123,6.723,-9.806,0.010,-0.444,-0.174,-0.004,0.002
-92.207,-0.114,6.830,-9.807,0.014,-0.209,-0.170,-0.004,0.001
-91.993,-0.096,6.935,-9.780,-0.001,-0.042,-0.167,-0.001,0.001
-91.789,-0.073,7.039,-9.779,-0.014,-0.026,-0.165,0.002,0.001
-91.577,-0.078,7.142,-9.828,0.028,0.019,-0.165,0.005,0.002
-91.399,-0.091,7.237,-9.840,0.040,0.034,-0.166,0.002,0.001
-91.177,-0.079,7.342,-9.817,0.002,0.108,-0.167,-0.001,0.001
-90.854,-0.083,7.448,-9.791,0.023,0.304,-0.169,-0.003,0.001
-90.471,-0.105,7.556,-9.789,0.052,0.451,-0.174,-0.002,0.001
-90.128,-0.119,7.659,-9.785,0.045,0.503,-0.181,0.003,0.001
-89.843,-0.130,7.776,-9.800,0.037,0.417,-0.186,0.006,0.001
-89.639,-0.136,7.895,-9.817,0.034,0.339,-0.191,0.005,0.002
-89.483,-0.150,8.006,-9.826,0.048,0.329,-0.194,0.001,0.002
-89.317,-0.170,8.132,-9.804,0.057,0.348,-0.200,-0.001,0.002
-89.127,-0.179,8.260,-9.790,0.042,0.415,-0.205,-0.002,0.002
-88.968,-0.190,8.380,-9.784,0.047,0.421,-0.210,0.001,0.002
-88.837,-0.202,8.515,-9.791,0.049,0.376,-0.215,0.003,0.002
-88.779,-0.217,8.653,-9.804,0.056,0.286,-0.219,0.006,0.002
-88.797,-0.229,8.780,-9.819,0.054,0.174,-0.222,0.004,0.002
-88.845,-0.237,8.922,-9.817,0.049,0.131,-0.224,0.001,0.002
-88.878,-0.238,9.064,-9.798,0.039,0.147,-0.225,0.000,0.002
-88.904,-0.246,9.195,-9.790,0.053,0.147,-0.228,0.001,0.002
-88.976,-0.257,9.339,-9.805,0.056,0.073,-0.229,0.004,0.002
-89.122,-0.252,9.485,-9.801,0.035,-0.057,-0.230,0.006,0.001
-89.314,-0.244,9.616,-9.814,0.029,-0.182,-0.227,0.005,0.002
-89.530,-0.234,9.759,-9.828,0.026,-0.220,-0.225,0.002,0.002
-89.703,-0.225,9.899,-9.810,0.026,-0.187,-0.222,-0.001,0.002
-89.823,-0.211,10.038,-9.808,0.017,-0.136,-0.220,0.001,0.002
-89.939,-0.199,10.176,-9.804,0.020,-0.151,-0.218,0.001,0.002
-90.079,-0.194,10.312,-9.794,0.028,-0.209,-0.215,0.003,0.002
-90.260,-0.182,10.445,-9.815,0.018,-0.298,-0.211,0.003,0.002
-90.448,-0.177,10.575,-9.828,0.026,-0.340,-0.206,0.002,0.002
-90.599,-0.178,10.703,-9.826,0.035,-0.313,-0.202,0.001,0.001
-90.693,-0.167,10.817,-9.799,0.014,-0.262,-0.198,0.000,0.002
-90.747,-0.159,10.939,-9.789,0.020,-0.203,-0.194,0.001,0.001
-90.783,-0.149,11.060,-9.799,0.016,-0.186,-0.191,0.003,0.001
-90.839,-0.145,11.178,-9.805,0.023,-0.224,-0.187,0.004,0.002
-90.916,-0.136,11.294,-9.820,0.016,-0.267,-0.184,0.003,0.002
-90.969,-0.128,11.408,-9.826,0.015,-0.240,-0.181,0.001,0.001
-90.961,-0.135,11.520,-9.809,0.037,-0.150,-0.178,-0.002,0.001
-90.891,-0.136,11.631,-9.797,0.029,-0.055,-0.176,-0.001,0.001
-90.794,-0.133,11.752,-9.785,0.022,-0.014,-0.176,0.001,0.002
-90.703,-0.130,11.861,-9.795,0.022,0.004,-0.174,0.002,0.001
-90.635,-0.126,11.961,-9.819,0.019,-0.005,-0.174,0.002,0.001
-90.563,-0.134,12.071,-9.809,0.036,0.002,-0.175,0.001,0.001
-90.472,-0.135,12.181,-9.807,0.028,0.045,-0.175,0.001,0.001
-90.374,-0.138,12.290,-9.798,0.029,0.072,-0.174,-0.000,0.001
-90.292,-0.138,12.401,-9.787,0.026,0.063,-0.176,0.001,0.001
-90.255,-0.139,12.512,-9.799,0.028,0.005,-0.176,0.003,0.001
-90.275,-0.134,12.622,-9.823,0.019,-0.078,-0.175,0.004,0.002
-90.321,-0.130,12.732,-9.831,0.019,-0.120,-0.174,0.002,0.001
-90.336,-0.133,12.841,-9.825,0.029,-0.078,-0.173,-0.001,0.001
-90.291,-0.135,12.949,-9.814,0.028,0.014,-0.172,-0.001,0.001
-90.209,-0.135,13.057,-9.793,0.025,0.079,-0.172,-0.000,0.001
-90.143,-0.133,13.165,-9.799,0.022,0.065,-0.173,0.002,0.001
-90.109,-0.135,13.274,-9.814,0.028,0.026,-0.173,0.003,0.002
-90.109,-0.141,13.383,-9.822,0.035,-0.022,-0.173,0.003,0.002
-90.117,-0.136,13.492,-9.813,0.017,-0.033,-0.173,0.001,0.001
-90.115,-0.129,13.601,-9.797,0.014,-0.017,-0.172,0.000,0.002
-90.104,-0.126,13.709,-9.798,0.020,-0.003,-0.172,0.001,0.001
-90.090,-0.129,13.817,-9.799,0.028,0.004,-0.172,0.002,0.002
-90.101,-0.132,13.925,-9.803,0.028,-0.036,-0.171,0.003,0.002
-90.150,-0.127,14.032,-9.820,0.017,-0.097,-0.170,0.004,0.001
-90.216,-0.118,14.129,-9.828,0.010,-0.141,-0.169,0.003,0.002
-90.286,-0.117,14.234,-9.813,0.021,-0.145,-0.166,-0.001,0.002
-90.330,-0.117,14.347,-9.794,0.022,-0.110,-0.165,-0.001,0.002
-90.356,-0.115,14.450,-9.791,0.020,-0.098,-0.163,0.000,0.001
-90.402,-0.111,14.551,-9.801,0.015,-0.134,-0.160,0.002,0.001
-90.479,-0.111,14.651,-9.826,0.020,-0.191,-0.157,0.003,0.001
-90.575,-0.105,14.749,-9.812,0.013,-0.235,-0.155,0.003,0.001
-90.659,-0.100,14.844,-9.819,0.013,-0.230,-0.151,0.001,0.001
-90.727,-0.090,14.938,-9.810,0.005,-0.218,-0.149,-0.001,0.001
-90.767,-0.080,15.030,-9.794,0.002,-0.186,-0.146,-0.001,0.001
-90.800,-0.078,15.120,-9.811,0.014,-0.184,-0.143,0.001,0.001
-90.845,-0.076,15.208,-9.814,0.014,-0.208,-0.139,0.003,0.001
-90.907,-0.073,15.294,-9.821,0.011,-0.244,-0.137,0.002,0.001
-90.959,-0.073,15.378,-9.814,0.016,-0.235,-0.133,-0.001,0.001
-90.977,-0.070,15.460,-9.817,0.011,-0.192,-0.130,-0.001,0.001
-90.957,-0.060,15.540,-9.801,0.001,-0.135,-0.127,-0.001,0.002
-90.921,-0.059,15.619,-9.801,0.013,-0.108,-0.126,-0.001,0.002
-90.902,-0.058,15.697,-9.804,0.011,-0.129,-0.124,0.001,0.001
-90.916,-0.052,15.774,-9.811,0.004,-0.178,-0.122,0.002,0.002
-90.971,-0.050,15.848,-9.810,0.010,-0.244,-0.118,0.001,0.001
-91.041,-0.045,15.921,-9.814,0.004,-0.276,-0.115,0.001,0.001
-91.121,-0.036,15.991,-9.820,-0.002,-0.305,-0.111,0.001,0.002
-91.180,-0.027,16.058,-9.774,-0.006,-0.283,-0.106,0.001,0.001
-91.238,-0.007,16.122,-9.801,-0.022,-0.293,-0.102,-0.000,0.002
-91.282,-0.005,16.183,-9.825,0.002,-0.283,-0.098,0.001,0.001
-91.307,-0.005,16.242,-9.793,0.002,-0.259,-0.093,0.001,0.000
-91.341,0.011,16.299,-9.820,-0.021,-0.277,-0.090,0.001,0.001
-91.378,0.001,16.354,-9.813,0.017,-0.289,-0.087,0.001,0.001
-91.406,0.015,16.406,-9.813,-0.019,-0.281,-0.083,0.001,0.001
-91.442,0.023,16.455,-9.796,-0.013,-0.299,-0.078,0.002,0.001
-91.472,0.026,16.497,-9.809,-0.007,-0.301,-0.074,0.002,0.001
-91.503,0.034,16.541,-9.811,-0.013,-0.301,-0.070,0.001,0.001
-91.519,0.037,16.582,-9.822,-0.009,-0.283,-0.065,0.000,0.001
-91.476,0.042,16.620,-9.793,-0.011,-0.192,-0.061,-0.001,0.000
-91.390,0.039,16.658,-9.816,-0.001,-0.119,-0.059,-0.001,0.001
-91.239,0.032,16.695,-9.804,0.007,-0.002,-0.059,-0.001,0.001
-91.089,0.025,16.731,-9.805,0.007,0.021,-0.058,0.001,0.001
-90.947,0.018,16.764,-9.817,0.010,0.054,-0.058,0.002,0.000
-90.801,-0.003,16.801,-9.806,0.031,0.065,-0.059,0.001,0.000
-90.649,-0.008,16.839,-9.820,0.009,0.099,-0.060,-0.000,0.000
-90.482,-0.020,16.878,-9.816,0.022,0.149,-0.062,-0.000,0.001
-90.337,-0.021,16.917,-9.805,0.006,0.145,-0.063,-0.001,0.000
-90.221,-0.024,16.958,-9.814,0.009,0.122,-0.065,0.001,0.000
-90.137,-0.030,16.999,-9.799,0.014,0.092,-0.065,0.001,0.001
-90.096,-0.028,17.041,-9.825,0.002,0.038,-0.066,0.002,0.000
-90.055,-0.027,17.080,-9.811,0.005,0.055,-0.067,0.000,0.001
-90.048,-0.027,17.122,-9.807,0.005,0.002,-0.067,-0.001,0.001
-90.008,-0.026,17.165,-9.801,0.005,0.054,-0.068,0.000,0.001
-89.971,-0.032,17.208,-9.792,0.014,0.057,-0.068,-0.000,0.001
-89.974,-0.027,17.250,-9.804,-0.002,-0.001,-0.068,0.001,0.001
-89.967,-0.026,17.293,-9.810,0.003,0.013,-0.068,0.001,0.000
-89.988,-0.031,17.336,-9.806,0.012,-0.027,-0.068,0.001,-0.000
-89.988,-0.029,17.378,-9.808,0.003,0.001,-0.067,0.001,-0.000
-89.982,-0.032,17.420,-9.806,0.009,0.013,-0.067,-0.001,0.000
-89.976,-0.033,17.463,-9.802,0.008,0.013,-0.067,-0.001,0.001
-89.954,-0.033,17.505,-9.802,0.005,0.040,-0.068,-0.000,0.001
-89.960,-0.032,17.548,-9.809,0.005,-0.003,-0.068,0.001,0.001
-89.959,-0.029,17.590,-9.809,0.002,0.008,-0.067,0.001,0.001
-89.967,-0.018,17.632,-9.801,-0.012,-0.006,-0.066,-0.000,0.001
-89.969,-0.018,17.673,-9.807,0.003,0.003,-0.066,0.000,0.000
-89.955,-0.017,17.715,-9.797,0.002,0.027,-0.067,-0.000,0.000
-89.960,-0.016,17.757,-9.800,0.002,0.000,-0.067,-0.000,0.000
-89.964,-0.011,17.799,-9.811,-0.005,0.001,-0.066,0.000,0.000
-89.978,-0.012,17.840,-9.807,0.005,-0.016,-0.065,0.000,0.000
-89.992,-0.010,17.881,-9.817,-0.002,-0.019,-0.065,0.001,0.000
-89.991,-0.015,17.922,-9.807,0.011,0.004,-0.065,0.000,0.000
-89.994,-0.013,17.963,-9.799,-0.001,-0.004,-0.065,0.001,0.000
-89.982,-0.012,18.004,-9.798,0.001,0.019,-0.065,0.000,0.001
-89.984,-0.016,18.045,-9.802,0.008,-0.001,-0.064,0.001,0.000
-89.988,-0.014,18.086,-9.808,0.000,-0.003,-0.065,0.000,-0.000
-89.991,-0.011,18.126,-9.802,-0.002,-0.003,-0.065,0.001,0.000
-90.001,-0.012,18.166,-9.811,0.005,-0.015,-0.064,0.000,0.001
-89.996,-0.016,18.207,-9.804,0.009,0.008,-0.064,0.001,0.001
-89.995,-0.013,18.247,-9.810,-0.002,0.001,-0.063,0.001,0.000
-89.991,-0.019,18.287,-9.817,0.011,0.005,-0.064,0.002,0.000
-89.992,-0.019,18.326,-9.806,0.005,-0.001,-0.063,0.001,0.001
-89.997,-0.018,18.366,-9.805,0.003,-0.006,-0.064,0.000,0.001
-89.997,-0.022,18.406,-9.808,0.009,0.001,-0.063,0.000,0.001
-89.994,-0.023,18.445,-9.804,0.006,0.004,-0.062,0.001,0.001
-89.993,-0.022,18.481,-9.802,0.002,0.002,-0.062,0.000,0.000
-89.989,-0.024,18.520,-9.798,0.008,0.007,-0.062,0.001,0.000
-89.992,-0.029,18.560,-9.816,0.011,-0.004,-0.063,0.001,0.001
-89.993,-0.034,18.599,-9.805,0.013,0.001,-0.062,0.000,0.001
-90.005,-0.037,18.638,-9.804,0.012,-0.019,-0.061,0.000,0.001
-90.007,-0.039,18.676,-9.800,0.010,-0.003,-0.061,-0.000,0.001
-90.002,-0.041,18.715,-9.808,0.011,0.007,-0.061,-0.001,0.001
-89.994,-0.043,18.753,-9.804,0.011,0.013,-0.061,-0.000,0.001
-89.985,-0.044,18.791,-9.799,0.010,0.013,-0.060,0.001,0.001
-89.985,-0.046,18.829,-9.804,0.010,0.002,-0.060,0.001,-0.001
-89.986,-0.040,18.867,-9.804,-0.002,-0.001,-0.060,0.001,-0.000
-89.984,-0.040,18.905,-9.814,0.007,0.007,-0.060,0.000,0.000
-89.984,-0.035,18.943,-9.810,0.001,0.002,-0.060,0.000,0.001
-89.981,-0.034,18.980,-9.805,0.005,0.006,-0.060,0.001,0.001
-89.977,-0.041,19.018,-9.808,0.017,0.011,-0.059,-0.001,0.001
-89.984,-0.048,19.055,-9.810,0.019,-0.008,-0.060,0.000,0.000
-89.993,-0.051,19.093,-9.801,0.013,-0.010,-0.060,-0.000,0.001
-89.999,-0.046,19.130,-9.801,0.002,-0.010,-0.059,0.001,0.001
-89.993,-0.046,19.167,-9.803,0.008,0.009,-0.059,0.001,0.000
-89.989,-0.038,19.205,-9.805,-0.004,0.007,-0.059,0.000,0.001
-89.985,-0.031,19.241,-9.810,-0.004,0.009,-0.058,0.000,0.000
-89.986,-0.027,19.278,-9.806,-0.001,-0.001,-0.058,0.001,0.001
-89.993,-0.029,19.314,-9.812,0.010,-0.008,-0.058,0.001,0.001
-89.992,-0.031,19.350,-9.808,0.008,0.004,-0.057,-0.000,0.000
-89.998,-0.027,19.386,-9.815,-0.001,-0.008,-0.056,-0.000,0.000
-89.994,-0.021,19.422,-9.809,-0.004,0.006,-0.057,0.000,0.000
-89.997,-0.019,19.457,-9.811,0.000,-0.003,-0.056,0.000,0.000
-89.999,-0.016,19.493,-9.814,-0.001,-0.003,-0.057,0.000,0.000
-90.002,-0.014,19.529,-9.805,0.000,-0.005,-0.056,-0.000,0.000
-90.008,-0.008,19.564,-9.816,-0.006,-0.010,-0.056,0.000,0.001
-90.009,-0.012,19.599,-9.805,0.007,-0.002,-0.056,-0.000,0.001
-90.008,-0.008,19.635,-9.810,-0.004,-0.001,-0.056,0.001,0.001
-90.007,-0.011,19.670,-9.813,0.007,-0.001,-0.055,0.001,0.000
-90.004,-0.012,19.704,-9.819,0.004,0.003,-0.055,0.001,0.001
-90.044,-0.019,19.739,-9.786,0.014,-0.065,-0.055,0.002,0.001
-90.328,0.010,19.770,-9.765,-0.040,-0.459,-0.050,0.011,0.000
-90.777,0.047,19.797,-9.805,-0.059,-0.771,-0.042,0.015,0.001
-91.447,0.067,19.813,-9.871,-0.040,-1.202,-0.028,0.010,0.000
-92.050,0.077,19.821,-9.884,-0.026,-1.202,-0.013,-0.001,0.001
-92.546,0.086,19.818,-9.840,-0.026,-1.124,0.003,-0.008,0.000
-92.860,0.122,19.809,-9.804,-0.078,-0.972,0.016,-0.005,0.001
-93.023,0.154,19.790,-9.808,-0.072,-0.742,0.029,-0.003,-0.000
-93.053,0.140,19.765,-9.841,-0.007,-0.561,0.039,-0.005,0.000
-92.853,0.104,19.738,-9.835,0.031,-0.202,0.045,-0.010,0.000
-92.489,0.081,19.710,-9.802,0.014,0.089,0.044,-0.010,-0.001
-92.077,0.075,19.686,-9.772,-0.005,0.284,0.043,-0.006,-0.001
-91.689,0.073,19.660,-9.737,-0.011,0.244,0.042,0.003,-0.000
-91.468,0.065,19.636,-9.808,0.000,0.047,0.039,0.009,0.000
-91.403,0.038,19.610,-9.862,0.029,-0.156,0.040,0.006,0.000
-91.385,0.032,19.587,-9.853,0.004,-0.208,0.041,-0.002,-0.000
-91.250,0.036,19.560,-9.822,-0.012,-0.020,0.043,-0.008,0.001
-90.989,0.032,19.533,-9.770,-0.002,0.201,0.042,-0.008,-0.001
-90.696,0.023,19.508,-9.757,0.008,0.287,0.040,-0.001,-0.000
-90.502,0.017,19.484,-9.779,0.005,0.175,0.038,0.006,-0.000
-90.486,0.009,19.463,-9.834,0.011,-0.065,0.037,0.007,0.000
-90.549,0.007,19.438,-9.854,0.001,-0.183,0.038,0.001,-0.000
-90.564,-0.004,19.413,-9.843,0.015,-0.111,0.040,-0.007,0.000
-90.434,-0.008,19.389,-9.803,0.007,0.113,0.039,-0.008,-0.000
-90.236,-0.005,19.365,-9.764,-0.004,0.236,0.037,-0.003,-0.001
-90.085,-0.003,19.343,-9.769,-0.004,0.190,0.035,0.004,-0.001
-90.060,-0.004,19.321,-9.816,0.003,0.019,0.035,0.007,-0.000
-90.122,-0.012,19.301,-9.846,0.014,-0.121,0.035,0.004,-0.000
-90.188,-0.018,19.277,-9.854,0.012,-0.122,0.037,-0.003,0.000
-90.158,-0.018,19.254,-9.817,0.003,0.022,0.038,-0.007,0.000
-90.019,-0.020,19.231,-9.777,0.007,0.195,0.036,-0.006,0.001
-89.858,-0.023,19.209,-9.773,0.008,0.245,0.034,0.000,-0.000
-89.801,-0.028,19.188,-9.800,0.011,0.108,0.033,0.005,-0.000
-89.866,-0.026,19.168,-9.841,0.002,-0.072,0.032,0.004,-0.001
-89.964,-0.025,19.147,-9.845,0.002,-0.129,0.033,-0.001,0.000
-89.982,-0.033,19.125,-9.832,0.017,-0.016,0.035,-0.006,0.000
-89.890,-0.044,19.104,-9.801,0.023,0.151,0.034,-0.005,0.000
-89.762,-0.039,19.084,-9.783,0.001,0.217,0.032,-0.000,0.001
-89.697,-0.030,19.064,-9.782,-0.007,0.137,0.030,0.005,0.001
-89.724,-0.028,19.046,-9.817,0.002,0.005,0.030,0.005,0.001
-89.806,-0.025,19.028,-9.835,0.001,-0.095,0.030,0.001,0.000
-89.863,-0.020,19.009,-9.832,-0.004,-0.052,0.030,-0.004,-0.000
-89.840,-0.014,18.990,-9.791,-0.006,0.064,0.030,-0.006,0.000
-89.748,-0.011,18.971,-9.775,-0.002,0.174,0.030,-0.003,0.000
-89.665,-0.007,18.953,-9.776,-0.004,0.168,0.029,0.003,0.001
-89.672,-0.007,18.935,-9.801,0.003,0.042,0.028,0.004,0.001
-89.747,-0.008,18.918,-9.831,0.003,-0.063,0.028,0.003,0.000
-89.824,-0.011,18.900,-9.837,0.007,-0.075,0.028,-0.002,0.001
-89.823,-0.018,18.883,-9.815,0.012,0.037,0.027,-0.005,-0.001
-89.748,-0.018,18.866,-9.774,0.002,0.151,0.027,-0.004,0.000
-89.659,-0.016,18.849,-9.770,0.001,0.180,0.026,0.001,0.000
-89.633,-0.020,18.833,-9.806,0.010,0.095,0.026,0.004,0.001
-89.685,-0.018,18.818,-9.840,0.001,-0.029,0.025,0.003,0.001
-89.769,-0.019,18.802,-9.835,0.005,-0.076,0.025,-0.001,0.000
-89.809,-0.018,18.786,-9.824,0.002,-0.019,0.025,-0.004,0.000
-89.766,-0.014,18.770,-9.796,-0.004,0.104,0.025,-0.005,0.000
-89.683,-0.015,18.755,-9.782,0.005,0.171,0.025,-0.001,0.001
-89.637,-0.020,18.740,-9.778,0.011,0.122,0.023,0.002,0.000
-89.675,-0.030,18.727,-9.814,0.019,0.000,0.022,0.004,-0.001
-89.756,-0.029,18.713,-9.824,0.004,-0.072,0.022,0.001,-0.000
-89.808,-0.026,18.698,-9.826,0.001,-0.036,0.023,-0.003,0.000
-89.786,-0.033,18.684,-9.801,0.016,0.072,0.023,-0.005,0.001
-89.713,-0.033,18.670,-9.784,0.007,0.151,0.021,-0.002,0.000
-89.658,-0.031,18.659,-9.790,0.002,0.142,0.019,0.002,0.001
-89.664,-0.026,18.647,-9.820,-0.002,0.045,0.020,0.003,0.000
-89.720,-0.021,18.635,-9.827,-0.002,-0.031,0.020,0.002,0.000
-89.778,-0.023,18.622,-9.826,0.007,-0.042,0.020,-0.001,0.000
-89.792,-0.018,18.609,-9.810,-0.004,0.020,0.020,-0.004,0.000
-89.751,-0.009,18.597,-9.786,-0.011,0.102,0.020,-0.003,-0.000
-89.695,-0.004,18.585,-9.783,-0.006,0.130,0.018,-0.001,-0.000
-89.678,-0.003,18.574,-9.799,-0.002,0.077,0.017,0.002,-0.001
-89.721,-0.005,18.563,-9.817,0.004,-0.013,0.018,0.002,-0.001
-89.785,-0.005,18.553,-9.831,0.001,-0.052,0.017,-0.001,0.000
-89.812,-0.008,18.542,-9.821,0.005,-0.002,0.017,-0.003,0.000
-89.781,-0.011,18.531,-9.796,0.006,0.084,0.018,-0.003,0.000
-89.717,-0.015,18.520,-9.795,0.009,0.138,0.017,-0.000,-0.000
-89.684,-0.020,18.510,-9.795,0.010,0.098,0.016,0.001,0.000
-89.703,-0.013,18.501,-9.824,-0.008,0.023,0.015,0.003,-0.000
-89.752,-0.016,18.491,-9.825,0.006,-0.027,0.015,0.001,-0.001
-89.793,-0.025,18.481,-9.819,0.017,-0.019,0.015,-0.002,0.000
-89.777,-0.028,18.472,-9.796,0.009,0.062,0.014,-0.003,-0.000
-89.725,-0.023,18.464,-9.803,-0.004,0.122,0.014,-0.002,0.000
-89.689,-0.023,18.456,-9.802,0.004,0.102,0.013,0.001,-0.000
-89.699,-0.018,18.448,-9.817,-0.003,0.035,0.012,0.002,-0.000
-89.744,-0.018,18.441,-9.832,0.002,-0.020,0.011,0.002,-0.000
-89.793,-0.013,18.434,-9.822,-0.005,-0.033,0.012,-0.001,-0.001
-89.800,-0.009,18.426,-9.814,-0.004,0.028,0.012,-0.003,0.000
-89.760,-0.004,18.419,-9.796,-0.007,0.098,0.011,-0.002,-0.000
-89.718,-0.007,18.412,-9.789,0.005,0.107,0.011,-0.001,0.000
-89.710,-0.009,18.406,-9.805,0.006,0.059,0.010,0.002,0.000
-89.740,-0.008,18.400,-9.827,-0.001,-0.003,0.010,0.001,0.000
-89.783,-0.004,18.394,-9.822,-0.004,-0.023,0.010,0.000,0.001
-89.797,-0.004,18.387,-9.820,0.001,0.018,0.010,-0.003,0.000
-89.769,-0.007,18.382,-9.792,0.005,0.080,0.009,-0.002,-0.001
-89.729,-0.014,18.376,-9.798,0.013,0.103,0.009,-0.001,0.000
-89.710,-0.015,18.371,-9.798,0.004,0.075,0.008,0.001,0.000
-89.730,-0.019,18.367,-9.819,0.009,0.017,0.007,0.001,0.000
-89.770,-0.022,18.362,-9.820,0.008,-0.017,0.007,-0.000,0.000
-89.798,-0.028,18.357,-9.811,0.013,-0.002,0.008,-0.002,-0.000
-89.790,-0.026,18.352,-9.804,0.002,0.048,0.008,-0.002,0.000
-89.759,-0.027,18.348,-9.794,0.007,0.084,0.007,-0.001,0.000
-89.725,-0.023,18.344,-9.799,-0.002,0.094,0.006,0.001,0.000
-89.727,-0.025,18.340,-9.806,0.007,0.042,0.006,0.002,0.000
-89.762,-0.030,18.337,-9.812,0.013,-0.009,0.006,0.001,0.000
-89.795,-0.031,18.334,-9.814,0.007,-0.011,0.005,-0.001,0.001
-89.794,-0.031,18.330,-9.804,0.005,0.039,0.005,-0.003,-0.000
-89.763,-0.032,18.328,-9.792,0.007,0.085,0.005,-0.001,0.000
-89.732,-0.030,18.325,-9.800,0.003,0.089,0.003,0.000,0.000
-89.719,-0.027,18.323,-9.814,-0.001,0.063,0.004,0.002,-0.000
-89.746,-0.030,18.321,-9.815,0.010,0.005,0.003,0.002,0.000
-89.781,-0.029,18.320,-9.808,0.004,-0.011,0.003,0.000,-0.000
-89.793,-0.030,18.318,-9.811,0.006,0.017,0.003,-0.001,-0.000
-89.776,-0.028,18.316,-9.798,0.002,0.064,0.003,-0.001,0.000
-89.739,-0.029,18.315,-9.791,0.007,0.095,0.002,0.000,-0.000
-89.719,-0.032,18.314,-9.798,0.008,0.074,0.001,0.001,-0.000
-89.740,-0.034,18.313,-9.799,0.010,0.014,0.001,0.001,0.000
-89.779,-0.033,18.312,-9.806,0.004,-0.017,0.001,0.000,-0.001
-89.801,-0.034,18.312,-9.816,0.007,0.004,0.001,-0.000,-0.000
-89.790,-0.034,18.312,-9.807,0.005,0.053,0.000,-0.001,-0.000
-89.764,-0.036,18.312,-9.801,0.010,0.078,-0.000,-0.001,0.000
-89.744,-0.038,18.312,-9.805,0.008,0.071,-0.001,0.001,0.000
-89.751,-0.031,18.313,-9.813,-0.003,0.031,-0.002,0.001,0.001
-89.775,-0.030,18.315,-9.823,0.004,0.004,-0.002,0.001,0.000
-89.802,-0.030,18.316,-9.818,0.006,-0.002,-0.002,-0.001,0.000
-89.800,-0.034,18.317,-9.815,0.012,0.039,-0.002,-0.003,0.000
-89.778,-0.034,18.318,-9.799,0.005,0.070,-0.001,-0.001,-0.000
-89.757,-0.035,18.319,-9.795,0.006,0.071,-0.002,0.000,-0.001
-89.755,-0.040,18.321,-9.808,0.015,0.042,-0.002,0.002,0.000
-89.776,-0.042,18.323,-9.816,0.011,0.008,-0.003,0.001,0.001
-89.800,-0.040,18.324,-9.822,0.004,-0.001,-0.003,-0.001,0.000
-89.809,-0.040,18.327,-9.807,0.007,0.022,-0.003,-0.001,0.000
-89.796,-0.040,18.329,-9.797,0.007,0.054,-0.004,-0.002,0.000
-89.781,-0.037,18.331,-9.785,0.003,0.060,-0.004,-0.001,0.000
-89.776,-0.038,18.334,-9.804,0.008,0.044,-0.004,0.001,0.000
-89.794,-0.040,18.337,-9.809,0.009,0.010,-0.005,0.001,0.000
-89.817,-0.036,18.340,-9.814,0.002,-0.001,-0.005,-0.000,0.000
-89.833,-0.031,18.343,-9.816,-0.002,0.007,-0.005,-0.002,0.000
-89.821,-0.031,18.346,-9.810,0.007,0.049,-0.005,-0.001,0.000
-89.802,-0.025,18.349,-9.810,-0.005,0.061,-0.005,-0.000,0.000
-89.793,-0.028,18.352,-9.812,0.010,0.046,-0.005,0.001,0.001
-89.805,-0.028,18.356,-9.816,0.005,0.017,-0.006,0.001,0.000
-89.822,-0.019,18.359,-9.814,-0.009,0.005,-0.006,0.001,0.000
-89.842,-0.018,18.363,-9.810,0.002,0.002,-0.005,-0.001,0.001
-89.838,-0.018,18.366,-9.802,0.005,0.034,-0.005,-0.002,0.001
-89.826,-0.018,18.370,-9.807,0.004,0.049,-0.006,-0.002,0.001
-89.816,-0.014,18.374,-9.801,-0.002,0.044,-0.006,0.000,0.001
-89.822,-0.020,18.377,-9.805,0.012,0.022,-0.006,0.000,0.001
-89.841,-0.018,18.381,-9.808,0.001,0.001,-0.006,0.001,0.000
-89.861,-0.018,18.385,-9.810,0.004,-0.004,-0.006,-0.000,0.000
-89.866,-0.017,18.389,-9.798,0.001,0.017,-0.005,-0.001,0.000
-89.852,-0.015,18.392,-9.799,-0.001,0.047,-0.006,-0.001,-0.001
-89.838,-0.019,18.396,-9.796,0.010,0.047,-0.006,-0.000,0.000
-89.837,-0.021,18.401,-9.801,0.007,0.028,-0.007,0.000,0.001
-89.850,-0.026,18.404,-9.816,0.013,0.008,-0.006,0.001,0.001
-89.868,-0.028,18.408,-9.807,0.008,-0.003,-0.006,-0.000,-0.000
-89.877,-0.024,18.412,-9.811,-0.001,0.011,-0.006,-0.001,0.000
-89.871,-0.026,18.416,-9.805,0.007,0.031,-0.007,-0.001,0.001
-89.856,-0.020,18.420,-9.801,-0.004,0.046,-0.006,-0.000,-0.000
-89.847,-0.018,18.424,-9.800,0.001,0.038,-0.006,0.001,0.000
-89.860,-0.013,18.428,-9.813,-0.005,0.006,-0.006,-0.000,0.000
-89.881,-0.005,18.432,-9.815,-0.010,-0.008,-0.007,-0.000,-0.000
-89.899,-0.007,18.436,-9.811,0.004,-0.006,-0.006,-0.001,0.001
-89.899,-0.012,18.440,-9.810,0.010,0.019,-0.006,-0.001,0.000
-89.882,-0.015,18.444,-9.803,0.006,0.043,-0.006,-0.000,0.000
-89.871,-0.016,18.448,-9.807,0.005,0.037,-0.007,0.001,0.000
-89.870,-0.016,18.452,-9.808,0.002,0.023,-0.007,0.000,-0.001
-89.884,-0.014,18.456,-9.815,0.001,0.001,-0.006,0.000,-0.000
-89.896,-0.013,18.460,-9.814,0.001,0.001,-0.007,-0.001,0.000
-89.894,-0.010,18.465,-9.819,-0.003,0.023,-0.007,-0.001,0.000
-89.887,-0.004,18.469,-9.814,-0.007,0.030,-0.007,-0.001,0.001
-89.871,-0.003,18.473,-9.811,0.000,0.044,-0.007,-0.000,0.001
-89.870,0.005,18.478,-9.814,-0.011,0.023,-0.007,0.001,0.001
-89.883,0.005,18.482,-9.811,-0.001,0.001,-0.007,0.000,0.000
-89.896,0.006,18.486,-9.810,-0.002,0.000,-0.007,0.000,0.000
-89.907,0.003,18.490,-9.802,0.004,0.002,-0.007,-0.001,0.000
-89.902,0.001,18.495,-9.801,0.004,0.026,-0.008,-0.001,-0.000
-89.891,-0.004,18.499,-9.813,0.007,0.034,-0.007,-0.000,0.001
-89.888,-0.005,18.503,-9.807,0.004,0.023,-0.007,0.000,0.001
-89.901,-0.004,18.508,-9.810,-0.001,-0.001,-0.007,0.000,0.000
-89.915,-0.006,18.512,-9.816,0.004,-0.006,-0.007,0.000,0.000
-89.933,0.003,18.516,-9.811,-0.012,-0.012,-0.007,-0.001,0.000
-89.933,0.007,18.520,-9.810,-0.006,0.013,-0.007,-0.001,0.001
-89.919,0.009,18.524,-9.804,-0.004,0.034,-0.007,-0.001,0.000
-89.913,0.005,18.528,-9.807,0.005,0.024,-0.006,-0.001,-0.000
-89.911,0.005,18.532,-9.804,-0.001,0.017,-0.007,0.001,0.000
-89.919,0.005,18.537,-9.807,-0.001,-0.001,-0.008,0.001,0.000
-89.932,0.008,18.541,-9.813,-0.006,-0.005,-0.007,-0.000,0.000
-89.932,0.002,18.546,-9.804,0.008,0.013,-0.008,-0.001,-0.001
-89.929,-0.010,18.551,-9.798,0.017,0.016,-0.007,-0.001,-0.000
-89.923,-0.019,18.555,-9.807,0.016,0.022,-0.007,0.001,0.000
-89.918,-0.016,18.559,-9.804,-0.001,0.020,-0.007,0.000,0.000
-89.925,-0.018,18.564,-9.810,0.007,0.002,-0.007,0.001,0.000
-89.938,-0.016,18.568,-9.822,0.001,-0.007,-0.007,0.000,0.000
-89.940,-0.017,18.572,-9.805,0.005,0.008,-0.007,-0.000,0.000
-89.935,-0.018,18.577,-9.803,0.005,0.019,-0.007,-0.000,0.001
-89.928,-0.016,18.582,-9.801,0.001,0.021,-0.008,-0.000,0.001
-89.924,-0.018,18.587,-9.809,0.006,0.019,-0.008,-0.000,0.000
-89.925,-0.011,18.592,-9.814,-0.007,0.011,-0.008,0.001,-0.000
-89.933,-0.004,18.596,-9.814,-0.010,0.000,-0.007,0.000,-0.000
-89.939,-0.000,18.601,-9.808,-0.004,0.002,-0.007,0.000,0.001
-89.932,-0.000,18.605,-9.802,0.000,0.021,-0.007,-0.001,-0.000
-89.923,-0.004,18.609,-9.810,0.006,0.026,-0.007,-0.000,0.000
-89.914,-0.002,18.614,-9.801,-0.001,0.028,-0.008,-0.001,0.001
-89.913,0.002,18.619,-9.803,-0.007,0.017,-0.008,-0.000,0.000
-89.917,-0.001,18.623,-9.805,0.005,0.008,-0.007,-0.001,0.000
-89.921,-0.004,18.628,-9.814,0.005,0.008,-0.007,-0.000,0.001
-89.919,-0.007,18.632,-9.811,0.006,0.017,-0.007,-0.001,0.000
-89.911,-0.009,18.636,-9.811,0.004,0.027,-0.007,0.000,-0.000
-89.904,-0.009,18.641,-9.802,0.003,0.026,-0.008,0.000,0.000
-89.899,-0.012,18.645,-9.815,0.005,0.025,-0.008,0.001,0.000
-89.905,-0.011,18.649,-9.810,0.001,0.008,-0.007,0.000,-0.000
-89.909,-0.014,18.654,-9.811,0.007,0.010,-0.007,-0.000,0.000
-89.916,-0.013,18.658,-9.807,0.001,0.005,-0.007,-0.000,0.001
-89.912,-0.014,18.663,-9.806,0.005,0.021,-0.007,0.000,0.000
-89.905,-0.015,18.667,-9.807,0.003,0.025,-0.007,0.000,0.000
-89.902,-0.017,18.671,-9.805,0.006,0.022,-0.007,0.000,0.001
-89.905,-0.019,18.676,-9.807,0.007,0.012,-0.007,0.000,0.000
-89.908,-0.022,18.681,-9.811,0.008,0.011,-0.008,-0.001,0.001
-89.912,-0.016,18.685,-9.810,-0.004,0.011,-0.007,-0.000,0.001
-89.911,-0.019,18.690,-9.812,0.007,0.017,-0.007,-0.000,0.000
-89.905,-0.019,18.695,-9.799,0.004,0.025,-0.008,0.000,0.001
-89.900,-0.019,18.700,-9.811,0.004,0.023,-0.008,0.000,0.001
-89.901,-0.024,18.705,-9.813,0.011,0.015,-0.008,0.000,0.000
-89.906,-0.023,18.709,-9.816,0.003,0.010,-0.007,-0.000,0.001
-89.904,-0.027,18.714,-9.813,0.010,0.019,-0.007,-0.001,0.000
-89.902,-0.023,18.718,-9.813,-0.001,0.020,-0.007,-0.000,-0.000
-89.902,-0.019,18.723,-9.816,-0.002,0.019,-0.008,-0.001,0.000
-89.902,-0.019,18.727,-9.808,0.002,0.016,-0.007,0.000,-0.000
-89.904,-0.014,18.732,-9.796,-0.004,0.013,-0.008,0.001,-0.000
-89.911,-0.017,18.738,-9.809,0.008,0.005,-0.008,0.000,0.000
-89.915,-0.010,18.742,-9.807,-0.008,0.009,-0.007,0.000,0.000
-89.920,-0.012,18.747,-9.819,0.005,0.007,-0.007,-0.001,0.001
-89.924,-0.017,18.751,-9.813,0.010,0.008,-0.007,-0.001,0.001
-89.924,-0.015,18.755,-9.814,0.001,0.014,-0.007,-0.001,0.000
-89.927,-0.017,18.760,-9.805,0.005,0.008,-0.007,0.000,0.000
-89.933,-0.015,18.764,-9.795,-0.001,0.002,-0.007,-0.000,-0.000
-89.940,-0.018,18.768,-9.807,0.008,0.002,-0.007,-0.000,0.000
-89.946,-0.019,18.773,-9.811,0.004,0.001,-0.007,-0.000,-0.001
-89.945,-0.016,18.777,-9.793,-0.002,0.011,-0.007,-0.000,0.000
-89.942,-0.022,18.780,-9.803,0.013,0.014,-0.006,-0.000,0.001
-89.937,-0.025,18.784,-9.809,0.008,0.017,-0.006,0.000,-0.000
-89.943,-0.018,18.788,-9.807,-0.007,0.002,-0.007,0.000,-0.000
-89.947,-0.011,18.792,-9.810,-0.007,0.003,-0.006,0.000,0.001
-89.945,-0.010,18.796,-9.815,0.000,0.013,-0.006,-0.001,-0.000
-89.939,-0.012,18.800,-9.812,0.005,0.019,-0.007,0.000,0.000
-89.931,-0.014,18.805,-9.800,0.005,0.023,-0.007,-0.001,-0.000
-89.922,-0.015,18.809,-9.804,0.005,0.027,-0.007,-0.000,0.000
-89.911,-0.015,18.814,-9.806,0.003,0.030,-0.008,0.000,0.000
-89.914,-0.015,18.820,-9.826,0.002,0.010,-0.008,0.000,0.000
-89.918,-0.018,18.824,-9.813,0.007,0.009,-0.007,0.000,-0.000
-89.912,-0.024,18.828,-9.810,0.013,0.024,-0.007,-0.001,0.000
-89.908,-0.019,18.833,-9.813,-0.004,0.022,-0.007,-0.000,0.001
-89.903,-0.020,18.837,-9.802,0.005,0.024,-0.007,-0.000,0.001
-89.905,-0.016,18.842,-9.806,-0.002,0.013,-0.008,0.000,0.000
-89.908,-0.014,18.847,-9.808,0.000,0.013,-0.007,-0.001,0.001
-89.905,-0.018,18.851,-9.813,0.009,0.021,-0.007,-0.000,0.000
-89.903,-0.018,18.856,-9.808,0.003,0.019,-0.008,-0.000,0.000
-89.900,-0.017,18.861,-9.814,0.002,0.022,-0.007,-0.000,0.000
-89.892,-0.017,18.864,-9.807,0.002,0.030,-0.007,-0.000,0.000
-89.889,-0.017,18.869,-9.808,0.002,0.024,-0.007,-0.000,-0.000
-89.893,-0.021,18.874,-9.801,0.010,0.014,-0.008,-0.001,0.001
-89.898,-0.022,18.879,-9.802,0.005,0.011,-0.008,-0.001,-0.000
-89.903,-0.023,18.884,-9.804,0.005,0.010,-0.008,-0.000,-0.000
-89.907,-0.019,18.888,-9.811,-0.002,0.011,-0.007,0.000,0.000
-89.901,-0.019,18.893,-9.810,0.003,0.025,-0.008,-0.000,-0.000
-89.897,-0.015,18.898,-9.815,-0.003,0.023,-0.008,0.001,0.000
-89.896,-0.017,18.903,-9.810,0.005,0.019,-0.008,0.000,0.000
-89.896,-0.012,18.909,-9.811,-0.004,0.018,-0.009,-0.001,0.000
-89.896,-0.014,18.914,-9.805,0.005,0.020,-0.008,-0.001,0.000
-89.897,-0.007,18.919,-9.809,-0.008,0.018,-0.008,-0.001,0.000
-89.892,-0.002,18.924,-9.807,-0.007,0.026,-0.008,-0.001,-0.000
-89.890,0.003,18.929,-9.804,-0.007,0.021,-0.008,-0.000,0.000
-89.895,0.004,18.933,-9.801,-0.002,0.012,-0.007,-0.000,0.001
-89.900,-0.001,18.938,-9.799,0.007,0.010,-0.008,-0.000,-0.000
-89.905,-0.003,18.943,-9.807,0.004,0.009,-0.007,-0.000,0.000
-89.904,-0.007,18.947,-9.802,0.007,0.018,-0.007,-0.000,0.000
-89.899,-0.012,18.952,-9.807,0.008,0.025,-0.007,-0.000,0.000
-89.899,-0.012,18.956,-9.807,0.003,0.018,-0.007,-0.000,0.001
-89.900,-0.017,18.961,-9.800,0.010,0.016,-0.008,0.000,0.001
-89.901,-0.018,18.966,-9.822,0.006,0.016,-0.008,0.000,0.000
-89.900,-0.014,18.971,-9.810,-0.004,0.017,-0.008,0.000,0.000
-89.900,-0.013,18.976,-9.813,0.001,0.019,-0.008,-0.001,0.000
