669 0 1 0 1 0.000000 -0.000000 -0.000000 -9.924565 0.059855 -0.042497 -9.924232 0.060080 -0.042219 0.610370 -0.854518 0.427259 0.610370 -0.854518 0.427259
684 1 1 0 1 0.000000 -0.000000 -0.000000 -9.922769 0.056264 -0.041300 -9.923573 0.058363 -0.041805 0.610370 -0.915555 0.366222 0.000370 -0.061555 -0.060778
699 1 1 0 1 0.000000 -0.000000 -0.000000 -9.916185 0.050877 -0.040701 -9.920249 0.054994 -0.041309 0.549333 -0.854518 0.488296 -0.060667 -0.000518 0.061296
714 1 1 0 1 0.000000 -0.000000 -0.000000 -9.910200 0.053271 -0.034716 -9.915727 0.054219 -0.038342 0.610370 -0.915555 0.427259 0.000370 -0.061555 0.000259
729 1 1 0 1 0.000000 -0.000000 -0.000000 -9.917981 0.062848 -0.027533 -9.916741 0.058102 -0.033478 0.610370 -0.915555 0.427259 0.000370 -0.061555 0.000259
744 1 1 0 1 0.000000 -0.000000 -0.000000 -9.916783 0.058059 -0.043096 -9.916760 0.058083 -0.037806 0.610370 -0.915555 0.427259 0.000370 -0.061555 0.000259
759 1 1 0 1 0.000000 -0.000000 -0.000000 -9.917981 0.055067 -0.033519 -9.917310 0.056725 -0.035877 0.610370 -0.915555 0.427259 0.000370 -0.061555 0.000259
774 1 1 0 1 0.000000 -0.000000 -0.000000 -9.926959 0.052672 -0.037110 -9.921653 0.054902 -0.036432 0.610370 -0.854518 0.427259 0.000370 -0.000518 0.000259
789 1 1 0 1 0.000000 -0.000000 -0.000000 -9.911397 0.060454 -0.031125 -9.917038 0.057400 -0.034044 0.671407 -0.854518 0.427259 0.061407 -0.000518 0.000259
804 1 1 0 1 0.000000 -0.000000 -0.000000 -9.916185 0.052672 -0.040103 -9.916654 0.055273 -0.036770 0.671407 -0.854518 0.488296 0.061407 -0.000518 0.061296
819 1 1 0 1 0.000000 -0.000000 -0.000000 -9.924565 0.051475 -0.032322 -9.920215 0.053564 -0.034768 0.671407 -0.854518 0.427259 0.061407 -0.000518 0.000259
834 1 1 0 1 0.000000 -0.000000 -0.000000 -9.927558 0.057461 -0.029928 -9.923519 0.055317 -0.032590 0.610370 -0.854518 0.427259 0.000370 -0.000518 0.000259
849 1 1 0 1 0.000000 -0.000000 -0.000000 -9.920376 0.068235 -0.053870 -9.922104 0.061130 -0.042166 0.610370 -0.854518 0.427259 0.000370 -0.000518 0.000259
864 1 1 0 1 0.000000 -0.000000 -0.000000 -9.923966 0.068235 -0.025139 -9.922943 0.064327 -0.034504 0.610370 -0.854518 0.427259 0.000370 -0.000518 0.000259
879 1 1 0 1 0.000000 -0.000000 -0.000000 -9.918579 0.073622 -0.049081 -9.920979 0.068510 -0.041064 0.610370 -0.854518 0.427259 0.000370 -0.000518 0.000259
894 1 1 0 1 0.000000 -0.000000 -0.000000 -9.917382 0.053870 -0.036512 -9.919361 0.061922 -0.039015 0.610370 -0.854518 0.427259 0.000370 -0.000518 0.000259
909 1 1 0 1 0.000000 -0.000000 -0.000000 -9.924565 0.062848 -0.033519 -9.921702 0.062338 -0.036542 0.610370 -0.854518 0.427259 0.000370 -0.000518 0.000259
924 1 1 0 1 0.000000 -0.000000 -0.000000 -9.926361 0.053870 -0.047884 -9.923800 0.058527 -0.041646 0.610370 -0.854518 0.488296 0.000370 -0.000518 0.061296
938 1 1 0 1 0.000000 -0.000000 -0.000000 -9.928157 0.063446 -0.016161 -9.925760 0.060741 -0.030178 0.610370 -0.854518 0.427259 0.000370 -0.000518 0.000259
953 1 1 0 1 0.000000 -0.000000 -0.000000 -9.928756 0.061651 -0.035314 -9.927108 0.061150 -0.032489 0.549333 -0.854518 0.427259 -0.060667 -0.000518 0.000259
968 1 1 0 1 0.000000 -0.000000 -0.000000 -9.927558 0.057461 -0.025139 -9.927311 0.059490 -0.029182 0.610370 -0.915555 0.427259 0.000370 -0.061555 0.000259
983 1 1 0 1 0.000000 -0.000000 -0.000000 -9.912594 0.053271 -0.024541 -9.920688 0.056691 -0.027093 0.610370 -0.854518 0.488296 0.000370 -0.000518 0.061296
998 1 1 0 1 0.000000 -0.000000 -0.000000 -9.920974 0.053870 -0.032322 -9.920816 0.055422 -0.029446 0.610370 -0.854518 0.427259 0.000370 -0.000518 0.000259
1013 1 1 0 1 0.000000 -0.000000 -0.000000 -9.926959 0.059256 -0.018555 -9.923581 0.057147 -0.024545 0.610370 -0.854518 0.427259 0.000370 -0.000518 0.000259
1028 1 1 0 1 0.000000 -0.000000 -0.000000 -9.927558 0.063446 -0.030526 -9.925370 0.059982 -0.027237 0.610370 -0.854518 0.427259 0.000370 -0.000518 0.000259
1043 1 1 0 1 0.000000 -0.000000 -0.000000 -9.918579 0.059256 -0.027533 -9.922315 0.059655 -0.027370 0.610370 -0.854518 0.427259 0.000370 -0.000518 0.000259
1059 1 1 0 1 0.000000 -0.000000 -0.000000 -9.919178 0.052074 -0.022146 -9.920903 0.056244 -0.025019 0.610370 -0.915555 0.427259 0.000370 -0.061555 0.000259
1074 1 1 0 1 0.000000 -0.000000 -0.000000 -9.917981 0.049081 -0.017957 -9.919588 0.053021 -0.021841 0.610370 -0.854518 0.427259 0.000370 -0.000518 0.000259
1089 1 1 0 1 0.000000 -0.000000 -0.000000 -9.925163 0.057461 -0.014964 -9.922097 0.055019 -0.018746 0.610370 -0.854518 0.366222 0.000370 -0.000518 -0.060778
1104 1 1 0 1 0.000000 -0.000000 -0.000000 -9.923966 0.053870 -0.026935 -9.922939 0.054502 -0.022431 0.610370 -0.854518 0.427259 0.000370 -0.000518 0.000259
1119 1 1 0 1 0.000000 -0.000000 -0.000000 -9.912594 0.054468 -0.018555 -9.918283 0.054487 -0.020687 0.610370 -0.915555 0.427259 0.000370 -0.061555 0.000259
1134 1 1 0 1 0.000000 -0.000000 -0.000000 -9.913193 0.052074 -0.023343 -9.915993 0.053401 -0.021882 0.610370 -0.854518 0.427259 0.000370 -0.000518 0.000259
1149 1 1 0 1 0.000000 -0.000000 -0.000000 -9.913193 0.056862 -0.019154 -9.914733 0.054958 -0.020654 0.610370 -0.854518 0.427259 0.000370 -0.000518 0.000259
1164 1 1 0 1 0.000000 -0.000000 -0.000000 -9.924565 0.056862 -0.021548 -9.919157 0.055815 -0.021056 0.610370 -0.915555 0.427259 0.000370 -0.061555 0.000259
1179 1 1 0 1 0.000000 -0.000000 -0.000000 -9.925163 0.051475 -0.022146 -9.921860 0.053862 -0.021547 0.610370 -0.915555 0.427259 0.000370 -0.061555 0.000259
1194 1 1 0 1 0.000000 -0.000000 -0.000000 -9.911397 0.052074 -0.027533 -9.917151 0.053057 -0.024241 0.610370 -0.854518 0.427259 0.000370 -0.000518 0.000259
1209 1 1 0 1 0.000000 -0.000000 -0.000000 -9.917981 0.051475 -0.025139 -9.917525 0.052346 -0.024645 0.610370 -0.915555 0.427259 0.000370 -0.061555 0.000259
1224 1 1 0 1 0.000000 -0.000000 -0.000000 -9.909601 0.064045 -0.014964 -9.913960 0.057610 -0.020288 0.610370 -0.854518 0.427259 0.000370 -0.000518 0.000259
1239 1 1 0 1 0.000000 -0.000000 -0.000000 -9.928157 0.044891 -0.090381 -9.920348 0.051887 -0.051830 0.671407 -0.854518 0.427259 0.061407 -0.000518 0.000259
1255 1 1 0 1 0.000000 -0.000000 -0.000000 -9.925163 0.076614 0.055665 -9.922515 0.063014 -0.003457 0.671407 -0.854518 0.427259 0.061407 -0.000518 0.000259
1269 1 1 0 1 0.000000 -0.000000 -0.000000 -9.936536 0.082600 0.035913 -9.928824 0.071828 0.014259 0.610370 -0.854518 0.427259 0.000370 -0.000518 0.000259
1284 1 1 0 1 0.000000 -0.000000 -0.000000 -9.926361 0.049680 -0.028132 -9.927716 0.061861 -0.004817 0.610370 -0.854518 0.427259 0.000370 -0.000518 0.000259
1299 1 1 0 1 0.000000 -0.000000 -0.000000 -9.919178 0.049680 -0.053870 -9.923874 0.056379 -0.026890 0.610370 -0.793481 0.427259 0.000370 0.060519 0.000259
1314 1 1 0 1 0.000000 -0.000000 -0.000000 -9.917981 0.064643 -0.027533 -9.921222 0.060098 -0.027180 0.671407 -0.854518 0.427259 0.061407 -0.000518 0.000259
1329 1 1 0 1 0.000000 -0.000000 -0.000000 -9.911397 0.067038 0.007183 -9.916800 0.063221 -0.011717 0.610370 -0.854518 0.488296 0.000370 -0.000518 0.061296
1344 1 1 0 1 0.000000 -0.000000 -0.000000 -9.920974 0.067636 -0.015562 -9.918679 0.065208 -0.013447 0.549333 -0.854518 0.488296 -0.060667 -0.000518 0.061296
1360 1 1 0 1 0.000000 -0.000000 -0.000000 -9.928157 0.061651 -0.024541 -9.922944 0.063607 -0.018439 0.610370 -0.854518 0.427259 0.000370 -0.000518 0.000259
1375 1 1 0 1 0.000000 -0.000000 -0.000000 -9.922769 0.056862 -0.020351 -9.922865 0.060572 -0.019299 0.610370 -0.854518 0.427259 0.000370 -0.000518 0.000259
1390 1 1 0 1 0.000000 -0.000000 -0.000000 -9.922171 0.052672 -0.010774 -9.922553 0.057017 -0.015463 0.610370 -0.915555 0.427259 0.000370 -0.061555 0.000259
1405 1 1 0 1 0.000000 -0.000000 -0.000000 -9.916783 0.058658 -0.019154 -9.919956 0.057756 -0.017124 0.610370 -0.915555 0.488296 0.000370 -0.061555 0.061296
1420 0 1 0 1 0.000000 -0.000000 -0.000000 -9.916185 0.063446 -0.026935 -9.918261 0.060316 -0.021539 0.610370 -0.854518 0.427259 0.000370 -0.000518 0.000259
1435 1 1 0 1 0.000000 -0.000000 -0.000000 -9.924565 0.050877 -0.017957 -9.921097 0.056069 -0.019927 0.610370 -0.854518 0.427259 0.000370 -0.000518 0.000259
1450 1 1 0 1 0.000000 -0.000000 -0.000000 -9.929353 0.062249 -0.000599 -9.924812 0.058850 -0.011229 0.610370 -0.854518 0.427259 0.000370 -0.000518 0.000259
1465 1 1 0 1 0.000000 -0.000000 -0.000000 -9.913792 0.065242 -0.010175 -9.919853 0.061726 -0.010755 0.610370 -0.854518 0.427259 0.000370 -0.000518 0.000259
1480 1 1 0 1 0.000000 -0.000000 -0.000000 -9.921573 0.060454 -0.013767 -9.920627 0.061154 -0.012110 0.610370 -0.854518 0.366222 0.000370 -0.000518 -0.060778
1495 1 1 0 1 0.000000 -0.000000 -0.000000 -9.922769 0.058059 -0.022146 -9.921592 0.059761 -0.016626 0.671407 -0.854518 0.427259 0.061407 -0.000518 0.000259
1510 1 1 0 1 0.000000 -0.000000 -0.000000 -9.913193 0.059855 -0.019154 -9.917812 0.059803 -0.017764 0.610370 -0.854518 0.427259 0.000370 -0.000518 0.000259
1525 1 1 0 1 0.000000 -0.000000 -0.000000 -9.917981 0.061052 -0.005986 -9.917889 0.060365 -0.012464 0.610370 -0.854518 0.427259 0.000370 -0.000518 0.000259
1540 1 1 0 1 0.000000 -0.000000 -0.000000 -9.926361 0.059855 -0.013168 -9.921700 0.060136 -0.012781 0.610370 -0.854518 0.427259 0.000370 -0.000518 0.000259
1555 1 1 0 1 0.000000 -0.000000 -0.000000 -9.924565 0.048483 -0.014964 -9.922990 0.054892 -0.013763 0.549333 -0.915555 0.488296 -0.060667 -0.061555 0.061296
1571 1 1 0 1 0.000000 -0.000000 -0.000000 -9.912594 0.052672 -0.014365 -9.918312 0.053893 -0.014034 0.671407 -0.854518 0.427259 0.061407 -0.000518 0.000259
1586 1 1 0 1 0.000000 -0.000000 -0.000000 -9.914988 0.059256 -0.010175 -9.916816 0.056307 -0.012298 0.610370 -0.915555 0.427259 0.000370 -0.061555 0.000259
1601 1 1 0 1 0.000000 -0.000000 -0.000000 -9.928157 0.056862 -0.018555 -9.921920 0.056557 -0.015113 0.610370 -0.854518 0.427259 0.000370 -0.000518 0.000259
1616 1 1 0 1 0.000000 -0.000000 -0.000000 -9.925762 0.058059 -0.025139 -9.923649 0.057233 -0.019625 0.671407 -0.915555 0.427259 0.061407 -0.061555 0.000259
1631 1 1 0 1 0.000000 -0.000000 -0.000000 -9.917981 0.052672 -0.004788 -9.921098 0.055181 -0.012949 0.610370 -0.854518 0.366222 0.000370 -0.000518 -0.060778
1646 1 1 0 1 0.000000 -0.000000 -0.000000 -9.924565 0.067038 -0.016161 -9.922659 0.060516 -0.014394 0.610370 -0.915555 0.427259 0.000370 -0.061555 0.000259
1661 1 1 0 1 0.000000 -0.000000 -0.000000 -9.926361 0.054468 -0.002993 -9.924325 0.057795 -0.009263 0.549333 -0.854518 0.427259 -0.060667 -0.000518 0.000259
1676 1 1 0 1 0.000000 -0.000000 -0.000000 -9.925762 0.053870 -0.011372 -9.924972 0.056028 -0.010213 0.610370 -0.854518 0.427259 0.000370 -0.000518 0.000259
1691 1 1 0 1 0.000000 -0.000000 -0.000000 -9.927558 0.056862 0.001197 -9.926135 0.056404 -0.005078 0.610370 -0.854518 0.427259 0.000370 -0.000518 0.000259
1706 1 1 0 1 0.000000 -0.000000 -0.000000 -9.916783 0.061651 -0.007781 -9.921927 0.058765 -0.006295 0.671407 -0.854518 0.488296 0.061407 -0.000518 0.061296
1721 1 1 0 1 0.000000 -0.000000 -0.000000 -9.914391 0.057461 -0.013767 -9.918535 0.058178 -0.009657 0.610370 -0.854518 0.427259 0.000370 -0.000518 0.000259
1736 1 1 0 1 0.000000 -0.000000 -0.000000 -9.917382 0.059256 -0.002394 -9.918016 0.058663 -0.006389 0.610370 -0.915555 0.366222 0.000370 -0.061555 -0.060778
1752 1 1 0 1 0.000000 -0.000000 -0.000000 -9.926361 0.055665 -0.003591 -9.921772 0.057314 -0.005130 0.610370 -0.854518 0.427259 0.000370 -0.000518 0.000259
1767 1 1 0 1 0.000000 -0.000000 -0.000000 -9.927558 0.061052 -0.010774 -9.924376 0.058996 -0.007670 0.610370 -0.854518 0.427259 0.000370 -0.000518 0.000259
1782 1 1 0 1 0.000000 -0.000000 -0.000000 -9.919178 0.058658 -0.010774 -9.922036 0.058844 -0.009067 0.610370 -0.854518 0.427259 0.000370 -0.000518 0.000259
1797 1 1 0 1 0.000000 -0.000000 -0.000000 -9.918579 0.047884 -0.015562 -9.920481 0.053912 -0.011990 0.671407 -0.915555 0.427259 0.061407 -0.061555 0.000259
1812 1 1 0 1 0.000000 -0.000000 -0.000000 -9.928157 0.063446 -0.004190 -9.923935 0.058202 -0.008480 0.610370 -0.915555 0.366222 0.000370 -0.061555 -0.060778
1827 1 1 0 1 0.000000 -0.000000 -0.000000 -9.913792 0.065841 -0.006584 -9.919371 0.061640 -0.007627 0.610370 -0.854518 0.427259 0.000370 -0.000518 0.000259
1842 1 1 0 1 0.000000 -0.000000 -0.000000 -9.917382 0.057461 -0.018555 -9.918476 0.059759 -0.012544 0.610370 -0.854518 0.366222 0.000370 -0.000518 -0.060778
1857 1 1 0 1 0.000000 -0.000000 -0.000000 -9.928756 0.059256 -0.012570 -9.923102 0.059533 -0.012556 0.549333 -0.854518 0.427259 -0.060667 -0.000518 0.000259
1872 1 1 0 1 0.000000 -0.000000 -0.000000 -9.928756 0.067038 -0.016161 -9.925645 0.062910 -0.014178 0.610370 -0.854518 0.427259 0.000370 -0.000518 0.000259
1887 1 1 0 1 0.000000 -0.000000 -0.000000 -9.931149 0.054468 -0.004788 -9.928123 0.059111 -0.009953 0.610370 -0.915555 0.427259 0.000370 -0.061555 0.000259
1902 1 1 0 1 0.000000 -0.000000 -0.000000 -9.918579 0.052074 -0.008978 -9.923828 0.055944 -0.009514 0.549333 -0.854518 0.427259 -0.060667 -0.000518 0.000259
1918 1 1 0 1 0.000000 -0.000000 -0.000000 -9.915586 0.061651 -0.011971 -9.920119 0.058512 -0.010620 0.549333 -0.854518 0.427259 -0.060667 -0.000518 0.000259
1933 1 1 0 1 0.000000 -0.000000 -0.000000 -9.909002 0.060454 -0.018555 -9.915116 0.059386 -0.014191 0.610370 -0.915555 0.427259 0.000370 -0.061555 0.000259
1948 1 1 0 1 0.000000 -0.000000 -0.000000 -9.927558 0.064643 -0.006584 -9.920715 0.061752 -0.010768 0.671407 -0.854518 0.427259 0.061407 -0.000518 0.000259
1963 1 1 0 1 0.000000 -0.000000 -0.000000 -9.922171 0.061052 -0.010175 -9.921371 0.061437 -0.010501 0.610370 -0.854518 0.427259 0.000370 -0.000518 0.000259
1978 1 1 0 1 0.000000 -0.000000 -0.000000 -9.911397 0.054468 -0.011971 -9.916883 0.058301 -0.011163 0.671407 -0.854518 0.427259 0.061407 -0.000518 0.000259
1993 1 1 0 1 0.000000 -0.000000 -0.000000 -9.915586 0.062249 -0.012570 -9.916299 0.060078 -0.011796 0.671407 -0.915555 0.427259 0.061407 -0.061555 0.000259
2008 1 1 0 1 0.000000 -0.000000 -0.000000 -9.921573 0.061651 -0.006584 -9.918673 0.060786 -0.009450 0.671407 -0.915555 0.488296 0.061407 -0.061555 0.061296
2023 1 1 0 1 0.000000 -0.000000 -0.000000 -9.912594 0.050877 -0.004190 -9.915937 0.056327 -0.007083 0.610370 -0.854518 0.427259 0.000370 -0.000518 0.000259
2038 1 1 0 1 0.000000 -0.000000 -0.000000 -9.923368 0.069432 -0.010175 -9.919281 0.062224 -0.008475 0.549333 -0.854518 0.488296 -0.060667 -0.000518 0.061296
2053 1 1 0 1 0.000000 -0.000000 -0.000000 -9.919178 0.061052 -0.008380 -9.919235 0.061697 -0.008432 0.610370 -0.854518 0.427259 0.000370 -0.000518 0.000259
2068 1 1 0 1 0.000000 -0.000000 -0.000000 -9.917382 0.060454 -0.002394 -9.918401 0.061137 -0.005715 0.610370 -0.854518 0.427259 0.000370 -0.000518 0.000259
2084 1 1 0 1 0.000000 -0.000000 -0.000000 -9.922769 0.056862 -0.003591 -9.920366 0.059214 -0.004759 0.610370 -0.915555 0.427259 0.000370 -0.061555 0.000259
2099 1 1 0 1 0.000000 -0.000000 -0.000000 -9.923966 0.056862 -0.013168 -9.921987 0.058155 -0.008543 0.610370 -0.854518 0.427259 0.000370 -0.000518 0.000259
2114 1 1 0 1 0.000000 -0.000000 -0.000000 -9.919777 0.056264 -0.011971 -9.920993 0.057304 -0.010086 0.610370 -0.854518 0.488296 0.000370 -0.000518 0.061296
2129 1 1 0 1 0.000000 -0.000000 -0.000000 -9.914391 0.049680 -0.005387 -9.918021 0.053873 -0.007971 0.610370 -0.793481 0.488296 0.000370 0.060519 0.061296
2144 1 1 0 1 0.000000 -0.000000 -0.000000 -9.916783 0.061052 -0.013168 -9.917464 0.057104 -0.010310 0.671407 -0.915555 0.427259 0.061407 -0.061555 0.000259
2159 1 1 0 1 0.000000 -0.000000 -0.000000 -9.913792 0.051475 -0.016161 -9.915812 0.054571 -0.012943 0.610370 -0.915555 0.366222 0.000370 -0.061555 -0.060778
2174 0 1 0 1 0.000000 -0.000000 -0.000000 -9.923368 0.051475 0.001197 -9.919212 0.053178 -0.006580 0.610370 -0.915555 0.488296 0.000370 -0.061555 0.061296
2189 1 1 0 1 0.000000 -0.000000 -0.000000 -9.918579 0.059855 0.000000 -9.918928 0.056183 -0.003619 0.671407 -0.915555 0.427259 0.061407 -0.061555 0.000259
2204 1 1 0 1 0.000000 -0.000000 -0.000000 -9.925163 0.055665 -0.018555 -9.921734 0.055950 -0.010340 0.610370 -0.915555 0.427259 0.000370 -0.061555 0.000259
2219 1 1 0 1 0.000000 -0.000000 -0.000000 -9.925163 0.052672 -0.007781 -9.923278 0.054475 -0.009189 0.610370 -0.915555 0.427259 0.000370 -0.061555 0.000259
2234 1 1 0 1 0.000000 -0.000000 -0.000000 -9.923368 0.056264 0.028132 -9.923318 0.055280 0.007606 0.610370 -0.854518 0.427259 0.000370 -0.000518 0.000259
2249 1 1 0 1 0.000000 -0.000000 -0.000000 -9.925762 0.062848 -0.032322 -9.924418 0.058685 -0.010362 0.610370 -0.915555 0.427259 0.000370 -0.061555 0.000259
2264 1 1 0 1 0.000000 -0.000000 -0.000000 -9.913792 0.052074 0.028730 -9.919636 0.055710 0.007230 0.610370 -0.854518 0.488296 0.000370 -0.000518 0.061296
2279 1 1 0 1 0.000000 -0.000000 -0.000000 -9.929353 0.059256 -0.046088 -9.924009 0.057306 -0.016763 0.610370 -0.854518 0.427259 0.000370 -0.000518 0.000259
2294 1 1 0 1 0.000000 -0.000000 -0.000000 -9.917382 0.041300 0.028132 -9.921027 0.050103 0.003439 0.671407 -0.854518 0.427259 0.061407 -0.000518 0.000259
2309 1 1 0 1 0.000000 -0.000000 -0.000000 -9.922171 0.061052 -0.028132 -9.921541 0.055030 -0.010768 0.549333 -0.854518 0.427259 -0.060667 -0.000518 0.000259
2324 1 1 0 1 0.000000 -0.000000 -0.000000 -9.914988 0.045490 0.007183 -9.918592 0.050737 -0.002690 0.610370 -0.915555 0.427259 0.000370 -0.061555 0.000259
2339 1 1 0 1 0.000000 -0.000000 -0.000000 -9.927558 0.061651 -0.009577 -9.922627 0.055648 -0.005789 0.671407 -0.915555 0.427259 0.061407 -0.061555 0.000259
2354 1 1 0 1 0.000000 -0.000000 -0.000000 -9.911397 0.051475 0.005986 -9.917574 0.053770 -0.000491 0.671407 -0.915555 0.427259 0.061407 -0.061555 0.000259
2369 1 1 0 1 0.000000 -0.000000 -0.000000 -9.925762 0.065841 -0.011971 -9.921258 0.059202 -0.005657 0.671407 -0.854518 0.366222 0.061407 -0.000518 -0.060778
2384 1 1 0 1 0.000000 -0.000000 -0.000000 -9.918579 0.052672 -0.008978 -9.920053 0.056264 -0.007151 0.610370 -0.854518 0.366222 0.000370 -0.000518 -0.060778
2399 1 1 0 1 0.000000 -0.000000 -0.000000 -9.922171 0.059855 0.008978 -9.921006 0.057880 0.000107 0.610370 -0.854518 0.427259 0.000370 -0.000518 0.000259
2414 1 1 0 1 0.000000 -0.000000 -0.000000 -9.919777 0.065242 -0.022146 -9.920453 0.061193 -0.009907 0.671407 -0.915555 0.427259 0.061407 -0.061555 0.000259
2429 1 1 0 1 0.000000 -0.000000 -0.000000 -9.920974 0.058059 0.000000 -9.920688 0.059783 -0.005449 0.610370 -0.915555 0.427259 0.000370 -0.061555 0.000259
2444 1 1 0 1 0.000000 -0.000000 -0.000000 -9.920376 0.055067 -0.018555 -9.920547 0.057661 -0.011347 0.671407 -0.915555 0.427259 0.061407 -0.061555 0.000259
2459 1 1 0 1 0.000000 -0.000000 -0.000000 -9.927558 0.052074 -0.019154 -9.923701 0.055147 -0.014860 0.671407 -0.854518 0.488296 0.061407 -0.000518 0.061296
2474 1 1 0 1 0.000000 -0.000000 -0.000000 -9.920376 0.061651 -0.059855 -9.922205 0.058073 -0.035108 0.732444 -0.854518 0.427259 0.122444 -0.000518 0.000259
2489 1 1 0 1 0.000000 -0.000000 -0.000000 -9.926361 0.034716 -0.096965 -9.924076 0.047563 -0.062944 0.793481 -0.854518 0.427259 0.183481 -0.000518 0.000259
2504 1 1 0 1 0.000000 -0.000000 -0.000000 -9.902418 0.030526 -0.077812 -9.914330 0.039896 -0.069634 0.915555 -0.854518 0.427259 0.305555 -0.000518 0.000259
2519 1 1 0 1 0.000000 -0.000000 -0.000000 -9.920376 0.052074 0.040701 -9.917050 0.045376 -0.019983 0.915555 -0.854518 0.427259 0.305555 -0.000518 0.000259
2534 1 1 0 1 0.000000 -0.000000 -0.000000 -9.913193 0.082001 -0.055665 -9.915315 0.061858 -0.036040 0.976592 -0.854518 0.427259 0.366592 -0.000518 0.000259
2549 1 1 0 1 0.000000 -0.000000 -0.000000 -9.925163 0.026935 -0.020949 -9.919746 0.046142 -0.029249 0.915555 -0.793481 0.488296 0.305555 0.060519 0.061296
2564 1 1 1 1 0.000000 -0.011908 -0.000000 -9.958682 0.071228 -0.733224 -9.937268 0.057431 -0.346038 1.403852 -0.854518 0.366222 0.793851 -0.000518 -0.060778
2580 1 1 1 1 0.000000 -0.039259 -0.000000 -9.816826 -0.268151 -0.924760 -9.883070 -0.089081 -0.606463 2.319407 -0.854518 0.549333 1.709407 -0.000518 0.122333
2595 1 1 1 1 0.000000 -0.082296 -0.000000 -10.022727 -0.014365 -1.097741 -9.945915 -0.055459 -0.827538 3.479110 -0.976592 0.488296 2.869110 -0.122592 0.061296
2610 1 1 1 1 0.000000 -0.144560 -0.000000 -9.955091 -0.111330 -1.178546 -9.950045 -0.080601 -0.985492 4.760888 -0.976592 0.427259 4.150888 -0.122592 0.000259
2626 1 1 1 1 0.000000 -0.233436 -0.000000 -9.885061 -0.228646 -1.290475 -9.920802 -0.147221 -1.122734 6.164739 -0.854518 0.427259 5.554739 -0.000518 0.000259
2641 1 1 1 1 0.000000 -0.341478 -0.000000 -9.947908 -0.057461 -1.559822 -9.933000 -0.106829 -1.319424 7.812739 -0.976592 0.427259 7.202739 -0.122592 0.000259
2656 1 1 1 1 0.000000 -0.475156 -0.000000 -9.862914 -0.210091 -1.477222 -9.901462 -0.153297 -1.390433 9.521775 -1.159703 0.427259 8.911776 -0.305703 0.000259
2671 1 1 1 1 0.000000 -0.633555 -0.000000 -9.960478 -0.197522 -1.546654 -9.928019 -0.173198 -1.460733 11.169775 -1.037629 0.427259 10.559775 -0.183629 0.000259
2687 1 1 1 1 0.000000 -0.833764 -0.000000 -9.965266 -0.049680 -1.589750 -9.944780 -0.117615 -1.518790 13.122959 -1.220740 0.366222 12.512959 -0.366740 -0.060778
2703 1 1 1 1 0.000000 -1.063271 -0.000000 -9.836578 -0.260369 -1.577779 -9.896090 -0.181854 -1.545335 14.954070 -1.098666 0.488296 14.344069 -0.244666 0.061296
2718 1 1 1 1 0.000000 -1.307732 -0.000000 -10.028114 -0.066439 -1.770512 -9.955501 -0.129918 -1.646665 16.907255 -1.159703 0.488296 16.297256 -0.305703 0.061296
2734 1 1 1 1 0.000000 -1.599741 -0.000000 -9.961077 -0.068235 -1.671751 -9.958010 -0.102160 -1.657954 18.860439 -1.342814 0.366222 18.250439 -0.488814 -0.060778
2749 1 1 1 1 0.000000 -1.903713 -0.000000 -9.853936 -0.232836 -1.635838 -9.911177 -0.160964 -1.648002 20.874660 -1.220740 0.366222 20.264660 -0.366740 -0.060778
2765 1 1 0 1 0.000000 -2.260178 -0.000000 -9.976639 -0.022146 -1.777695 -9.940636 -0.098496 -1.706364 22.888884 -1.281778 0.366222 22.278883 -0.427777 -0.060778
2780 1 1 0 1 0.000000 -2.624576 -0.000000 -9.914988 -0.074819 -1.684919 -9.929094 -0.087841 -1.696714 24.903105 -1.342814 0.366222 24.293104 -0.488814 -0.060778
2796 1 1 0 1 0.000000 -3.042567 -0.000000 -9.895835 -0.115520 -1.580772 -9.914127 -0.100297 -1.644540 26.734215 -1.281778 0.427259 26.124214 -0.427777 0.000259
2811 1 1 0 1 0.000000 -3.461899 -0.000000 -9.962873 0.071826 -1.596933 -9.936063 -0.022842 -1.623117 28.565327 -1.403852 0.366222 27.955326 -0.549851 -0.060778
2827 1 1 0 1 0.000000 -3.940437 -0.000000 -9.895835 -0.016161 -1.534085 -9.917960 -0.019835 -1.583052 30.518511 -1.403852 0.366222 29.908510 -0.549851 -0.060778
2843 1 1 0 1 0.000000 -4.445343 -0.000000 -9.898229 0.016759 -1.450288 -9.909081 -0.003368 -1.523308 32.166512 -1.403852 0.366222 31.556509 -0.549851 -0.060778
2858 1 1 0 1 0.000000 -4.944328 -0.000000 -9.960478 0.177769 -1.402404 -9.932209 0.078144 -1.468901 33.875549 -1.342814 0.366222 33.265549 -0.488814 -0.060778
2873 1 1 0 1 0.000000 -5.466202 -0.000000 -9.937134 0.116717 -1.277307 -9.934426 0.095502 -1.382684 35.401470 -1.403852 0.366222 34.791473 -0.549851 -0.060778
2889 1 1 1 1 0.011668 -6.043375 0.000560 -9.884462 0.157419 -1.149217 -9.911942 0.123365 -1.277624 36.683250 -1.586963 0.366222 36.073250 -0.732963 -0.060778
2904 1 1 1 1 0.021686 -6.604618 0.001035 -9.912594 0.253785 -1.092953 -9.912236 0.182054 -1.194522 38.026066 -1.525926 0.427259 37.416065 -0.671926 0.000259
2919 1 1 1 1 0.032601 -7.182341 0.001560 -9.918579 0.216077 -0.975039 -9.915091 0.197364 -1.095755 39.124733 -1.586963 0.366222 38.514732 -0.732963 -0.060778
2935 1 1 1 1 0.045196 -7.814204 0.002177 -9.927558 0.286107 -0.875081 -9.920701 0.237299 -0.996451 40.101322 -1.648000 0.366222 39.491325 -0.794000 -0.060778
2950 1 1 1 1 0.055174 -8.420309 0.002625 -9.934142 0.347159 -0.812233 -9.926749 0.286736 -0.913553 41.016880 -1.525926 0.366222 40.406879 -0.671926 -0.060778
2965 1 1 1 1 0.067851 -9.039233 0.003270 -9.886258 0.307056 -0.724845 -9.908527 0.295880 -0.828634 41.871395 -1.709037 0.366222 41.261395 -0.855037 -0.060778
2981 1 1 1 1 0.081349 -9.711138 0.003951 -9.888652 0.372298 -0.619500 -9.899584 0.330268 -0.734524 42.603840 -1.709037 0.366222 41.993839 -0.855037 -0.060778
2996 1 1 1 1 0.093076 -10.350204 0.004506 -9.937733 0.434548 -0.523732 -9.916752 0.377194 -0.639667 43.214211 -1.648000 0.366222 42.604210 -0.794000 -0.060778
3011 1 1 1 1 0.104780 -10.996594 0.005056 -9.917981 0.408810 -0.445322 -9.917304 0.391421 -0.552212 43.702507 -1.648000 0.366222 43.092506 -0.794000 -0.060778
3027 1 1 1 1 0.115321 -11.691935 0.005449 -9.882068 0.445322 -0.381875 -9.901448 0.415676 -0.475560 44.068729 -1.525926 0.366222 43.458729 -0.671926 -0.060778
3042 1 1 1 1 0.126970 -12.348398 0.006002 -9.909002 0.459687 -0.322020 -9.904848 0.435481 -0.406467 44.373917 -1.648000 0.427259 43.763916 -0.794000 0.000259
3058 1 1 1 1 0.140316 -13.052532 0.006693 -9.917981 0.436942 -0.256778 -9.910758 0.436138 -0.339107 44.618065 -1.709037 0.427259 44.008064 -0.855037 0.000259
3073 1 1 1 1 0.151902 -13.715405 0.007233 -9.928157 0.499191 -0.223259 -9.918588 0.464512 -0.286976 44.801170 -1.648000 0.427259 44.191174 -0.794000 0.000259
3088 1 1 1 1 0.163456 -14.381026 0.007771 -9.930551 0.478242 -0.229245 -9.923971 0.470691 -0.260997 44.984283 -1.648000 0.366222 44.374283 -0.794000 -0.060778
3104 1 1 1 1 0.175742 -15.093955 0.008341 -9.906609 0.464475 -0.194529 -9.916158 0.467894 -0.231086 45.167397 -1.648000 0.366222 44.557396 -0.794000 -0.060778
3119 1 1 0 1 0.188105 -15.765070 0.008993 -9.908403 0.535104 -0.149039 -9.912668 0.498138 -0.194165 45.350506 -1.709037 0.305185 44.740505 -0.855037 -0.121815
3135 1 1 0 1 0.200309 -16.479950 0.009557 -9.923368 0.500987 -0.122104 -9.917484 0.499420 -0.161738 45.289471 -1.648000 0.366222 44.679470 -0.794000 -0.060778
3150 1 1 0 1 0.211710 -17.151068 0.010084 -9.913792 0.517746 -0.061052 -9.915822 0.507667 -0.116429 45.350506 -1.648000 0.305185 44.740505 -0.794000 -0.121815
3166 1 1 0 1 0.223825 -17.865950 0.010650 -9.917382 0.538097 -0.013168 -9.916524 0.521360 -0.069962 45.289471 -1.648000 0.366222 44.679470 -0.794000 -0.060778
3181 1 1 0 1 0.235139 -18.534328 0.011185 -9.911996 0.507571 0.030526 -9.914486 0.515155 -0.024742 45.167397 -1.648000 0.366222 44.557396 -0.794000 -0.060778
3196 1 1 0 1 0.246409 -19.200871 0.011724 -9.908403 0.535104 0.067636 -9.911750 0.524132 0.016828 45.045322 -1.648000 0.305185 44.435322 -0.794000 -0.121815
3212 1 1 0 1 0.257460 -19.908920 0.012142 -9.913792 0.535104 0.088585 -9.912668 0.529070 0.049119 44.862209 -1.586963 0.366222 44.252209 -0.732963 -0.060778
3227 1 1 0 1 0.268635 -20.569975 0.012702 -9.916185 0.510564 0.083199 -9.914250 0.520742 0.064455 44.679100 -1.648000 0.366222 44.069099 -0.794000 -0.060778
3242 1 1 0 1 0.278906 -21.227367 0.013106 -9.925163 0.548272 0.086191 -9.919162 0.533131 0.074236 44.434952 -1.586963 0.366222 43.824951 -0.732963 -0.060778
3257 1 1 0 1 0.289131 -21.881096 0.013520 -9.920376 0.515352 0.130484 -9.919707 0.525130 0.099548 44.190804 -1.586963 0.305185 43.580803 -0.732963 -0.121815
3272 1 1 0 1 0.299310 -22.532084 0.013941 -9.906609 0.512359 0.141856 -9.913813 0.519383 0.118587 44.007690 -1.586963 0.427259 43.397690 -0.732963 0.000259
3288 1 1 0 1 0.310115 -23.222565 0.014403 -9.892842 0.494403 0.141258 -9.904376 0.508142 0.128789 43.763542 -1.586963 0.366222 43.153542 -0.732963 -0.060778
3303 1 1 0 1 0.320194 -23.867140 0.014845 -9.894637 0.464475 0.030526 -9.899994 0.488492 0.084571 43.580437 -1.586963 0.427259 42.970436 -0.732963 0.000259
3318 1 1 0 1 0.331058 -24.510805 0.015484 -9.936536 0.484826 -0.119710 -9.916438 0.486842 -0.007356 43.519398 -1.648000 0.427259 42.909397 -0.794000 0.000259
3333 1 1 0 1 0.342698 -25.155397 0.016321 -9.942522 0.490811 -0.214880 -9.928175 0.488628 -0.100741 43.580437 -1.709037 0.366222 42.970436 -0.855037 -0.060778
3349 1 1 1 1 0.354164 -25.845886 0.016988 -9.920974 0.448913 -0.249596 -9.924935 0.470756 -0.167726 43.763542 -1.648000 0.366222 43.153542 -0.794000 -0.060778
3364 1 1 1 1 0.364031 -26.496880 0.017394 -9.903616 0.444124 -0.295085 -9.915341 0.458772 -0.225038 44.007690 -1.586963 0.366222 43.397690 -0.732963 -0.060778
3380 1 1 1 1 0.376237 -27.197142 0.018268 -9.903017 0.455497 -0.342969 -9.909796 0.457298 -0.278107 44.373917 -1.709037 0.366222 43.763916 -0.855037 -0.060778
3395 1 1 1 1 0.387611 -27.857300 0.019078 -9.923966 0.450708 -0.348955 -9.916172 0.454333 -0.309989 44.618065 -1.709037 0.366222 44.008064 -0.855037 -0.060778
3410 1 1 1 1 0.398108 -28.522034 0.019645 -9.925762 0.478242 -0.329801 -9.920488 0.465092 -0.318904 44.923248 -1.648000 0.366222 44.313248 -0.794000 -0.060778
3426 1 1 0 1 0.409232 -29.235966 0.020235 -9.904214 0.436942 -0.367510 -9.913165 0.452424 -0.340777 45.228432 -1.648000 0.366222 44.618431 -0.794000 -0.060778
3441 1 1 0 1 0.419590 -29.911694 0.020765 -9.878477 0.426766 -0.459687 -9.897555 0.440878 -0.394286 45.655693 -1.648000 0.427259 45.045692 -0.794000 0.000259
3457 1 1 0 1 0.431405 -30.639305 0.021566 -9.903616 0.461482 -0.541688 -9.900283 0.450150 -0.460617 46.082951 -1.709037 0.427259 45.472950 -0.855037 0.000259
3472 1 1 0 1 0.442400 -31.328775 0.022291 -9.957486 0.477643 -0.588974 -9.926023 0.462522 -0.518378 46.571247 -1.709037 0.427259 45.961246 -0.855037 0.000259
3487 1 1 0 1 0.452536 -32.027393 0.022722 -9.947908 0.475249 -0.614711 -9.935872 0.468249 -0.561728 47.181618 -1.648000 0.366222 46.571617 -0.794000 -0.060778
3503 1 1 0 1 0.464086 -32.782364 0.023423 -9.875484 0.458490 -0.633865 -9.908698 0.463857 -0.594189 47.791988 -1.709037 0.366222 47.181988 -0.855037 -0.060778
3518 1 1 0 1 0.474825 -33.500221 0.024038 -9.889849 0.456694 -0.662595 -9.900216 0.460634 -0.624972 48.463394 -1.709037 0.366222 47.853394 -0.855037 -0.060778
3534 1 1 0 1 0.487803 -34.275711 0.025242 -9.936536 0.500987 -0.651821 -9.916560 0.478793 -0.637054 49.073765 -1.831111 0.366222 48.463764 -0.977111 -0.060778
3549 1 1 0 1 0.499108 -35.013721 0.026040 -9.943121 0.526126 -0.650026 -9.928513 0.500093 -0.642892 49.806210 -1.770074 0.366222 49.196209 -0.916074 -0.060778
3565 1 1 0 1 0.510257 -35.810684 0.026540 -9.910798 0.512958 -0.689530 -9.920542 0.505882 -0.663879 50.416580 -1.709037 0.305185 49.806580 -0.855037 -0.121815
3580 1 1 0 1 0.521347 -36.569759 0.027249 -9.892243 0.535104 -0.749984 -9.907807 0.519032 -0.702626 51.210060 -1.770074 0.366222 50.600060 -0.916074 -0.060778
3595 1 1 0 1 0.532328 -37.339817 0.027905 -9.898229 0.533907 -0.794875 -9.903498 0.525726 -0.744138 51.942505 -1.770074 0.366222 51.332504 -0.916074 -0.060778
3611 1 1 0 1 0.544688 -38.173920 0.028873 -9.944916 0.559046 -0.837971 -9.922135 0.540720 -0.786363 52.735985 -1.831111 0.427259 52.125988 -0.977111 0.000259
3626 1 1 0 1 0.555431 -38.970531 0.029389 -9.940726 0.587178 -0.875081 -9.930501 0.561626 -0.826286 53.712578 -1.770074 0.366222 53.102577 -0.916074 -0.060778
3642 1 1 0 1 0.566756 -39.832958 0.029874 -9.903017 0.590769 -0.893037 -9.918134 0.574741 -0.856324 54.506058 -1.770074 0.366222 53.896057 -0.916074 -0.060778
3657 1 1 0 1 0.577944 -40.656136 0.030580 -9.884462 0.608726 -0.885855 -9.902981 0.590034 -0.869613 55.482655 -1.831111 0.366222 54.872654 -0.977111 -0.060778
3672 1 1 0 1 0.588992 -41.492134 0.031217 -9.913193 0.646434 -0.854132 -9.907577 0.615414 -0.862646 56.337173 -1.831111 0.427259 55.727173 -0.977111 0.000259
3688 1 1 0 1 0.600621 -42.395584 0.031831 -9.946712 0.653617 -0.803853 -9.925188 0.632605 -0.836189 57.069614 -1.831111 0.366222 56.459614 -0.977111 -0.060778
3703 1 1 0 1 0.611370 -43.255394 0.032333 -9.933543 0.699705 -0.793079 -9.928947 0.662800 -0.816790 57.924133 -1.831111 0.305185 57.314133 -0.977111 -0.121815
3719 1 1 0 1 0.623375 -44.185230 0.033181 -9.907207 0.730232 -0.777517 -9.919165 0.693144 -0.799117 58.717617 -1.892148 0.366222 58.107616 -1.038148 -0.060778
3734 1 1 0 1 0.634457 -45.067940 0.033912 -9.889849 0.736217 -0.697311 -9.905973 0.712527 -0.753304 59.450058 -1.892148 0.366222 58.840061 -1.038148 -0.060778
3750 1 1 0 1 0.646774 -46.017323 0.035052 -9.903616 0.775123 -0.584784 -9.904913 0.740695 -0.677470 59.938354 -1.953185 0.366222 59.328354 -1.099185 -0.060778
3765 1 1 0 1 0.657500 -46.915607 0.035683 -9.923966 0.803255 -0.500987 -9.913486 0.768847 -0.598053 60.487690 -1.892148 0.366222 59.877689 -1.038148 -0.060778
3780 1 1 1 1 0.668667 -47.820312 0.036673 -9.943121 0.839766 -0.443526 -9.926822 0.800761 -0.528516 60.914944 -1.953185 0.366222 60.304947 -1.099185 -0.060778
3796 1 1 1 1 0.680365 -48.789234 0.037710 -9.880272 0.845752 -0.347758 -9.905874 0.821007 -0.447175 61.159096 -1.953185 0.305185 60.549095 -1.099185 -0.121815
3811 1 1 1 1 0.691726 -49.700363 0.039086 -9.854535 0.836774 -0.196923 -9.882771 0.828102 -0.334561 61.342205 -2.014222 0.366222 60.732204 -1.160222 -0.060778
3827 1 1 1 1 0.702987 -50.671257 0.040118 -9.905412 0.893037 -0.101754 -9.892960 0.857323 -0.229798 61.281170 -1.953185 0.366222 60.671169 -1.099185 -0.060778
3842 1 1 1 1 0.713334 -51.581470 0.041093 -9.959879 0.939126 -0.043694 -9.923074 0.894134 -0.146051 61.281170 -1.953185 0.366222 60.671169 -1.099185 -0.060778
3858 1 1 1 1 0.724146 -52.549438 0.042164 -9.934741 0.899621 0.023942 -9.928324 0.896603 -0.069554 61.098057 -1.953185 0.305185 60.488056 -1.099185 -0.121815
3873 1 1 1 1 0.734619 -53.453262 0.043658 -9.880272 0.903811 0.110732 -9.906701 0.899847 0.011574 60.853912 -2.014222 0.305185 60.243912 -1.160222 -0.121815
3888 1 1 1 1 0.744333 -54.352505 0.044739 -9.885061 0.911592 0.188543 -9.896963 0.905132 0.091210 60.548725 -1.953185 0.366222 59.938725 -1.099185 -0.060778
3903 1 1 1 1 0.754365 -55.245358 0.046353 -9.932346 0.920571 0.283114 -9.912886 0.912080 0.177567 60.121464 -2.014222 0.366222 59.511467 -1.160222 -0.060778
3919 1 1 1 1 0.764271 -56.188934 0.047650 -9.918579 0.921768 0.421380 -9.915448 0.916439 0.287283 59.572132 -1.953185 0.427259 58.962135 -1.099185 0.000259
3934 1 1 1 1 0.772837 -57.063461 0.048473 -9.897631 0.909797 0.466869 -9.907430 0.913450 0.368097 58.900723 -1.892148 0.305185 58.290726 -1.038148 -0.121815
3949 1 1 1 1 0.781205 -57.927006 0.049398 -9.894637 0.892439 0.517746 -9.901673 0.903995 0.435439 58.168282 -1.892148 0.366222 57.558281 -1.038148 -0.060778
3964 1 1 1 1 0.789375 -58.779564 0.050430 -9.901820 0.900818 0.609923 -9.901740 0.902566 0.513957 57.435837 -1.892148 0.366222 56.825840 -1.038148 -0.060778
3980 1 1 1 1 0.797374 -59.675282 0.051112 -9.910798 0.864307 0.636858 -9.905816 0.885349 0.569262 56.581318 -1.831111 0.366222 55.971317 -0.977111 -0.060778
3995 1 1 1 1 0.804226 -60.502193 0.051348 -9.917382 0.845153 0.633865 -9.911021 0.867261 0.598333 55.726799 -1.770074 0.305185 55.116798 -0.916074 -0.121815
4010 1 1 1 1 0.811352 -61.316307 0.052244 -9.872491 0.827197 0.590171 -9.893683 0.849232 0.594660 54.872280 -1.831111 0.305185 54.262283 -0.977111 -0.121815
4025 1 1 0 1 0.818730 -62.116699 0.053824 -9.881469 0.796671 0.658405 -9.888187 0.825579 0.623346 53.956726 -1.892148 0.427259 53.346725 -1.038148 0.000259
4040 1 1 0 1 0.825073 -62.904259 0.054436 -9.935938 0.803853 0.694319 -9.909676 0.815803 0.655283 53.102211 -1.770074 0.366222 52.492210 -0.916074 -0.060778
4056 1 1 0 1 0.832094 -63.728699 0.055849 -9.934741 0.791882 0.780510 -9.920955 0.805039 0.711635 52.125618 -1.831111 0.305185 51.515617 -0.977111 -0.121815
4071 1 1 0 1 0.838094 -64.486961 0.056761 -9.904813 0.759561 0.817021 -9.913691 0.784573 0.759059 51.149025 -1.770074 0.305185 50.539024 -0.916074 -0.121815
4086 1 1 0 1 0.843932 -65.228752 0.057851 -9.889251 0.742801 0.827795 -9.902693 0.765776 0.789990 50.050358 -1.770074 0.366222 49.440357 -0.916074 -0.060778
4101 1 1 0 1 0.849611 -65.954056 0.059121 -9.892243 0.708684 0.884658 -9.897991 0.740084 0.832591 48.951694 -1.770074 0.427259 48.341694 -0.916074 0.000259
4117 1 1 0 1 0.855102 -66.709145 0.060048 -9.937134 0.705092 0.912191 -9.915605 0.724338 0.868411 47.791988 -1.709037 0.366222 47.181988 -0.855037 -0.060778
4132 1 1 0 1 0.859746 -67.400551 0.060495 -9.934741 0.685340 0.948703 -9.924216 0.706789 0.904542 46.693321 -1.648000 0.305185 46.083321 -0.794000 -0.121815
4147 1 1 0 1 0.864258 -68.072746 0.061156 -9.892243 0.648230 0.988805 -9.909828 0.680438 0.942460 45.411545 -1.648000 0.305185 44.801544 -0.794000 -0.121815
4162 1 1 0 1 0.868643 -68.726624 0.062023 -9.900623 0.626682 1.020529 -9.905686 0.656248 0.977591 44.190804 -1.648000 0.305185 43.580803 -0.794000 -0.121815
4177 1 1 0 1 0.872902 -69.361275 0.063112 -9.926361 0.622492 1.058836 -9.914989 0.641058 1.014151 42.909027 -1.648000 0.427259 42.299026 -0.794000 0.000259
4193 1 1 0 1 0.876973 -70.017715 0.063836 -9.932945 0.606332 1.107318 -9.923070 0.625431 1.056076 41.627247 -1.586963 0.366222 41.017246 -0.732963 -0.060778
4208 1 1 0 1 0.880676 -70.612984 0.064751 -9.914988 0.587777 1.112107 -9.919433 0.608487 1.081290 40.284435 -1.586963 0.366222 39.674435 -0.732963 -0.060778
4223 1 1 0 1 0.884274 -71.187202 0.065916 -9.888053 0.547075 1.139042 -9.905312 0.580851 1.107278 38.880585 -1.586963 0.366222 38.270584 -0.732963 -0.060778
4238 1 1 0 1 0.887478 -71.740356 0.066679 -9.903017 0.535104 1.203086 -9.904280 0.560265 1.150392 37.476730 -1.525926 0.488296 36.866730 -0.671926 0.061296
4253 1 1 0 1 0.890592 -72.271538 0.067707 -9.926361 0.522535 1.234810 -9.914216 0.543286 1.188380 36.011845 -1.525926 0.427259 35.401844 -0.671926 0.000259
4269 1 1 0 1 0.893524 -72.814667 0.068375 -9.930551 0.499191 1.273117 -9.921567 0.523444 1.226511 34.546955 -1.464888 0.427259 33.936954 -0.610888 0.000259
4284 1 1 0 1 0.896194 -73.300972 0.069283 -9.894637 0.480636 1.309030 -9.909449 0.504180 1.263645 33.021027 -1.464888 0.366222 32.411026 -0.610888 -0.060778
4299 1 1 0 1 0.898792 -73.764381 0.070475 -9.901820 0.452504 1.332972 -9.906016 0.480926 1.294842 31.495104 -1.464888 0.366222 30.885103 -0.610888 -0.060778
4314 1 1 0 1 0.898792 -74.202011 0.065094 -9.919777 0.438737 1.355717 -9.912209 0.461941 1.322236 29.786066 -1.403852 0.488296 29.176067 -0.549851 0.061296
4329 1 1 0 1 0.898792 -74.615868 0.059978 -9.925163 0.430956 1.379060 -9.918038 0.447998 1.347807 28.199104 -1.403852 0.427259 27.589104 -0.549851 0.000259
4344 1 1 0 1 0.898792 -75.005905 0.055130 -9.918579 0.411803 1.395820 -9.918282 0.431710 1.369413 26.612143 -1.342814 0.366222 26.002142 -0.488814 -0.060778
4360 1 1 0 1 0.898792 -75.395569 0.050261 -9.910798 0.389656 1.389834 -9.914914 0.412786 1.378602 24.964142 -1.281778 0.366222 24.354143 -0.427777 -0.060778
4375 1 1 0 1 0.898792 -75.736160 0.045984 -9.891645 0.363320 1.368885 -9.904444 0.390526 1.374229 23.316143 -1.281778 0.366222 22.706142 -0.427777 -0.060778
4390 1 1 0 1 0.898792 -76.052948 0.041988 -9.914988 0.345962 1.341352 -9.909189 0.370472 1.359434 21.729179 -1.281778 0.366222 21.119181 -0.427777 -0.060778
4405 1 1 0 1 0.898792 -76.345940 0.038278 -9.917981 0.322619 1.321001 -9.913145 0.348938 1.342139 20.142218 -1.220740 0.366222 19.532217 -0.366740 -0.060778
4421 1 1 0 1 0.898792 -76.635017 0.034602 -9.911397 0.314838 1.308431 -9.912359 0.333593 1.326971 18.677328 -1.220740 0.427259 18.067327 -0.366740 0.000259
4436 1 1 0 1 0.898792 -76.883141 0.031435 -9.911397 0.298677 1.289278 -9.911926 0.317881 1.310009 17.151403 -1.220740 0.427259 16.541403 -0.366740 0.000259
4451 1 1 0 1 0.898792 -77.108376 0.028551 -9.912594 0.283713 1.308431 -9.912227 0.302505 1.309299 15.625478 -1.159703 0.427259 15.015477 -0.305703 0.000259
4466 1 1 0 1 0.898792 -77.308891 0.025976 -9.918579 0.278925 1.356315 -9.915086 0.291894 1.330456 13.977478 -1.098666 0.427259 13.367477 -0.244666 0.000259
4481 1 1 0 1 0.898792 -77.486511 0.023688 -9.925163 0.278326 1.403601 -9.919621 0.285788 1.363371 12.451552 -1.037629 0.427259 11.841553 -0.183629 0.000259
4496 1 1 0 1 0.898792 -77.638504 0.021727 -9.942522 0.304064 1.480215 -9.929926 0.294012 1.415951 10.742516 -1.159703 0.427259 10.132516 -0.305703 0.000259
4512 1 1 0 1 0.898792 -77.774261 0.019971 -9.888652 0.267552 1.540070 -9.911353 0.282105 1.471805 9.094516 -1.037629 0.427259 8.484516 -0.183629 0.000259
4527 1 1 0 1 0.898792 -77.875893 0.018654 -9.896433 0.278326 1.514931 -9.904639 0.280405 1.491212 7.385479 -0.976592 0.427259 6.775479 -0.122592 0.000259
4541 1 1 0 1 0.898792 -77.945969 0.017745 -9.916783 0.307056 1.552041 -9.910105 0.292398 1.518585 5.615406 -1.037629 0.427259 5.005406 -0.183629 0.000259
4556 1 1 0 1 0.898792 -77.992668 0.017139 -9.913193 0.268151 1.645415 -9.911494 0.281487 1.575659 3.723258 -0.976592 0.427259 3.113258 -0.122592 0.000259
4571 1 1 0 1 0.898792 -78.011902 0.016889 -9.939528 0.307056 1.677737 -9.924109 0.292993 1.621594 1.892148 -0.854518 0.366222 1.282148 -0.000518 -0.060778
4586 1 1 0 1 0.898792 -78.002739 0.017008 -9.933543 0.282516 1.690905 -9.928355 0.288278 1.652784 0.000000 -0.854518 0.427259 -0.610000 -0.000518 0.000259
4601 1 1 0 1 0.898792 -77.962471 0.017531 -9.870696 0.298677 1.770512 -9.902409 0.292958 1.705762 -2.075259 -0.854518 0.427259 -2.685259 -0.000518 0.000259
4617 1 1 0 1 0.898792 -77.888245 0.018494 -9.917382 0.315436 1.786673 -9.909147 0.303073 1.742172 -4.028443 -0.793481 0.488296 -4.638443 0.060519 0.061296
4632 1 1 0 1 0.898792 -77.788467 0.019787 -9.937134 0.310049 1.774104 -9.921741 0.306212 1.756541 -6.042665 -0.732444 0.488296 -6.652665 0.121556 0.061296
4647 1 1 0 1 0.898792 -77.658463 0.021469 -9.913792 0.324414 1.755548 -9.918164 0.314403 1.756095 -8.056887 -0.732444 0.488296 -8.666886 0.121556 0.061296
4662 1 1 0 1 0.898792 -77.498245 0.023537 -9.912594 0.329801 1.678336 -9.915658 0.321332 1.721103 -10.071109 -0.671407 0.488296 -10.681108 0.182593 0.061296
4677 1 1 0 1 0.898792 -77.309639 0.025966 -9.903017 0.308253 1.648408 -9.909969 0.315447 1.688390 -11.963257 -0.671407 0.427259 -12.573256 0.182593 0.000259
4692 1 1 0 1 0.898792 -77.091743 0.028764 -9.902418 0.342969 1.635240 -9.906571 0.327832 1.664473 -13.916441 -0.671407 0.488296 -14.526441 0.182593 0.061296
4708 1 1 0 1 0.898792 -76.830017 0.032114 -9.955091 0.342371 1.565209 -9.928406 0.334374 1.619804 -15.747552 -0.549333 0.488296 -16.357552 0.304667 0.061296
4723 1 1 0 1 0.898792 -76.558098 0.035581 -9.935339 0.350152 1.513734 -9.931526 0.341474 1.572073 -17.517624 -0.549333 0.427259 -18.127625 0.304667 0.000259
4738 1 1 0 1 0.898792 -76.260536 0.039361 -9.882068 0.345364 1.471237 -9.909270 0.343225 1.526697 -19.226662 -0.488296 0.427259 -19.836660 0.365704 0.000259
4753 1 1 0 1 0.898792 -75.935524 0.043471 -9.915586 0.351948 1.427543 -9.912112 0.347150 1.482077 -21.057772 -0.427259 0.549333 -21.667772 0.426741 0.122333
4768 1 1 0 1 0.898792 -75.586693 0.047863 -9.948507 0.398036 1.401805 -9.928490 0.370049 1.445955 -22.644735 -0.488296 0.549333 -23.254734 0.365704 0.122333
4784 1 1 0 1 0.898792 -75.189224 0.052842 -9.920974 0.399233 1.382652 -9.925108 0.383182 1.417468 -24.231697 -0.366222 0.488296 -24.841698 0.487778 0.061296
4799 1 1 0 1 0.898792 -74.792793 0.057781 -9.898828 0.395642 1.294066 -9.913281 0.388789 1.361937 -25.818661 -0.366222 0.427259 -26.428659 0.487778 0.000259
4814 1 1 0 1 0.898792 -74.372566 0.062989 -9.894637 0.402226 1.219846 -9.904892 0.394836 1.297996 -27.405622 -0.427259 0.488296 -28.015623 0.426741 0.061296
4829 1 1 0 1 0.898792 -73.930351 0.068438 -9.892842 0.425569 1.238401 -9.899469 0.408666 1.271178 -28.870510 -0.366222 0.549333 -29.480511 0.487778 0.122333
4845 1 1 0 1 0.898792 -73.436195 0.074489 -9.935339 0.454898 1.185728 -9.915611 0.429470 1.232726 -30.274363 -0.305185 0.488296 -30.884363 0.548815 0.061296
4860 1 1 0 1 0.898792 -72.952782 0.080372 -9.914391 0.468066 1.124676 -9.915061 0.446839 1.184104 -31.617178 -0.305185 0.427259 -32.227177 0.548815 0.000259
4875 1 1 0 1 0.896072 -72.448181 0.079731 -9.882068 0.439935 1.047463 -9.900214 0.443732 1.122616 -33.021027 -0.244148 0.488296 -33.631027 0.609852 0.061296
4890 1 1 0 1 0.893274 -71.926186 0.079302 -9.913792 0.448314 0.903811 -9.906324 0.445794 1.024154 -34.180733 -0.244148 0.549333 -34.790730 0.609852 0.122333
4906 1 1 1 1 0.890200 -71.352791 0.079045 -9.922171 0.465074 0.784700 -9.913456 0.454470 0.916399 -35.218361 -0.244148 0.488296 -35.828362 0.609852 0.061296
4921 1 1 1 1 0.886936 -70.801483 0.078312 -9.919777 0.447716 0.666187 -9.916300 0.451430 0.803804 -36.133915 -0.183111 0.488296 -36.743916 0.670889 0.061296
4936 1 1 1 1 0.883580 -70.240105 0.077700 -9.923368 0.435745 0.460285 -9.919481 0.444372 0.649220 -36.805325 -0.183111 0.488296 -37.415325 0.670889 0.061296
4951 1 1 1 1 0.880131 -69.669579 0.077199 -9.877280 0.422577 0.298078 -9.900490 0.434564 0.491206 -37.415691 -0.183111 0.488296 -38.025692 0.670889 0.061296
4967 1 1 1 1 0.876348 -69.056129 0.076723 -9.897032 0.398635 0.152630 -9.898934 0.418396 0.338847 -37.720879 -0.183111 0.488296 -38.330879 0.670889 0.061296
4982 1 1 1 1 0.873035 -68.477364 0.076948 -9.944916 0.390255 0.055665 -9.919625 0.405732 0.211415 -37.965027 -0.244148 0.549333 -38.575027 0.609852 0.122333
4997 1 1 1 1 0.869295 -67.897682 0.076562 -9.926959 0.387861 -0.001197 -9.922926 0.397690 0.115740 -38.026066 -0.183111 0.549333 -38.636066 0.670889 0.122333
5012 1 1 1 1 0.865113 -67.317078 0.075573 -9.886258 0.358532 -0.102352 -9.906425 0.380069 0.017598 -38.087101 -0.122074 0.488296 -38.697102 0.731926 0.061296
5028 1 1 1 1 0.860920 -66.699730 0.075153 -9.911996 0.353743 -0.165200 -9.908932 0.368222 -0.064661 -37.965027 -0.183111 0.488296 -38.575027 0.670889 0.061296
5043 1 1 1 1 0.857259 -66.122803 0.075343 -9.923966 0.360327 -0.137068 -9.915698 0.364670 -0.097244 -37.842953 -0.244148 0.488296 -38.452953 0.609852 0.061296
5059 1 1 1 1 0.852462 -65.508369 0.074267 -9.944916 0.356736 -0.141856 -9.928846 0.361100 -0.117320 -37.781918 -0.122074 0.488296 -38.391918 0.731926 0.061296
5074 1 1 1 1 0.848244 -64.934189 0.073833 -9.917382 0.358532 -0.161010 -9.923688 0.359944 -0.136980 -37.659843 -0.183111 0.427259 -38.269840 0.670889 0.000259
5089 1 1 0 1 0.843935 -64.361839 0.073382 -9.887455 0.332794 -0.146645 -9.907383 0.347727 -0.141329 -37.537769 -0.183111 0.488296 -38.147766 0.670889 0.061296
5105 1 1 0 1 0.839666 -63.753300 0.073497 -9.901221 0.347758 -0.143652 -9.904611 0.347741 -0.142375 -37.415691 -0.244148 0.488296 -38.025692 0.609852 0.061296
5120 1 1 0 1 0.835171 -63.184608 0.073018 -9.949704 0.360926 -0.140061 -9.924903 0.353674 -0.141333 -37.293617 -0.183111 0.488296 -37.903618 0.670889 0.061296
5136 1 1 0 1 0.830278 -62.578987 0.072501 -9.934142 0.350751 -0.144251 -9.929060 0.352358 -0.142646 -37.232582 -0.183111 0.488296 -37.842583 0.670889 0.061296
5151 1 1 0 1 0.825600 -62.013058 0.072000 -9.904813 0.341174 -0.162806 -9.918149 0.347325 -0.151718 -37.110512 -0.183111 0.488296 -37.720512 0.670889 0.061296
5167 1 1 0 1 0.820513 -61.411343 0.071451 -9.910798 0.330998 -0.155025 -9.914842 0.339978 -0.153206 -36.988438 -0.183111 0.488296 -37.598434 0.670889 0.061296
5182 1 1 0 1 0.815654 -60.848156 0.070930 -9.917382 0.344765 -0.128090 -9.915985 0.342132 -0.141904 -36.927399 -0.183111 0.488296 -37.537399 0.670889 0.061296
5198 1 1 0 1 0.810856 -60.249401 0.070931 -9.930551 0.354342 -0.119710 -9.922540 0.347627 -0.131917 -36.805325 -0.244148 0.488296 -37.415325 0.609852 0.061296
5213 1 1 0 1 0.806278 -59.688969 0.070923 -9.913792 0.330998 -0.137068 -9.918603 0.340144 -0.134235 -36.744286 -0.244148 0.488296 -37.354286 0.609852 0.061296
5228 1 1 0 1 0.801157 -59.130363 0.070374 -9.888652 0.335188 -0.154426 -9.905126 0.337914 -0.143321 -36.622211 -0.183111 0.549333 -37.232212 0.670889 0.122333
5244 1 1 0 1 0.796107 -58.536484 0.070326 -9.908403 0.344167 -0.144849 -9.906601 0.340728 -0.144009 -36.500137 -0.244148 0.488296 -37.110138 0.609852 0.061296
5259 1 1 0 1 0.791295 -57.980640 0.070273 -9.931149 0.332196 -0.125097 -9.917648 0.336888 -0.135498 -36.439102 -0.244148 0.488296 -37.049103 0.609852 0.061296
5275 1 1 0 1 0.786078 -57.388714 0.070209 -9.928756 0.332794 -0.123301 -9.922646 0.335046 -0.130010 -36.378063 -0.244148 0.488296 -36.988064 0.609852 0.061296
5290 1 1 0 1 0.781111 -56.835613 0.070132 -9.903616 0.332794 -0.141258 -9.914083 0.334033 -0.135071 -36.255989 -0.244148 0.488296 -36.865990 0.609852 0.061296
5306 1 1 0 1 0.775193 -56.247593 0.069507 -9.899426 0.332196 -0.134075 -9.907487 0.333206 -0.134623 -36.133915 -0.183111 0.488296 -36.743916 0.670889 0.061296
5321 1 1 0 1 0.770074 -55.697250 0.069404 -9.929952 0.333393 -0.112527 -9.917597 0.333290 -0.124680 -36.072880 -0.244148 0.488296 -36.682880 0.609852 0.061296
5336 1 1 0 1 0.764882 -55.147812 0.069293 -9.933543 0.343568 -0.113725 -9.924773 0.337915 -0.119750 -36.011845 -0.244148 0.549333 -36.621845 0.609852 0.122333
5352 1 1 0 1 0.758703 -54.562725 0.068659 -9.916783 0.333991 -0.124498 -9.921178 0.336149 -0.121887 -35.950806 -0.183111 0.488296 -36.560806 0.670889 0.061296
5367 1 1 0 1 0.752829 -54.016045 0.068052 -9.905412 0.328604 -0.132280 -9.914083 0.332754 -0.126564 -35.828732 -0.183111 0.549333 -36.438732 0.670889 0.122333
5383 1 1 0 1 0.746478 -53.433891 0.067400 -9.904813 0.332794 -0.115520 -9.909911 0.332772 -0.121594 -35.767696 -0.183111 0.549333 -36.377697 0.670889 0.122333
5398 1 1 0 1 0.740993 -52.888126 0.067252 -9.926959 0.342969 -0.114922 -9.917583 0.337361 -0.118592 -35.767696 -0.244148 0.488296 -36.377697 0.609852 0.061296
5414 1 1 0 1 0.734473 -52.307922 0.066594 -9.917981 0.328604 -0.113126 -9.917762 0.333420 -0.116132 -35.645622 -0.183111 0.488296 -36.255619 0.670889 0.061296
5429 1 1 0 1 0.728283 -51.765823 0.065965 -9.904214 0.313042 -0.120309 -9.911666 0.324250 -0.118012 -35.523548 -0.183111 0.488296 -36.133545 0.670889 0.061296
5445 1 1 0 1 0.722205 -51.187588 0.065771 -9.919178 0.326809 -0.132280 -9.915047 0.325401 -0.124432 -35.523548 -0.244148 0.549333 -36.133545 0.609852 0.122333
5460 1 1 0 1 0.716438 -50.647320 0.065576 -9.923368 0.340575 -0.119710 -9.918792 0.332230 -0.122307 -35.401470 -0.244148 0.488296 -36.011471 0.609852 0.061296
5475 1 1 0 1 0.710021 -50.107048 0.064949 -9.922769 0.319027 -0.114323 -9.920582 0.326289 -0.118714 -35.401470 -0.183111 0.488296 -36.011471 0.670889 0.061296
5491 1 1 0 1 0.703095 -49.532719 0.064268 -9.917981 0.317232 -0.119710 -9.919412 0.322213 -0.119162 -35.279396 -0.183111 0.488296 -35.889397 0.670889 0.061296
5506 1 1 0 1 0.697125 -48.995209 0.064048 -9.909601 0.314838 -0.126893 -9.914997 0.318894 -0.122641 -35.218361 -0.244148 0.488296 -35.828362 0.609852 0.061296
5522 1 1 0 1 0.690686 -48.422844 0.063807 -9.920376 0.323816 -0.117914 -9.917418 0.321109 -0.120514 -35.157322 -0.244148 0.488296 -35.767323 0.609852 0.061296
5537 1 1 0 1 0.684584 -47.887161 0.063575 -9.929353 0.322020 -0.108936 -9.922789 0.321519 -0.115304 -35.096287 -0.244148 0.488296 -35.706287 0.609852 0.061296
5553 1 1 0 1 0.678004 -47.316746 0.063322 -9.923368 0.329801 -0.114922 -9.923049 0.325246 -0.115132 -35.035248 -0.244148 0.488296 -35.645248 0.609852 0.061296
5568 1 1 0 1 0.671771 -46.783813 0.063073 -9.908403 0.312443 -0.119112 -9.916459 0.319485 -0.116923 -34.913177 -0.244148 0.488296 -35.523178 0.609852 0.061296
5583 1 1 0 1 0.665477 -46.251801 0.062818 -9.915586 0.311246 -0.113725 -9.916067 0.315777 -0.115484 -34.852139 -0.244148 0.549333 -35.462139 0.609852 0.122333
5599 1 1 0 1 0.658695 -45.685307 0.062541 -9.928157 0.320823 -0.109535 -9.921507 0.318048 -0.112807 -34.791103 -0.244148 0.488296 -35.401104 0.609852 0.061296
5614 1 1 0 1 0.652274 -45.154205 0.062282 -9.925762 0.320823 -0.101754 -9.923421 0.319297 -0.107833 -34.791103 -0.244148 0.488296 -35.401104 0.609852 0.061296
5630 1 1 0 1 0.645359 -44.589668 0.061994 -9.914988 0.325611 -0.107141 -9.919627 0.322138 -0.107521 -34.669029 -0.244148 0.488296 -35.279030 0.609852 0.061296
5645 1 1 0 1 0.638814 -44.061325 0.061720 -9.914988 0.311246 -0.113725 -9.917540 0.317237 -0.110313 -34.607990 -0.244148 0.488296 -35.217991 0.609852 0.061296
5661 1 1 0 1 0.631769 -43.498734 0.061421 -9.913193 0.306458 -0.110133 -9.915584 0.312386 -0.110232 -34.546955 -0.244148 0.488296 -35.156956 0.609852 0.061296
5676 1 1 0 1 0.624438 -42.972221 0.060772 -9.916185 0.326210 -0.104746 -9.915854 0.318607 -0.107763 -34.485916 -0.183111 0.488296 -35.095917 0.670889 0.061296
5692 1 1 0 1 0.617266 -42.411587 0.060460 -9.922171 0.318429 -0.110133 -9.918696 0.318527 -0.108830 -34.424881 -0.244148 0.427259 -35.034882 0.609852 0.000259
5707 1 1 0 1 0.610484 -41.886909 0.060163 -9.913193 0.314239 -0.117914 -9.916221 0.316597 -0.112918 -34.363842 -0.244148 0.488296 -34.973843 0.609852 0.061296
5722 1 1 0 1 0.603646 -41.364067 0.059855 -9.905412 0.306458 -0.110732 -9.911356 0.312035 -0.111934 -34.241768 -0.244148 0.488296 -34.851768 0.609852 0.061296
5738 1 1 0 1 0.603646 -40.806438 0.063205 -9.936536 0.308253 -0.108338 -9.922687 0.310333 -0.110316 -34.241768 -0.305185 0.488296 -34.851768 0.548815 0.061296
5753 1 1 0 1 0.596694 -40.285419 0.062927 -9.932945 0.306458 -0.107141 -9.927303 0.308589 -0.108887 -34.119694 -0.244148 0.488296 -34.729694 0.609852 0.061296
5769 1 1 0 1 0.596694 -39.730724 0.066198 -9.916185 0.311246 -0.109535 -9.922300 0.309785 -0.109178 -34.058655 -0.366222 0.488296 -34.668655 0.487778 0.061296
5784 1 1 0 1 0.589633 -39.211548 0.065950 -9.914391 0.311845 -0.114922 -9.918740 0.310712 -0.111763 -33.997620 -0.244148 0.488296 -34.607620 0.609852 0.061296
5800 1 1 0 1 0.582043 -38.658741 0.065680 -9.923368 0.313042 -0.122703 -9.920823 0.311760 -0.116686 -33.936584 -0.244148 0.488296 -34.546585 0.609852 0.061296
5815 1 1 0 1 0.574874 -38.140484 0.065427 -9.923368 0.322020 -0.107739 -9.921968 0.316377 -0.112660 -33.936584 -0.244148 0.488296 -34.546585 0.609852 0.061296
5831 1 1 0 1 0.566399 -37.588650 0.064816 -9.906609 0.306458 -0.120907 -9.915056 0.311914 -0.116371 -33.875549 -0.183111 0.488296 -34.485550 0.670889 0.061296
5846 1 1 0 1 0.559125 -37.073139 0.064547 -9.923368 0.305261 -0.122703 -9.918797 0.308920 -0.119220 -33.753475 -0.244148 0.488296 -34.363476 0.609852 0.061296
5861 1 1 0 1 0.551069 -36.557625 0.063971 -9.910798 0.300472 -0.128688 -9.915197 0.305118 -0.123481 -33.753475 -0.183111 0.549333 -34.363476 0.670889 0.122333
5877 1 1 0 1 0.542416 -36.008724 0.063354 -9.920376 0.311246 -0.120309 -9.917528 0.307876 -0.122053 -33.692436 -0.183111 0.488296 -34.302437 0.670889 0.061296
5892 1 1 0 1 0.534249 -35.495052 0.062772 -9.913193 0.307655 -0.114922 -9.915578 0.307777 -0.118844 -33.631401 -0.183111 0.488296 -34.241398 0.670889 0.061296
5908 1 1 0 1 0.526278 -34.948109 0.062461 -9.910200 0.296282 -0.120309 -9.913157 0.302604 -0.119503 -33.570362 -0.244148 0.427259 -34.180363 0.609852 0.000259
5923 1 1 0 1 0.518756 -34.437187 0.062160 -9.907806 0.294487 -0.121506 -9.910749 0.298951 -0.120404 -33.448288 -0.244148 0.427259 -34.058289 0.609852 0.000259
5939 1 1 0 1 0.510683 -33.893177 0.061836 -9.913792 0.296881 -0.130484 -9.912119 0.298020 -0.124940 -33.387249 -0.244148 0.427259 -33.997250 0.609852 0.000259
5954 1 1 0 1 0.503067 -33.385002 0.061524 -9.922171 0.302268 -0.111330 -9.916642 0.299931 -0.118816 -33.265175 -0.244148 0.549333 -33.875175 0.609852 0.122333
5969 1 1 0 1 0.495406 -32.876827 0.061212 -9.912594 0.316633 -0.116119 -9.914821 0.307447 -0.117602 -33.265175 -0.244148 0.488296 -33.875175 0.609852 0.061296
5985 1 1 0 1 0.487187 -32.336727 0.060872 -9.916185 0.308852 -0.129885 -9.915435 0.308079 -0.123130 -33.143101 -0.244148 0.488296 -33.753101 0.609852 0.061296
6000 1 1 0 1 0.479436 -31.831301 0.060549 -9.914988 0.293888 -0.116717 -9.915234 0.301693 -0.120244 -33.082066 -0.244148 0.488296 -33.692066 0.609852 0.061296
6016 1 1 0 1 0.471122 -31.293161 0.060202 -9.916783 0.290896 -0.120309 -9.915931 0.296834 -0.120273 -33.021027 -0.244148 0.488296 -33.631027 0.609852 0.061296
6031 1 1 0 1 0.463284 -30.789570 0.059873 -9.923966 0.302867 -0.122703 -9.919547 0.299549 -0.121367 -32.959991 -0.244148 0.488296 -33.569988 0.609852 0.061296
6047 1 1 0 1 0.463284 -30.254402 0.062198 -9.914988 0.289100 -0.119112 -9.917497 0.294847 -0.120352 -32.837917 -0.305185 0.488296 -33.447918 0.548815 0.061296
6062 1 1 0 1 0.455362 -29.753563 0.061898 -9.916185 0.295085 -0.129885 -9.916906 0.294954 -0.124642 -32.776882 -0.244148 0.488296 -33.386883 0.609852 0.061296
6077 1 1 0 1 0.447400 -29.253639 0.061595 -9.911996 0.287903 -0.122104 -9.914697 0.291781 -0.123500 -32.715843 -0.244148 0.549333 -33.325844 0.609852 0.122333
6093 1 1 0 1 0.438865 -28.722338 0.061264 -9.916185 0.287304 -0.118513 -9.915367 0.289766 -0.121256 -32.593769 -0.244148 0.488296 -33.203770 0.609852 0.061296
6108 1 1 0 1 0.430824 -28.225163 0.060951 -9.929353 0.293888 -0.123900 -9.921660 0.291621 -0.122446 -32.532734 -0.244148 0.488296 -33.142735 0.609852 0.061296
6124 1 1 0 1 0.422205 -27.696796 0.060610 -9.921573 0.298078 -0.131681 -9.921621 0.294527 -0.126602 -32.410660 -0.244148 0.488296 -33.020660 0.609852 0.061296
6139 1 1 0 1 0.422205 -27.201487 0.062544 -9.906011 0.294487 -0.122703 -9.914597 0.294509 -0.124847 -32.410660 -0.305185 0.488296 -33.020660 0.548815 0.061296
6155 1 1 0 1 0.413507 -26.675072 0.062237 -9.910798 0.294487 -0.129885 -9.912888 0.294499 -0.127114 -32.288586 -0.244148 0.549333 -32.898582 0.609852 0.122333
6170 1 1 0 1 0.413507 -26.183426 0.064108 -9.928157 0.290297 -0.133477 -9.919758 0.292608 -0.129977 -32.166512 -0.305185 0.488296 -32.776508 0.548815 0.061296
6186 1 1 0 1 0.413507 -25.659977 0.066097 -9.918579 0.278326 -0.128090 -9.919228 0.286181 -0.129128 -32.105473 -0.305185 0.427259 -32.715473 0.548815 0.000259
6201 1 1 0 1 0.413507 -25.170156 0.067955 -9.914988 0.276530 -0.128688 -9.917320 0.281838 -0.128930 -32.044434 -0.305185 0.488296 -32.654434 0.548815 0.061296
6216 1 1 0 1 0.413507 -24.682169 0.069802 -9.925163 0.275932 -0.132280 -9.920850 0.279180 -0.130437 -31.922361 -0.305185 0.488296 -32.532360 0.548815 0.061296
6232 1 1 0 1 0.404622 -24.163572 0.069628 -9.920974 0.286706 -0.123301 -9.920906 0.282567 -0.127226 -31.800285 -0.244148 0.488296 -32.410286 0.609852 0.061296
6247 1 1 0 1 0.396260 -23.679226 0.069459 -9.921573 0.274735 -0.131681 -9.921206 0.279042 -0.129231 -31.678215 -0.244148 0.488296 -32.288216 0.609852 0.061296
6263 1 1 0 1 0.396260 -23.163588 0.071318 -9.918579 0.271742 -0.146046 -9.920024 0.275757 -0.136798 -31.617178 -0.366222 0.488296 -32.227177 0.487778 0.061296
6278 1 1 0 1 0.396260 -22.681091 0.073055 -9.911996 0.272340 -0.128090 -9.916410 0.274220 -0.132879 -31.556141 -0.366222 0.488296 -32.166142 0.487778 0.061296
6294 1 1 0 1 0.396260 -22.168386 0.074898 -9.917981 0.272939 -0.124498 -9.917118 0.273643 -0.129108 -31.434067 -0.305185 0.488296 -32.044067 0.548815 0.061296
6309 1 1 0 1 0.396260 -21.689552 0.076616 -9.923966 0.269946 -0.132878 -9.920199 0.271980 -0.130805 -31.311993 -0.305185 0.488296 -31.921991 0.548815 0.061296
6324 1 1 0 1 0.387746 -21.212532 0.076574 -9.912594 0.263362 -0.141258 -9.916778 0.268102 -0.135509 -31.189919 -0.244148 0.488296 -31.799917 0.609852 0.061296
6340 1 1 0 1 0.387746 -20.705688 0.078347 -9.910798 0.271143 -0.141258 -9.914086 0.269471 -0.138096 -31.067842 -0.305185 0.488296 -31.677843 0.548815 0.061296
6355 1 1 0 1 0.387746 -20.231432 0.080004 -9.921573 0.259771 -0.134075 -9.917456 0.265106 -0.136287 -31.006805 -0.305185 0.488296 -31.616806 0.548815 0.061296
6371 1 1 0 1 0.387746 -19.727516 0.081762 -9.920376 0.263362 -0.133477 -9.918769 0.264321 -0.135022 -30.884733 -0.305185 0.488296 -31.494736 0.548815 0.061296
6386 1 1 0 1 0.387746 -19.256006 0.083405 -9.916783 0.275333 -0.147243 -9.917876 0.269277 -0.140522 -30.823696 -0.305185 0.488296 -31.433699 0.548815 0.061296
6402 1 1 0 1 0.378520 -18.754997 0.083493 -9.923966 0.269946 -0.147842 -9.920617 0.269578 -0.143816 -30.701622 -0.244148 0.427259 -31.311623 0.609852 0.000259
6417 1 1 0 1 0.378520 -18.287153 0.085080 -9.921573 0.265158 -0.139462 -9.921046 0.267589 -0.141857 -30.579548 -0.305185 0.488296 -31.189547 0.548815 0.061296
6432 1 1 0 1 0.378520 -17.820225 0.086661 -9.925762 0.267552 -0.144251 -9.923168 0.267572 -0.142934 -30.518511 -0.305185 0.427259 -31.128510 0.548815 0.000259
6448 1 1 0 1 0.378520 -17.324118 0.088339 -9.924565 0.256180 -0.147243 -9.923798 0.262446 -0.144873 -30.396437 -0.305185 0.488296 -31.006437 0.548815 0.061296
6463 1 1 0 1 0.378520 -16.860851 0.089904 -9.915586 0.254384 -0.159813 -9.920103 0.258818 -0.151596 -30.274363 -0.305185 0.427259 -30.884363 0.548815 0.000259
6479 1 1 0 1 0.378520 -16.368650 0.091564 -9.912594 0.247800 -0.156820 -9.916724 0.253860 -0.153947 -30.152288 -0.366222 0.488296 -30.762289 0.487778 0.061296
6494 1 1 0 1 0.378520 -15.909046 0.093113 -9.913792 0.245406 -0.148441 -9.915403 0.250055 -0.151469 -30.030214 -0.305185 0.427259 -30.640215 0.548815 0.000259
6510 1 1 0 1 0.378520 -15.420752 0.094757 -9.918579 0.246603 -0.156222 -9.916834 0.248502 -0.153608 -29.908140 -0.305185 0.427259 -30.518139 0.548815 0.000259
6525 1 1 0 1 0.378520 -14.964808 0.096289 -9.917981 0.248398 -0.169390 -9.917349 0.248455 -0.160710 -29.786066 -0.305185 0.427259 -30.396067 0.548815 0.000259
6540 1 1 0 1 0.378520 -14.511613 0.097812 -9.916185 0.240617 -0.166996 -9.916825 0.244928 -0.163538 -29.602955 -0.305185 0.427259 -30.212955 0.548815 0.000259
6556 1 1 0 1 0.378520 -14.031134 0.099424 -9.913792 0.237026 -0.165200 -9.915461 0.241372 -0.164286 -29.419844 -0.305185 0.488296 -30.029844 0.548815 0.061296
6571 1 1 0 1 0.378520 -13.582514 0.100927 -9.922171 0.236427 -0.165200 -9.918480 0.239147 -0.164697 -29.297771 -0.366222 0.427259 -29.907770 0.487778 0.000259
6587 1 1 0 1 0.378520 -13.105941 0.102523 -9.924565 0.243610 -0.177769 -9.921218 0.241155 -0.170580 -29.175697 -0.305185 0.488296 -29.785696 0.548815 0.061296
6602 1 1 0 1 0.378520 -12.660985 0.104011 -9.916783 0.248997 -0.184952 -9.919223 0.244684 -0.177047 -29.053621 -0.305185 0.488296 -29.663622 0.548815 0.061296
6618 1 1 0 1 0.378520 -12.189293 0.105588 -9.913792 0.230442 -0.183156 -9.916779 0.238275 -0.179796 -28.870510 -0.305185 0.488296 -29.480511 0.548815 0.061296
6633 1 1 0 1 0.378520 -11.748914 0.107059 -9.911996 0.236427 -0.191536 -9.914626 0.237444 -0.185079 -28.748438 -0.427259 0.427259 -29.358438 0.426741 0.000259
6649 1 1 0 1 0.378520 -11.283083 0.108613 -9.898229 0.232836 -0.188543 -9.907248 0.235370 -0.186638 -28.504290 -0.366222 0.427259 -29.114288 0.487778 0.000259
6664 1 1 0 1 0.378520 -10.848198 0.110063 -9.919178 0.223259 -0.192733 -9.912617 0.229920 -0.189381 -28.382214 -0.366222 0.488296 -28.992214 0.487778 0.061296
6679 1 1 0 1 0.378520 -10.416058 0.111503 -9.908403 0.222062 -0.202909 -9.910721 0.226384 -0.195468 -28.199104 -0.366222 0.427259 -28.809105 0.487778 0.000259
6695 1 1 0 1 0.378520 -9.957064 0.113031 -9.916783 0.208296 -0.200514 -9.913449 0.218244 -0.197739 -28.077030 -0.366222 0.488296 -28.687031 0.487778 0.061296
6710 1 1 0 1 0.378520 -9.530417 0.114451 -9.910200 0.223858 -0.199317 -9.911986 0.220770 -0.198449 -27.832882 -0.305185 0.488296 -28.442881 0.548815 0.061296
6725 1 1 0 1 0.378520 -9.105603 0.115863 -9.915586 0.220865 -0.216077 -9.913607 0.220813 -0.206382 -27.710808 -0.366222 0.427259 -28.320808 0.487778 0.000259
6741 1 1 0 1 0.378520 -8.657351 0.117353 -9.927558 0.222062 -0.217274 -9.919886 0.221375 -0.211283 -27.405622 -0.366222 0.427259 -28.015623 0.487778 0.000259
6756 1 1 0 1 0.378520 -8.238946 0.118742 -9.928756 0.196923 -0.217274 -9.923877 0.210372 -0.213979 -27.283548 -0.366222 0.427259 -27.893547 0.487778 0.000259
6772 1 1 0 1 0.378520 -7.797530 0.120208 -9.915586 0.200514 -0.244209 -9.920147 0.205936 -0.227582 -26.978363 -0.366222 0.488296 -27.588364 0.487778 0.061296
6787 1 1 0 1 0.378520 -7.387366 0.121568 -9.914988 0.185551 -0.236427 -9.917826 0.196763 -0.231563 -26.734215 -0.366222 0.488296 -27.344215 0.487778 0.061296
6802 1 1 0 1 0.378520 -6.979947 0.122920 -9.915586 0.193332 -0.241814 -9.916818 0.195219 -0.236176 -26.551105 -0.366222 0.488296 -27.161104 0.487778 0.061296
6818 1 1 0 1 0.378520 -6.549273 0.124347 -9.922769 0.195726 -0.231040 -9.919497 0.195447 -0.233865 -26.306955 -0.366222 0.488296 -26.916956 0.487778 0.061296
6833 1 1 0 1 0.378520 -6.148263 0.125676 -9.910200 0.180164 -0.237625 -9.915313 0.188570 -0.235557 -26.123846 -0.366222 0.427259 -26.733847 0.487778 0.000259
6848 1 1 0 1 0.378520 -5.750916 0.126992 -9.918579 0.184354 -0.238223 -9.916783 0.186672 -0.236757 -25.879698 -0.427259 0.488296 -26.489697 0.426741 0.061296
6864 1 1 0 1 0.378520 -5.330984 0.128382 -9.928756 0.183755 -0.255581 -9.922171 0.185360 -0.245228 -25.635548 -0.427259 0.427259 -26.245548 0.426741 0.000259
6879 1 1 0 1 0.378520 -4.940960 0.129673 -9.917981 0.178967 -0.222661 -9.920285 0.182483 -0.235073 -25.391401 -0.427259 0.488296 -26.001402 0.426741 0.061296
6894 1 1 0 1 0.378520 -4.554599 0.130952 -9.919777 0.179565 -0.210690 -9.920057 0.181170 -0.224100 -25.147253 -0.427259 0.427259 -25.757252 0.426741 0.000259
6910 1 1 0 1 0.378520 -4.145411 0.132305 -9.919178 0.177171 -0.212485 -9.919662 0.179370 -0.218874 -24.964142 -0.427259 0.427259 -25.574142 0.426741 0.000259
6925 1 1 0 1 0.378520 -3.764543 0.133565 -9.920974 0.177769 -0.190339 -9.920253 0.178650 -0.206033 -24.781031 -0.366222 0.427259 -25.391031 0.487778 0.000259
6940 1 1 0 1 0.378520 -3.387338 0.134812 -9.916185 0.169988 -0.189142 -9.918423 0.174752 -0.198432 -24.536882 -0.366222 0.488296 -25.146881 0.487778 0.061296
6956 1 1 0 1 0.378520 -2.986939 0.136136 -9.916185 0.173580 -0.209493 -9.917416 0.174225 -0.203409 -24.414808 -0.427259 0.488296 -25.024809 0.426741 0.061296
6971 1 1 0 1 0.378520 -2.616142 0.137361 -9.924565 0.168791 -0.204704 -9.920633 0.171780 -0.203992 -24.109623 -0.366222 0.427259 -24.719624 0.487778 0.000259
6986 1 1 0 1 0.378520 -2.248092 0.138577 -9.920974 0.172383 -0.174777 -9.920787 0.172051 -0.190845 -23.926514 -0.427259 0.488296 -24.536512 0.426741 0.061296
7002 1 1 0 1 0.378520 -1.857458 0.139868 -9.922171 0.168791 -0.147842 -9.921410 0.170584 -0.171494 -23.804440 -0.366222 0.488296 -24.414438 0.487778 0.061296
7017 1 1 0 1 0.378520 -1.500395 0.141048 -9.894637 0.070030 -0.778714 -9.909363 0.125335 -0.444743 -23.194069 -0.305185 0.488296 -23.804068 0.548815 0.061296
7032 1 1 1 1 0.378520 -1.157980 0.142179 -9.880871 -0.177171 -0.729633 -9.896542 -0.010793 -0.572943 -22.217476 -0.488296 0.488296 -22.827477 0.365704 0.061296
7048 1 1 1 1 0.378520 -0.799574 0.143363 -9.953296 0.128090 -0.305859 -9.922082 0.051704 -0.452756 -21.790218 -0.549333 0.488296 -22.400217 0.304667 0.061296
7063 1 1 1 1 0.378520 -0.473640 0.144440 -9.954493 0.262764 -0.226252 -9.936666 0.146681 -0.350829 -21.118811 -0.610370 0.427259 -21.728809 0.243630 0.000259
7078 1 1 1 1 0.378520 -0.149536 0.145510 -9.839571 -0.017957 -0.247201 -9.892973 0.072594 -0.304197 -20.996735 -0.549333 0.488296 -21.606735 0.304667 0.061296
7094 1 1 1 1 0.378520 0.068240 0.146230 -10.034698 -2.195483 -14.063541 -9.956750 -0.948041 -6.495902 -13.000886 -0.671407 0.549333 -13.610886 0.182593 0.122333
7109 1 1 1 1 0.378520 0.097532 0.146327 -9.904813 -0.697910 -9.555858 -9.933378 -0.835482 -7.872882 -1.342814 -1.159703 0.427259 -1.952814 -0.305703 0.000259
7125 1 1 1 1 0.378520 0.009632 0.146036 -10.141241 -0.499191 -1.036689 -10.026916 -0.684151 -4.796596 6.103702 -0.671407 0.427259 5.493702 0.182593 0.000259
7140 1 1 1 1 0.395924 -0.044392 0.145856 -9.995792 0.508169 3.092710 -10.012911 -0.147607 -1.246408 4.211555 -2.014222 0.244148 3.601555 -1.160222 -0.182852
7155 1 1 1 1 0.369380 -0.044392 0.145846 -9.886856 0.338780 4.116830 -9.956186 0.071267 1.167049 0.915555 0.915555 0.427259 0.305555 1.769555 0.000259
7170 1 1 1 1 0.369380 -0.014184 0.145943 -9.792286 0.116119 -1.273117 -9.882431 0.091450 0.068974 -1.403852 -1.281778 0.488296 -2.013851 -0.427777 0.061296
7185 1 1 1 1 0.369380 -0.014184 0.145943 -10.155007 -0.365714 -0.875679 -10.005091 -0.114274 -0.356120 0.427259 -1.037629 0.610370 -0.182741 -0.183629 0.183370
7201 1 1 1 1 0.369380 -0.024932 0.145909 -9.986814 -0.128090 -0.868497 -9.996866 -0.120491 -0.586689 1.281778 -0.854518 0.366222 0.671777 -0.000518 -0.060778
7216 1 1 1 1 0.369380 -0.045080 0.145844 -9.660604 0.004190 0.102951 -9.845549 -0.064385 -0.276351 1.953185 -1.159703 0.427259 1.343185 -0.305703 0.000259
7231 1 1 1 1 0.369380 -0.045080 0.145844 -10.012552 0.172981 1.669956 -9.920701 0.042430 0.599487 0.793481 -0.854518 0.549333 0.183481 -0.000518 0.122333
7246 1 1 1 1 0.369380 -0.045080 0.145844 -9.911397 0.296881 0.335787 -9.916514 0.156933 0.480822 0.244148 -0.915555 0.305185 -0.365852 -0.061555 -0.121815
7261 1 1 1 1 0.369380 -0.045080 0.145844 -9.897032 -0.034117 -0.280720 -9.907746 0.070960 0.138128 0.061037 -0.854518 0.488296 -0.548963 -0.000518 0.061296
7276 1 1 1 1 0.369380 -0.045080 0.145844 -9.917382 -0.010774 -0.679355 -9.912083 0.034180 -0.229739 0.549333 -0.854518 0.427259 -0.060667 -0.000518 0.000259
7291 1 1 1 1 0.369380 -0.055157 0.145811 -9.929353 -0.038307 -0.569221 -9.919854 0.001561 -0.382506 1.281778 -0.854518 0.427259 0.671777 -0.000518 0.000259
7306 1 1 1 1 0.369380 -0.055157 0.145811 -9.904214 0.090980 1.634043 -9.912817 0.041799 0.524941 0.610370 -0.976592 0.366222 0.000370 -0.122592 -0.060778
7321 1 1 1 1 0.369380 -0.055157 0.145811 -9.972448 0.318429 0.180164 -9.939651 0.166283 0.369791 0.610370 -0.854518 0.366222 0.000370 -0.000518 -0.060778
7336 1 1 1 1 0.369380 -0.055157 0.145811 -9.832388 -0.092177 -0.054468 -9.891383 0.049976 0.178874 0.305185 -0.976592 0.488296 -0.304815 -0.122592 0.061296
7351 1 1 1 1 0.369380 -0.055157 0.145811 -9.952697 -0.017957 -0.321422 -9.918975 0.019406 -0.046259 0.305185 -0.793481 0.427259 -0.304815 0.060519 0.000259
7367 1 1 1 1 0.369380 -0.055157 0.145811 -9.919178 0.056264 -0.368109 -9.919065 0.035992 -0.191091 0.488296 -0.854518 0.427259 -0.121704 -0.000518 0.000259
7382 1 1 1 1 0.369380 -0.055157 0.145811 -9.924565 0.038906 -0.263362 -9.921540 0.037303 -0.223613 0.976592 -0.854518 0.427259 0.366592 -0.000518 0.000259
7397 1 1 1 1 0.369380 -0.055157 0.145811 -9.920376 0.015562 -0.037709 -9.921016 0.027520 -0.139956 1.159703 -0.915555 0.488296 0.549703 -0.061555 0.061296
7412 1 1 1 1 0.369380 -0.055157 0.145811 -9.914988 0.087987 0.847547 -9.918303 0.054730 0.304420 0.671407 -0.793481 0.427259 0.061407 0.060519 0.000259
7427 1 1 1 1 0.369380 -0.055157 0.145811 -9.909601 0.159214 -0.039504 -9.914388 0.101748 0.149654 0.488296 -0.854518 0.427259 -0.121704 -0.000518 0.000259
7442 1 1 1 1 0.369380 -0.055157 0.145811 -9.955091 0.039504 -0.164003 -9.932705 0.073738 0.008509 0.488296 -0.915555 0.488296 -0.121704 -0.061555 0.061296
7457 1 1 1 1 0.369380 -0.055157 0.145811 -9.920376 0.028132 -0.092177 -9.927156 0.053215 -0.036800 0.671407 -0.793481 0.427259 0.061407 0.060519 0.000259
7472 1 1 1 1 0.369380 -0.055157 0.145811 -9.922769 0.065242 -0.047285 -9.925183 0.058627 -0.041518 0.732444 -0.915555 0.488296 0.122444 -0.061555 0.061296
7487 1 1 1 1 0.369380 -0.055157 0.145811 -9.933543 0.077213 0.145448 -9.928945 0.066991 0.042616 0.671407 -0.854518 0.427259 0.061407 -0.000518 0.000259
7501 1 1 1 1 0.369380 -0.055157 0.145811 -9.917382 0.071826 0.049081 -9.923741 0.069167 0.045526 0.610370 -0.915555 0.427259 0.000370 -0.061555 0.000259
7516 1 1 0 1 0.369380 -0.055157 0.145811 -9.920974 0.053271 -0.031125 -9.922497 0.062014 0.011033 0.610370 -0.854518 0.427259 0.000370 -0.000518 0.000259
7531 1 1 0 1 0.369380 -0.055157 0.145811 -9.918579 0.053271 -0.025738 -9.920733 0.058079 -0.005514 0.671407 -0.854518 0.488296 0.061407 -0.000518 0.061296
7546 1 1 0 1 0.369380 -0.055157 0.145811 -9.909601 0.073622 0.055067 -9.915724 0.065073 0.021747 0.610370 -0.854518 0.427259 0.000370 -0.000518 0.000259
7561 1 1 0 1 0.369380 -0.055157 0.145811 -9.913193 0.074819 0.058658 -9.914585 0.069459 0.038357 0.610370 -0.854518 0.427259 0.000370 -0.000518 0.000259
7576 1 1 0 1 0.369380 -0.055157 0.145811 -9.932945 0.056862 -0.035314 -9.922847 0.063790 0.005205 0.610370 -0.854518 0.427259 0.000370 -0.000518 0.000259
7591 1 1 0 1 0.369380 -0.055157 0.145811 -9.931149 0.064045 -0.017358 -9.926583 0.063905 -0.004948 0.610370 -0.854518 0.427259 0.000370 -0.000518 0.000259
7606 1 1 0 1 0.369380 -0.055157 0.145811 -9.926959 0.057461 -0.025738 -9.926752 0.061005 -0.014304 0.549333 -0.854518 0.488296 -0.060667 -0.000518 0.061296
7621 1 1 0 1 0.369380 -0.055157 0.145811 -9.919777 0.055067 -0.023343 -9.923614 0.058333 -0.018372 0.610370 -0.854518 0.427259 0.000370 -0.000518 0.000259
7636 1 1 0 1 0.369380 -0.055157 0.145811 -9.921573 0.058059 0.006584 -9.922695 0.058210 -0.007142 0.671407 -0.915555 0.427259 0.061407 -0.061555 0.000259
7651 1 1 0 1 0.369380 -0.055157 0.145811 -9.919777 0.059855 0.017358 -9.921382 0.058950 0.003883 0.610370 -0.915555 0.427259 0.000370 -0.061555 0.000259
7666 1 1 0 1 0.369380 -0.055157 0.145811 -9.920376 0.062249 0.007781 -9.920929 0.060435 0.005637 0.610370 -0.854518 0.427259 0.000370 -0.000518 0.000259
7681 1 1 0 1 0.369380 -0.055157 0.145811 -9.924565 0.059855 -0.004190 -9.922565 0.060174 0.001215 0.610370 -0.854518 0.427259 0.000370 -0.000518 0.000259
7696 1 1 0 1 0.369380 -0.055157 0.145811 -9.928157 0.068833 0.023942 -9.925081 0.064071 0.011442 0.610370 -0.854518 0.427259 0.000370 -0.000518 0.000259
7711 1 1 0 1 0.369380 -0.055157 0.145811 -9.929952 0.058059 0.038307 -9.927274 0.061366 0.023531 0.610370 -0.915555 0.427259 0.000370 -0.061555 0.000259
7725 1 1 0 1 0.369380 -0.055157 0.145811 -9.916783 0.050877 -0.029329 -9.922553 0.056646 -0.000256 0.610370 -0.854518 0.488296 0.000370 -0.000518 0.061296
7740 1 1 0 1 0.369380 -0.055157 0.145811 -9.923966 0.049680 -0.015562 -9.923190 0.053511 -0.007144 0.610370 -0.854518 0.427259 0.000370 -0.000518 0.000259
7756 1 1 0 1 0.369380 -0.055157 0.145811 -9.929952 0.064643 0.012570 -9.926233 0.058521 0.001727 0.671407 -0.854518 0.427259 0.061407 -0.000518 0.000259
7770 1 1 0 1 0.369380 -0.055157 0.145811 -9.926361 0.055067 0.029928 -9.926291 0.056966 0.014417 0.610370 -0.915555 0.427259 0.000370 -0.061555 0.000259
7785 1 1 0 1 0.369380 -0.055157 0.145811 -9.928756 0.063446 0.026336 -9.927399 0.059882 0.019781 0.610370 -0.915555 0.427259 0.000370 -0.061555 0.000259
7800 1 1 0 1 0.369380 -0.055157 0.145811 -9.926959 0.069432 -0.037110 -9.927200 0.064180 -0.005820 0.610370 -0.854518 0.427259 0.000370 -0.000518 0.000259
7815 1 1 0 1 0.369380 -0.055157 0.145811 -9.922171 0.059256 0.008978 -9.924937 0.061964 0.000839 0.610370 -0.854518 0.427259 0.000370 -0.000518 0.000259
7830 1 1 0 1 0.369380 -0.055157 0.145811 -9.912594 0.070030 0.020351 -9.919383 0.065594 0.009619 0.610370 -0.854518 0.427259 0.000370 -0.000518 0.000259
7845 1 1 0 1 0.369380 -0.055157 0.145811 -9.911996 0.063446 0.001197 -9.916059 0.064628 0.005829 0.610370 -0.854518 0.427259 0.000370 -0.000518 0.000259
7860 1 1 0 1 0.369380 -0.055157 0.145811 -9.918579 0.064045 -0.017957 -9.917192 0.064365 -0.004874 0.610370 -0.915555 0.427259 0.000370 -0.061555 0.000259
7875 1 1 0 1 0.369380 -0.055157 0.145811 -9.923368 0.055067 0.000599 -9.919972 0.060181 -0.002412 0.610370 -0.854518 0.488296 0.000370 -0.000518 0.061296
7890 1 1 0 1 0.369380 -0.055157 0.145811 -9.923966 0.053271 -0.004788 -9.921769 0.057071 -0.003481 0.610370 -0.854518 0.427259 0.000370 -0.000518 0.000259
7905 1 1 0 1 0.369380 -0.055157 0.145811 -9.919777 0.059855 0.004788 -9.920873 0.058324 0.000240 0.610370 -0.854518 0.427259 0.000370 -0.000518 0.000259
7920 1 1 0 1 0.369380 -0.055157 0.145811 -9.917382 0.066439 0.031125 -9.919302 0.061976 0.014138 0.610370 -0.793481 0.427259 0.000370 0.060519 0.000259
7934 1 1 0 1 0.369380 -0.055157 0.145811 -9.909601 0.062848 0.028730 -9.914937 0.062368 0.020705 0.610370 -0.854518 0.427259 0.000370 -0.000518 0.000259
7949 1 1 0 1 0.369380 -0.055157 0.145811 -9.931149 0.049680 -0.044891 -9.922233 0.056658 -0.008813 0.610370 -0.915555 0.427259 0.000370 -0.061555 0.000259
7964 1 1 0 1 0.369380 -0.055157 0.145811 -9.916783 0.055665 -0.004190 -9.919781 0.056211 -0.006733 0.671407 -0.915555 0.427259 0.061407 -0.061555 0.000259
7979 1 1 0 1 0.369380 -0.055157 0.145811 -9.918579 0.062249 0.012570 -9.919241 0.058928 0.001953 0.671407 -0.915555 0.427259 0.061407 -0.061555 0.000259
7994 1 1 0 1 0.369380 -0.055157 0.145811 -9.925762 0.054468 0.005986 -9.922175 0.056921 0.003768 0.671407 -0.854518 0.427259 0.061407 -0.000518 0.000259
8009 1 1 0 1 0.369380 -0.055157 0.145811 -9.916783 0.059256 -0.001197 -9.919749 0.057972 0.001534 0.610370 -0.915555 0.366222 0.000370 -0.061555 -0.060778
8024 1 1 0 1 0.369380 -0.055157 0.145811 -9.918579 0.056862 -0.006584 -9.919223 0.057473 -0.002119 0.610370 -0.915555 0.427259 0.000370 -0.061555 0.000259
8039 1 1 0 1 0.369380 -0.055157 0.145811 -9.920376 0.061052 0.014365 -9.919742 0.059083 0.005299 0.671407 -0.915555 0.366222 0.061407 -0.061555 -0.060778
8054 1 1 0 1 0.369380 -0.055157 0.145811 -9.923368 0.064643 -0.008380 -9.921373 0.061585 -0.000857 0.610370 -0.854518 0.427259 0.000370 -0.000518 0.000259
8069 1 1 0 1 0.369380 -0.055157 0.145811 -9.926361 0.064643 0.004190 -9.923618 0.062962 0.001414 0.671407 -0.915555 0.427259 0.061407 -0.061555 0.000259
8084 1 1 0 1 0.369380 -0.055157 0.145811 -9.929952 0.061651 -0.002993 -9.926468 0.062372 -0.000569 0.549333 -0.915555 0.427259 -0.060667 -0.061555 0.000259
8099 1 1 0 1 0.369380 -0.055157 0.145811 -9.919777 0.056862 -0.000599 -9.923457 0.059892 -0.000582 0.610370 -0.915555 0.427259 0.000370 -0.061555 0.000259
8114 1 1 0 1 0.369380 -0.055157 0.145811 -9.914391 0.055067 0.015562 -9.919376 0.057721 0.006683 0.610370 -0.915555 0.427259 0.000370 -0.061555 0.000259
8129 1 1 0 1 0.369380 -0.055157 0.145811 -9.932346 0.060454 0.011971 -9.925214 0.058951 0.009063 0.610370 -0.854518 0.427259 0.000370 -0.000518 0.000259
8144 1 1 0 1 0.369380 -0.055157 0.145811 -9.911397 0.061052 0.001796 -9.918997 0.059896 0.005792 0.671407 -0.854518 0.427259 0.061407 -0.000518 0.000259
8159 1 1 0 1 0.369380 -0.055157 0.145811 -9.927558 0.058658 -0.013767 -9.922849 0.059339 -0.003009 0.610370 -0.854518 0.427259 0.000370 -0.000518 0.000259
8174 1 1 0 1 0.369380 -0.055157 0.145811 -9.929952 0.060454 0.004788 -9.926045 0.059841 0.000500 0.610370 -0.915555 0.427259 0.000370 -0.061555 0.000259
8189 1 1 0 1 0.369380 -0.055157 0.145811 -9.928157 0.061052 0.024541 -9.926995 0.060386 0.011318 0.610370 -0.915555 0.427259 0.000370 -0.061555 0.000259
8203 1 1 0 1 0.369380 -0.055157 0.145811 -9.917382 0.073622 0.011971 -9.922669 0.066342 0.011612 0.671407 -0.854518 0.427259 0.061407 -0.000518 0.000259
8218 1 1 0 1 0.369380 -0.055157 0.145811 -9.906609 0.060454 -0.002993 -9.915442 0.063692 0.005040 0.610370 -0.854518 0.366222 0.000370 -0.000518 -0.060778
8233 1 1 0 1 0.369380 -0.055157 0.145811 -9.916783 0.057461 0.001197 -9.916046 0.060888 0.003311 0.610370 -0.854518 0.366222 0.000370 -0.000518 -0.060778
8248 1 1 0 1 0.369380 -0.055157 0.145811 -9.924565 0.056264 0.005986 -9.919879 0.058807 0.004514 0.610370 -0.854518 0.366222 0.000370 -0.000518 -0.060778
8263 1 1 0 1 0.369380 -0.055157 0.145811 -9.913792 0.053271 0.000599 -9.917140 0.056316 0.002752 0.610370 -0.915555 0.427259 0.000370 -0.061555 0.000259
8278 1 1 0 1 0.369380 -0.055157 0.145811 -9.919777 0.059855 -0.005387 -9.918326 0.057909 -0.000910 0.610370 -0.854518 0.427259 0.000370 -0.000518 0.000259
8293 1 1 0 1 0.369380 -0.055157 0.145811 -9.929353 0.066439 0.002394 -9.923288 0.061747 0.000577 0.610370 -0.793481 0.427259 0.000370 0.060519 0.000259
8308 1 1 0 1 0.369380 -0.055157 0.145811 -9.928756 0.068833 -0.007781 -9.925749 0.064936 -0.003184 0.671407 -0.854518 0.427259 0.061407 -0.000518 0.000259
8323 1 1 0 1 0.369380 -0.055157 0.145811 -9.924565 0.062848 -0.005387 -9.925217 0.063996 -0.004176 0.671407 -0.854518 0.427259 0.061407 -0.000518 0.000259
8338 1 1 0 1 0.369380 -0.055157 0.145811 -9.921573 0.062848 0.002993 -9.923576 0.063479 -0.000950 0.610370 -0.854518 0.427259 0.000370 -0.000518 0.000259
8353 1 1 0 1 0.369380 -0.055157 0.145811 -9.927558 0.046687 0.012570 -9.925368 0.055923 0.005134 0.610370 -0.854518 0.427259 0.000370 -0.000518 0.000259
8368 0 1 0 1 0.369380 -0.055157 0.145811 -9.912594 0.059256 0.004190 -9.919620 0.057423 0.004709 0.610370 -0.915555 0.427259 0.000370 -0.061555 0.000259
8383 1 1 0 1 0.369380 -0.055157 0.145811 -9.922769 0.052074 0.002993 -9.921038 0.055016 0.003937 0.610370 -0.854518 0.427259 0.000370 -0.000518 0.000259
8398 1 1 0 1 0.369380 -0.055157 0.145811 -9.921573 0.066439 -0.000599 -9.921278 0.060156 0.001896 0.610370 -0.854518 0.427259 0.000370 -0.000518 0.000259
8413 1 1 0 1 0.369380 -0.055157 0.145811 -9.920376 0.058059 0.009577 -9.920872 0.059213 0.005352 0.610370 -0.854518 0.427259 0.000370 -0.000518 0.000259
8427 1 1 0 1 0.369380 -0.055157 0.145811 -9.918579 0.050877 0.009577 -9.919840 0.055462 0.007253 0.610370 -0.854518 0.427259 0.000370 -0.000518 0.000259
8442 1 1 0 1 0.369380 -0.055157 0.145811 -9.916783 0.064643 0.004190 -9.918466 0.059593 0.005875 0.671407 -0.915555 0.427259 0.061407 -0.061555 0.000259
8457 1 1 0 1 0.369380 -0.055157 0.145811 -9.930551 0.057461 0.003591 -9.923903 0.058634 0.004847 0.610370 -0.854518 0.427259 0.000370 -0.000518 0.000259
8472 1 1 0 1 0.369380 -0.055157 0.145811 -9.920376 0.052672 0.006584 -9.922316 0.055951 0.005629 0.610370 -0.854518 0.427259 0.000370 -0.000518 0.000259
8487 1 1 0 1 0.369380 -0.055157 0.145811 -9.915586 0.052672 0.010774 -9.919288 0.054476 0.007944 0.549333 -0.793481 0.427259 -0.060667 0.060519 0.000259
8502 1 1 0 1 0.369380 -0.055157 0.145811 -9.919777 0.052074 0.016161 -9.919508 0.053395 0.011642 0.610370 -0.854518 0.427259 0.000370 -0.000518 0.000259
8517 1 1 0 1 0.369380 -0.055157 0.145811 -9.932346 0.060454 0.007781 -9.925284 0.056571 0.009904 0.610370 -0.854518 0.427259 0.000370 -0.000518 0.000259
8531 1 1 0 1 0.369380 -0.055157 0.145811 -9.926959 0.061052 0.004788 -9.926039 0.058588 0.007602 0.610370 -0.854518 0.427259 0.000370 -0.000518 0.000259
8546 1 1 0 1 0.369380 -0.055157 0.145811 -9.922171 0.064045 0.001796 -9.924298 0.061043 0.004989 0.610370 -0.854518 0.427259 0.000370 -0.000518 0.000259
8561 1 1 0 1 0.369380 -0.055157 0.145811 -9.920974 0.058658 0.003591 -9.922802 0.059970 0.004360 0.610370 -0.915555 0.366222 0.000370 -0.061555 -0.060778
8576 1 1 0 1 0.369380 -0.055157 0.145811 -9.918579 0.055067 0.009577 -9.920902 0.057763 0.006708 0.610370 -0.915555 0.427259 0.000370 -0.061555 0.000259
8591 1 1 0 1 0.369380 -0.055157 0.145811 -9.921573 0.054468 0.010175 -9.921204 0.056281 0.008268 0.549333 -0.854518 0.427259 -0.060667 -0.000518 0.000259
8606 1 1 0 1 0.369380 -0.055157 0.145811 -9.919777 0.059256 0.005986 -9.920561 0.057620 0.007241 0.610370 -0.854518 0.427259 0.000370 -0.000518 0.000259
8621 1 1 0 1 0.369380 -0.055157 0.145811 -9.926361 0.049680 -0.007183 -9.923171 0.054047 0.000750 0.610370 -0.854518 0.427259 0.000370 -0.000518 0.000259
8636 1 1 0 1 0.369380 -0.055157 0.145811 -9.917981 0.052672 0.001197 -9.920835 0.053428 0.000951 0.671407 -0.915555 0.427259 0.061407 -0.061555 0.000259
8651 1 1 0 1 0.369380 -0.055157 0.145811 -9.924565 0.058658 0.005387 -9.922514 0.055782 0.002947 0.610370 -0.854518 0.427259 0.000370 -0.000518 0.000259
8665 1 1 0 1 0.369380 -0.055157 0.145811 -9.921573 0.059855 0.013168 -9.922091 0.057615 0.007547 0.610370 -0.854518 0.488296 0.000370 -0.000518 0.061296
8680 1 1 0 1 0.369380 -0.055157 0.145811 -9.908403 0.065242 0.002993 -9.915931 0.061047 0.005497 0.671407 -0.854518 0.427259 0.061407 -0.000518 0.000259
8695 1 1 0 1 0.369380 -0.055157 0.145811 -9.915586 0.062848 -0.006584 -9.915777 0.061857 0.000061 0.610370 -0.915555 0.427259 0.000370 -0.061555 0.000259
8710 1 1 0 1 0.369380 -0.055157 0.145811 -9.926959 0.051475 0.005387 -9.920809 0.057185 0.002458 0.610370 -0.793481 0.427259 0.000370 0.060519 0.000259
8725 1 1 0 1 0.369380 -0.055157 0.145811 -9.931747 0.058059 0.004190 -9.925732 0.057579 0.003237 0.610370 -0.854518 0.427259 0.000370 -0.000518 0.000259
8740 1 1 0 1 0.369380 -0.055157 0.145811 -9.908403 0.053870 0.008978 -9.917934 0.055910 0.005821 0.610370 -0.793481 0.427259 0.000370 0.060519 0.000259
8754 1 1 0 1 0.369380 -0.055157 0.145811 -9.919178 0.051475 -0.003591 -9.918493 0.053914 0.001585 0.671407 -0.854518 0.427259 0.061407 -0.000518 0.000259
8769 1 1 0 1 0.369380 -0.055157 0.145811 -9.923966 0.055665 0.017358 -9.920957 0.054702 0.008683 0.610370 -0.854518 0.488296 0.000370 -0.000518 0.061296
8784 1 1 0 1 0.369380 -0.055157 0.145811 -9.934142 0.053870 0.006584 -9.926890 0.054327 0.007738 0.610370 -0.854518 0.427259 0.000370 -0.000518 0.000259
8799 1 1 0 1 0.369380 -0.055157 0.145811 -9.923368 0.058059 -0.002993 -9.925305 0.056007 0.002909 0.610370 -0.854518 0.427259 0.000370 -0.000518 0.000259
8814 1 1 0 1 0.369380 -0.055157 0.145811 -9.925762 0.062249 0.007183 -9.925511 0.058816 0.004832 0.671407 -0.854518 0.427259 0.061407 -0.000518 0.000259
8829 1 1 0 1 0.369380 -0.055157 0.145811 -9.919777 0.067636 0.014365 -9.922931 0.062785 0.009122 0.671407 -0.854518 0.427259 0.061407 -0.000518 0.000259
8844 1 1 0 1 0.369380 -0.055157 0.145811 -9.922171 0.064643 0.008380 -9.922589 0.063621 0.008788 0.610370 -0.854518 0.427259 0.000370 -0.000518 0.000259
8859 1 1 0 1 0.369380 -0.055157 0.145811 -9.911397 0.065242 -0.004190 -9.917553 0.064351 0.002948 0.610370 -0.854518 0.427259 0.000370 -0.000518 0.000259
8874 1 1 0 1 0.369380 -0.055157 0.145811 -9.922769 0.054468 0.008380 -9.919901 0.059903 0.005392 0.610370 -0.915555 0.366222 0.000370 -0.061555 -0.060778
8888 1 1 0 1 0.369380 -0.055157 0.145811 -9.920974 0.050278 0.000599 -9.920383 0.055572 0.003235 0.610370 -0.854518 0.427259 0.000370 -0.000518 0.000259
8903 1 1 0 1 0.369380 -0.055157 0.145811 -9.931149 0.053271 -0.000599 -9.925228 0.054537 0.001510 0.671407 -0.854518 0.427259 0.061407 -0.000518 0.000259
8918 1 1 0 1 0.369380 -0.055157 0.145811 -9.926959 0.057461 0.000599 -9.926007 0.055853 0.001100 0.671407 -0.854518 0.488296 0.061407 -0.000518 0.061296
8933 1 1 0 1 0.369380 -0.055157 0.145811 -9.912594 0.055665 -0.000599 -9.919972 0.055768 0.000336 0.610370 -0.854518 0.427259 0.000370 -0.000518 0.000259
8948 1 1 0 1 0.369380 -0.055157 0.145811 -9.922171 0.070030 0.003591 -9.920961 0.062186 0.001801 0.671407 -0.854518 0.427259 0.061407 -0.000518 0.000259
8963 1 1 0 1 0.369380 -0.055157 0.145811 -9.918579 0.063446 0.008978 -9.919890 0.062753 0.005031 0.671407 -0.854518 0.488296 0.061407 -0.000518 0.061296
8978 1 1 0 1 0.369380 -0.055157 0.145811 -9.922171 0.069432 0.009577 -9.920917 0.065759 0.007076 0.671407 -0.915555 0.427259 0.061407 -0.061555 0.000259
8993 1 1 0 1 0.369380 -0.055157 0.145811 -9.922171 0.055067 -0.000599 -9.921481 0.060947 0.003623 0.610370 -0.793481 0.427259 0.000370 0.060519 0.000259
9007 1 1 0 1 0.369380 -0.055157 0.145811 -9.925163 0.066439 0.007781 -9.923139 0.063419 0.005494 0.671407 -0.915555 0.427259 0.061407 -0.061555 0.000259
9022 1 1 0 1 0.369380 -0.055157 0.145811 -9.909002 0.065841 0.005986 -9.916778 0.064508 0.005715 0.610370 -0.854518 0.427259 0.000370 -0.000518 0.000259
9037 1 1 0 1 0.369380 -0.055157 0.145811 -9.909601 0.052074 0.004788 -9.913548 0.058913 0.005298 0.610370 -0.915555 0.427259 0.000370 -0.061555 0.000259
9052 1 1 0 1 0.369380 -0.055157 0.145811 -9.913193 0.062249 0.008380 -9.913388 0.060414 0.006685 0.610370 -0.854518 0.427259 0.000370 -0.000518 0.000259
9067 1 1 0 1 0.369380 -0.055157 0.145811 -9.918579 0.056264 0.001796 -9.915724 0.058547 0.004485 0.610370 -0.793481 0.427259 0.000370 0.060519 0.000259
9082 1 1 0 1 0.369380 -0.055157 0.145811 -9.911996 0.055067 0.000000 -9.914046 0.056981 0.002467 0.610370 -0.854518 0.427259 0.000370 -0.000518 0.000259
9096 1 1 0 1 0.369380 -0.055157 0.145811 -9.919777 0.056862 0.017358 -9.916625 0.056927 0.009168 0.610370 -0.915555 0.427259 0.000370 -0.061555 0.000259
9111 0 1 0 1 0.369380 -0.055157 0.145811 -9.913193 0.054468 0.004788 -9.915081 0.055821 0.007197 0.610370 -0.854518 0.366222 0.000370 -0.000518 -0.060778
9126 1 1 0 1 0.369380 -0.055157 0.145811 -9.919777 0.059256 0.010774 -9.917193 0.057367 0.008807 0.610370 -0.854518 0.427259 0.000370 -0.000518 0.000259
9141 1 1 0 1 0.369380 -0.055157 0.145811 -9.920376 0.048483 -0.000599 -9.918626 0.053369 0.004574 0.610370 -0.854518 0.427259 0.000370 -0.000518 0.000259
9156 1 1 0 1 0.369380 -0.055157 0.145811 -9.913193 0.058059 0.004190 -9.916182 0.055480 0.004401 0.610370 -0.854518 0.366222 0.000370 -0.000518 -0.060778
9171 1 1 0 1 0.369380 -0.055157 0.145811 -9.919178 0.070030 -0.004190 -9.917530 0.062027 0.000535 0.610370 -0.854518 0.427259 0.000370 -0.000518 0.000259
9186 1 1 0 1 0.369380 -0.055157 0.145811 -9.926361 0.069432 0.001197 -9.921503 0.065359 0.000833 0.610370 -0.854518 0.427259 0.000370 -0.000518 0.000259
9201 1 1 0 1 0.369380 -0.055157 0.145811 -9.918579 0.049680 0.004190 -9.920188 0.058304 0.002344 0.671407 -0.854518 0.427259 0.061407 -0.000518 0.000259
9216 1 1 0 1 0.369380 -0.055157 0.145811 -9.929952 0.047884 0.000000 -9.924582 0.053615 0.001289 0.671407 -0.854518 0.427259 0.061407 -0.000518 0.000259
9231 1 1 0 1 0.369380 -0.055157 0.145811 -9.914391 0.050877 -0.003591 -9.919995 0.052383 -0.000907 0.610370 -0.854518 0.366222 0.000370 -0.000518 -0.060778
9246 1 1 0 1 0.369380 -0.055157 0.145811 -9.909002 0.058658 0.004788 -9.915049 0.055207 0.001656 0.549333 -0.854518 0.427259 -0.060667 -0.000518 0.000259
9261 1 1 0 1 0.369380 -0.055157 0.145811 -9.929353 0.060454 0.002993 -9.921486 0.057568 0.002257 0.610370 -0.915555 0.427259 0.000370 -0.061555 0.000259
9276 1 1 0 1 0.369380 -0.055157 0.145811 -9.926361 0.059256 0.006584 -9.923680 0.058328 0.004204 0.671407 -0.854518 0.427259 0.061407 -0.000518 0.000259
9290 1 1 0 1 0.369380 -0.055157 0.145811 -9.911397 0.061651 0.003591 -9.918153 0.059823 0.003929 0.610370 -0.854518 0.427259 0.000370 -0.000518 0.000259
9305 1 1 0 1 0.369380 -0.055157 0.145811 -9.919178 0.050877 0.002993 -9.918614 0.055797 0.003507 0.610370 -0.854518 0.366222 0.000370 -0.000518 -0.060778
9320 1 1 0 1 0.369380 -0.055157 0.145811 -9.906609 0.059855 0.007781 -9.913212 0.057623 0.005431 0.610370 -0.915555 0.427259 0.000370 -0.061555 0.000259
9335 1 1 0 1 0.369380 -0.055157 0.145811 -9.917981 0.058059 0.007183 -9.915358 0.057820 0.006219 0.610370 -0.915555 0.427259 0.000370 -0.061555 0.000259
9350 1 1 0 1 0.369380 -0.055157 0.145811 -9.923966 0.060454 0.007183 -9.919232 0.059005 0.006653 0.671407 -0.854518 0.427259 0.061407 -0.000518 0.000259
9365 1 1 0 1 0.369380 -0.055157 0.145811 -9.925762 0.065242 0.002993 -9.922171 0.061812 0.005006 0.671407 -0.854518 0.427259 0.061407 -0.000518 0.000259
9380 1 1 0 1 0.369380 -0.055157 0.145811 -9.919777 0.052672 0.004190 -9.921093 0.057699 0.004639 0.671407 -0.854518 0.427259 0.061407 -0.000518 0.000259
9395 1 1 0 1 0.369380 -0.055157 0.145811 -9.922769 0.050877 0.007781 -9.921848 0.054629 0.006053 0.671407 -0.854518 0.488296 0.061407 -0.000518 0.061296
9409 1 1 0 1 0.369380 -0.055157 0.145811 -9.935938 0.063446 0.011971 -9.928188 0.058597 0.008716 0.610370 -0.793481 0.488296 0.000370 0.060519 0.061296
9424 1 1 0 1 0.369380 -0.055157 0.145811 -9.926361 0.065841 0.005986 -9.927365 0.061856 0.007487 0.610370 -0.854518 0.427259 0.000370 -0.000518 0.000259
9439 1 1 0 1 0.369380 -0.055157 0.145811 -9.917981 0.055665 0.007781 -9.923143 0.059070 0.007620 0.671407 -0.915555 0.427259 0.061407 -0.061555 0.000259
9454 1 1 0 1 0.369380 -0.055157 0.145811 -9.917382 0.062848 0.008380 -9.920550 0.060770 0.007962 0.671407 -0.915555 0.427259 0.061407 -0.061555 0.000259
9469 1 1 0 1 0.369380 -0.055157 0.145811 -9.925762 0.066439 0.007781 -9.922896 0.063321 0.007880 0.671407 -0.854518 0.427259 0.061407 -0.000518 0.000259
9484 1 1 0 1 0.369380 -0.055157 0.145811 -9.920376 0.060454 0.003591 -9.921762 0.062031 0.005950 0.671407 -0.854518 0.366222 0.061407 -0.000518 -0.060778
9499 1 1 0 1 0.369380 -0.055157 0.145811 -9.920974 0.054468 0.007781 -9.921407 0.058628 0.006774 0.671407 -0.915555 0.427259 0.061407 -0.061555 0.000259
9513 1 1 0 1 0.369380 -0.055157 0.145811 -9.910200 0.052672 0.002993 -9.916364 0.055948 0.005073 0.671407 -0.854518 0.427259 0.061407 -0.000518 0.000259
9528 1 1 0 1 0.369380 -0.055157 0.145811 -9.927558 0.054468 0.018555 -9.921401 0.055282 0.011140 0.610370 -0.854518 0.427259 0.000370 -0.000518 0.000259
9543 1 1 0 1 0.369380 -0.055157 0.145811 -9.921573 0.073023 0.005387 -9.921478 0.063265 0.008551 0.549333 -0.854518 0.427259 -0.060667 -0.000518 0.000259
9558 1 1 0 1 0.369380 -0.055157 0.145811 -9.928756 0.067038 0.008978 -9.924753 0.064963 0.008743 0.610370 -0.854518 0.427259 0.000370 -0.000518 0.000259
9573 1 1 0 1 0.369380 -0.055157 0.145811 -9.918579 0.066439 0.004788 -9.921975 0.065627 0.006964 0.610370 -0.915555 0.427259 0.000370 -0.061555 0.000259
9588 1 1 0 1 0.369380 -0.055157 0.145811 -9.917382 0.068833 0.008380 -9.919909 0.067070 0.007601 0.610370 -0.854518 0.366222 0.000370 -0.000518 -0.060778
9603 1 1 0 1 0.369380 -0.055157 0.145811 -9.914391 0.058658 0.011971 -9.917425 0.063285 0.009567 0.610370 -0.854518 0.427259 0.000370 -0.000518 0.000259
9617 1 1 0 1 0.369380 -0.055157 0.145811 -9.920974 0.060454 0.004788 -9.919022 0.062011 0.007417 0.610370 -0.854518 0.427259 0.000370 -0.000518 0.000259
9632 1 1 0 1 0.369380 -0.055157 0.145811 -9.919178 0.067038 -0.002394 -9.919092 0.064273 0.003002 0.610370 -0.854518 0.366222 0.000370 -0.000518 -0.060778
9647 1 1 0 1 0.369380 -0.055157 0.145811 -9.924565 0.056862 0.004190 -9.921556 0.060938 0.003536 0.610370 -0.854518 0.427259 0.000370 -0.000518 0.000259
9662 1 1 0 1 0.369380 -0.055157 0.145811 -9.914391 0.059855 0.002993 -9.918331 0.060451 0.003292 0.610370 -0.854518 0.427259 0.000370 -0.000518 0.000259
9677 1 1 0 1 0.369380 -0.055157 0.145811 -9.917981 0.067038 0.000599 -9.918174 0.063415 0.002080 0.610370 -0.915555 0.427259 0.000370 -0.061555 0.000259
9692 1 1 0 1 0.369380 -0.055157 0.145811 -9.923966 0.050278 0.005986 -9.920781 0.057503 0.003837 0.671407 -0.854518 0.427259 0.061407 -0.000518 0.000259
9707 1 1 0 1 0.369380 -0.055157 0.145811 -9.922769 0.059256 0.007781 -9.921677 0.058292 0.005612 0.610370 -0.854518 0.427259 0.000370 -0.000518 0.000259
9722 1 1 0 1 0.369380 -0.055157 0.145811 -9.918579 0.047884 -0.001197 -9.920282 0.053609 0.002548 0.610370 -0.854518 0.427259 0.000370 -0.000518 0.000259
9737 1 1 0 1 0.369380 -0.055157 0.145811 -9.908403 0.059855 0.007781 -9.914937 0.056419 0.004903 0.610370 -0.854518 0.427259 0.000370 -0.000518 0.000259
